49 50 5 5
7 7
8 12
12 5
4 17
1 4
11 13
6 5
19 18
13 13
7 16
20 15
17 19
3 16
13 2
20 2
4 1
13 14
10 4
20 6
3 19
2 15
5 20
14 10
10 9
4 19
13 17
19 10
4 20
2 11
6 14
1 3
9 6
12 6
1 8
16 3
7 3
13 18
7 4
9 10
18 18
3 15
1 15
17 2
12 17
9 11
13 16
8 3
19 14
7 10
20 18
17 9
3 11
9 20
19 4
10 7
16 4
4 6
5 16
15 20
9 14
14 8
8 8
15 16
5 7
3 7
18 8
9 2
18 19
17 11
15 6
11 6
16 6
8 5
14 4
16 13
4 16
15 17
15 12
12 7
19 15
16 10
4 12
2 16
3 5
20 12
11 20
5 12
15 10
1 10
8 17
3 6
7 19
20 14
1 16
4 2
5 19
10 14
9 18
17 4
