50 48 10 10
7 24
13 2
18 4
25 46
14 50
48 29
41 9
35 37
16 14
22 23
34 38
34 14
16 37
3 34
46 47
7 48
22 1
9 24
3 8
47 33
27 19
10 40
3 22
15 19
28 8
46 18
13 22
25 44
6 17
30 8
21 19
38 21
8 23
32 11
15 37
41 17
44 43
16 27
17 44
5 45
47 13
50 42
5 38
12 38
39 38
36 15
42 44
27 28
43 43
3 29
40 35
45 27
26 32
19 3
45 19
9 13
31 47
28 40
18 27
40 25
39 29
44 39
33 45
22 32
10 49
17 29
26 13
12 40
19 23
10 17
44 4
3 9
8 39
47 4
21 48
46 48
44 7
23 8
21 15
28 45
16 5
44 25
19 39
27 8
3 25
17 8
29 24
22 44
4 22
44 24
40 18
5 34
28 15
27 50
27 41
37 39
38 13
13 34
