1000 10000
294 457 0
61 682 0
189 513 0
481 885 0
353 636 0
335 983 0
385 774 0
401 659 0
274 339 0
748 962 0
399 513 0
342 369 0
62 256 0
1 681 0
281 466 0
181 358 0
192 739 0
290 920 0
82 960 0
255 777 0
454 1007 0
511 819 0
98 444 0
316 521 0
73 959 0
72 884 0
697 857 0
518 821 0
800 979 0
233 770 0
824 941 0
458 972 0
426 748 0
164 539 0
539 795 0
814 816 0
349 846 0
516 926 0
45 296 0
427 984 0
175 390 0
4 77 0
43 971 0
233 917 0
71 300 0
145 702 0
11 994 0
374 853 0
27 636 0
460 599 0
136 142 0
447 917 0
1 911 0
569 624 0
43 795 0
885 945 0
646 667 0
341 448 0
623 695 0
636 855 0
570 1013 0
65 856 0
115 340 0
1 474 0
314 869 0
442 1010 0
583 635 0
231 305 0
94 779 0
545 907 0
366 662 0
660 669 0
252 1004 0
346 877 0
844 910 0
261 970 0
699 751 0
387 666 0
119 211 0
487 672 0
45 281 0
37 171 0
44 858 0
43 1001 0
213 508 0
232 314 0
337 848 0
19 196 0
747 1009 0
873 970 0
250 668 0
327 1002 0
307 341 0
24 403 0
808 849 0
611 807 0
108 867 0
739 906 0
213 679 0
193 488 0
388 1015 0
48 581 0
169 320 0
956 989 0
308 357 0
38 1021 0
308 677 0
448 702 0
43 216 0
361 529 0
225 606 0
156 633 0
107 330 0
549 933 0
623 808 0
310 470 0
337 443 0
67 649 0
62 526 0
283 500 0
989 995 0
292 700 0
71 557 0
404 623 0
253 343 0
66 921 0
168 197 0
299 736 0
217 805 0
379 443 0
225 369 0
774 794 0
840 945 0
450 554 0
391 801 0
334 840 0
886 927 0
519 643 0
287 870 0
717 1019 0
153 841 0
90 219 0
102 226 0
278 825 0
361 785 0
34 738 0
213 237 0
281 343 0
24 910 0
164 867 0
645 936 0
114 252 0
149 843 0
152 989 0
151 419 0
59 755 0
328 380 0
134 574 0
363 601 0
6 88 0
208 637 0
526 598 0
348 724 0
445 1022 0
489 960 0
65 881 0
641 655 0
666 944 0
366 998 0
410 942 0
9 734 0
331 920 0
192 597 0
155 243 0
257 978 0
324 1017 0
390 636 0
443 632 0
544 1010 0
48 729 0
72 768 0
722 940 0
350 376 0
128 747 0
418 539 0
139 567 0
664 726 0
760 968 0
863 958 0
374 931 0
192 317 0
6 71 0
290 495 0
385 567 0
257 974 0
500 679 0
322 633 0
54 989 0
175 440 0
293 801 0
565 1011 0
112 295 0
216 980 0
378 804 0
842 894 0
483 610 0
27 60 0
15 758 0
318 524 0
309 657 0
275 441 0
335 1019 0
33 635 0
534 719 0
223 485 0
78 810 0
375 485 0
607 998 0
153 795 0
634 682 0
816 1011 0
15 571 0
233 587 0
358 424 0
9 733 0
273 568 0
377 628 0
230 512 0
829 988 0
287 492 0
334 982 0
793 879 0
20 861 0
139 842 0
633 964 0
255 689 0
81 295 0
256 626 0
745 865 0
734 760 0
49 250 0
629 959 0
624 862 0
242 737 0
164 712 0
890 954 0
842 1015 0
657 831 0
552 760 0
218 542 0
364 904 0
132 394 0
788 939 0
16 476 0
525 526 0
261 919 0
220 702 0
322 811 0
368 697 0
496 733 0
288 800 0
676 690 0
2 497 0
480 625 0
823 969 0
182 970 0
568 908 0
8 615 0
335 417 0
206 480 0
465 629 0
420 627 0
229 599 0
215 960 0
633 721 0
239 524 0
158 786 0
675 771 0
853 1003 0
369 544 0
391 896 0
492 649 0
234 825 0
630 708 0
374 785 0
775 855 0
9 477 0
152 1019 0
197 359 0
211 531 0
211 321 0
559 855 0
306 1016 0
127 223 0
393 857 0
866 1013 0
637 818 0
329 956 0
472 1009 0
292 476 0
366 530 0
573 971 0
564 934 0
154 199 0
510 697 0
57 958 0
296 422 0
186 746 0
477 630 0
90 817 0
831 865 0
85 373 0
270 617 0
378 893 0
295 364 0
212 301 0
111 145 0
92 948 0
563 774 0
459 844 0
822 926 0
178 774 0
868 935 0
104 462 0
547 637 0
614 958 0
27 67 0
791 944 0
132 436 0
219 554 0
446 820 0
234 874 0
694 980 0
495 769 0
421 512 0
442 891 0
493 937 0
446 605 0
24 588 0
605 923 0
496 662 0
170 457 0
32 209 0
152 954 0
435 671 0
378 689 0
805 851 0
532 930 0
428 973 0
205 881 0
159 216 0
70 463 0
68 1000 0
17 22 0
123 1020 0
319 974 0
569 678 0
114 510 0
487 519 0
153 357 0
285 821 0
311 475 0
107 928 0
415 891 0
630 934 0
61 284 0
51 541 0
298 352 0
660 758 0
171 490 0
397 1012 0
513 751 0
422 695 0
602 723 0
223 944 0
123 135 0
712 826 0
783 841 0
600 1022 0
310 444 0
208 608 0
199 897 0
191 669 0
271 748 0
129 321 0
41 193 0
700 987 0
4 75 0
5 719 0
417 559 0
93 805 0
201 793 0
157 814 0
330 655 0
231 281 0
216 468 0
549 823 0
187 482 0
88 310 0
562 1001 0
34 761 0
13 488 0
3 508 0
252 977 0
401 696 0
240 415 0
552 895 0
718 931 0
469 627 0
82 788 0
399 614 0
498 710 0
48 510 0
141 962 0
268 795 0
99 639 0
274 641 0
409 868 0
956 987 0
587 710 0
417 829 0
345 1017 0
713 890 0
485 956 0
896 971 0
496 851 0
740 814 0
239 864 0
37 956 0
361 801 0
870 939 0
576 978 0
680 935 0
251 873 0
41 244 0
790 847 0
361 552 0
373 845 0
13 300 0
266 564 0
151 736 0
37 407 0
249 530 0
370 965 0
321 789 0
215 414 0
76 151 0
119 262 0
55 147 0
299 880 0
795 886 0
212 477 0
148 390 0
826 943 0
54 375 0
753 753 0
435 449 0
794 1022 0
281 555 0
580 913 0
192 999 0
224 366 0
168 247 0
62 72 0
340 722 0
818 964 0
109 533 0
574 980 0
67 907 0
405 666 0
444 588 0
73 130 0
322 547 0
570 789 0
308 878 0
359 864 0
28 70 0
86 410 0
603 648 0
414 656 0
50 639 0
314 827 0
284 355 0
57 261 0
542 797 0
438 614 0
531 628 0
99 829 0
666 876 0
3 53 0
58 795 0
80 681 0
353 906 0
707 762 0
445 605 0
122 603 0
39 258 0
451 732 0
98 745 0
790 918 0
7 895 0
128 449 0
616 805 0
174 442 0
705 896 0
838 898 0
750 760 0
576 743 0
286 975 0
469 985 0
64 211 0
449 579 0
497 525 0
332 800 0
515 836 0
68 193 0
370 545 0
257 536 0
53 433 0
629 702 0
205 945 0
110 311 0
164 263 0
158 402 0
151 723 0
44 449 0
536 546 0
194 935 0
465 739 0
338 950 0
599 672 0
168 992 0
125 252 0
415 803 0
281 527 0
201 876 0
121 864 0
680 906 0
182 623 0
424 683 0
39 830 0
965 1007 0
379 381 0
58 343 0
386 486 0
224 478 0
749 997 0
152 162 0
127 863 0
431 560 0
35 1004 0
378 498 0
229 682 0
32 323 0
54 511 0
118 811 0
258 509 0
283 318 0
634 892 0
695 787 0
485 505 0
172 786 0
187 928 0
182 976 0
343 526 0
274 901 0
87 657 0
265 351 0
399 710 0
214 393 0
757 987 0
44 835 0
53 736 0
64 939 0
84 831 0
48 985 0
340 435 0
833 966 0
230 751 0
286 513 0
139 297 0
295 493 0
157 783 0
329 783 0
548 929 0
94 312 0
481 733 0
6 70 0
246 316 0
545 1020 0
17 549 0
362 590 0
182 944 0
822 1007 0
431 818 0
88 671 0
94 220 0
80 120 0
75 600 0
139 841 0
158 728 0
206 682 0
545 620 0
629 892 0
446 610 0
162 651 0
794 872 0
397 729 0
280 527 0
416 890 0
349 897 0
267 990 0
427 617 0
39 206 0
676 1023 0
60 587 0
67 603 0
911 991 0
26 882 0
254 997 0
585 820 0
704 1010 0
149 336 0
545 980 0
434 543 0
122 734 0
171 658 0
254 449 0
96 907 0
85 362 0
216 605 0
393 968 0
104 741 0
268 354 0
183 891 0
519 650 0
310 341 0
86 523 0
547 677 0
142 915 0
534 809 0
170 918 0
516 921 0
342 916 0
563 657 0
300 884 0
104 715 0
135 844 0
58 379 0
154 385 0
112 560 0
246 999 0
852 951 0
301 465 0
366 917 0
160 492 0
147 445 0
120 221 0
288 865 0
156 937 0
18 152 0
468 517 0
279 476 0
10 136 0
51 856 0
102 812 0
349 864 0
212 882 0
551 774 0
457 859 0
274 771 0
406 716 0
255 509 0
550 968 0
8 880 0
290 800 0
112 635 0
158 533 0
313 389 0
313 852 0
112 271 0
116 407 0
1 696 0
566 823 0
73 246 0
140 452 0
569 863 0
568 591 0
528 985 0
232 269 0
603 765 0
31 74 0
447 460 0
752 983 0
415 905 0
881 987 0
526 574 0
6 480 0
236 597 0
645 702 0
536 660 0
350 1002 0
104 306 0
405 859 0
592 792 0
65 176 0
413 835 0
281 305 0
38 595 0
545 644 0
28 270 0
222 390 0
177 440 0
198 708 0
94 947 0
406 772 0
222 238 0
234 657 0
219 488 0
339 448 0
41 284 0
399 837 0
341 862 0
116 783 0
37 721 0
291 865 0
394 848 0
50 411 0
455 858 0
33 482 0
112 401 0
239 295 0
792 900 0
436 941 0
393 878 0
863 981 0
241 695 0
231 938 0
165 866 0
275 566 0
301 441 0
182 715 0
335 551 0
907 961 0
516 1011 0
157 376 0
212 231 0
312 726 0
316 908 0
232 724 0
186 722 0
279 903 0
734 995 0
313 538 0
869 897 0
351 784 0
738 853 0
436 608 0
441 547 0
791 871 0
67 979 0
452 829 0
294 613 0
219 405 0
489 635 0
340 705 0
92 801 0
569 768 0
706 845 0
232 583 0
62 516 0
140 731 0
710 886 0
372 430 0
158 599 0
533 678 0
450 970 0
59 762 0
134 962 0
419 686 0
75 856 0
631 849 0
95 436 0
24 392 0
220 688 0
18 958 0
62 129 0
87 867 0
487 754 0
493 721 0
37 439 0
585 608 0
295 909 0
261 642 0
448 926 0
29 546 0
229 325 0
759 991 0
872 902 0
484 718 0
6 328 0
456 982 0
124 554 0
607 929 0
129 940 0
51 206 0
552 559 0
36 602 0
517 911 0
396 1013 0
475 839 0
959 996 0
94 985 0
400 806 0
803 874 0
224 711 0
252 394 0
35 50 0
98 545 0
64 470 1
175 205 0
296 962 0
876 957 0
936 952 0
132 639 0
512 721 0
11 839 0
71 147 0
201 341 0
591 730 0
509 669 0
516 981 0
596 727 0
692 828 0
431 905 0
557 559 0
37 206 0
8 812 0
318 323 0
34 411 0
215 892 0
344 589 0
111 203 0
1 251 0
163 752 0
829 987 0
151 430 0
165 986 0
909 919 0
139 299 0
174 516 0
376 667 0
498 726 0
14 302 0
108 931 0
190 997 0
659 993 0
568 901 0
102 488 0
240 704 0
326 480 0
90 788 0
489 637 0
126 556 0
16 954 0
63 624 0
64 418 0
205 1011 0
552 599 0
117 839 0
207 216 0
84 951 0
603 734 0
283 558 0
446 643 0
88 712 0
523 830 0
80 417 0
606 1014 0
516 766 0
84 147 0
115 591 0
589 792 0
282 869 0
62 64 0
929 1012 0
50 834 0
102 1002 0
462 813 0
111 828 0
320 561 0
455 980 0
6 1020 0
647 906 0
210 724 0
661 799 0
182 942 0
472 940 0
115 803 0
488 908 0
441 904 0
81 694 0
672 940 0
803 823 0
7 914 0
530 574 0
206 677 0
428 488 0
196 341 0
139 810 0
825 978 0
119 955 0
119 300 0
54 713 0
194 588 0
168 824 0
94 570 0
757 787 0
748 811 0
33 781 0
193 328 0
145 785 0
116 655 0
519 896 0
47 572 0
228 871 0
137 970 0
378 943 0
301 351 0
93 548 0
332 446 0
24 948 0
249 581 0
392 495 0
20 22 0
194 827 0
570 885 0
395 523 0
25 183 0
585 856 0
375 460 0
106 754 0
349 382 0
625 964 0
89 227 0
527 929 0
438 469 0
364 423 0
433 594 0
651 823 0
618 820 0
19 455 0
642 776 0
86 160 0
356 521 0
23 415 0
515 965 0
117 770 0
7 989 0
685 806 0
311 984 0
268 522 0
690 822 0
881 928 0
137 684 0
126 876 0
559 829 0
121 297 0
22 949 0
158 351 0
542 980 0
532 810 0
591 765 0
339 464 0
129 132 0
315 524 0
375 668 0
91 195 0
130 140 0
239 398 0
484 518 0
636 948 0
35 801 0
459 524 0
66 678 0
267 1007 0
242 849 0
301 412 0
758 905 0
454 992 0
99 500 0
281 301 0
255 954 0
380 881 0
611 882 0
283 620 0
624 753 0
878 916 0
177 184 0
260 868 0
263 534 0
930 997 0
842 1008 0
185 390 0
79 707 0
490 500 0
546 715 0
863 883 0
637 1021 0
384 947 0
365 483 0
366 954 0
59 549 0
475 526 0
180 656 0
86 577 0
234 763 0
506 823 0
505 829 0
824 832 0
575 632 0
406 891 0
157 159 0
5 361 0
138 839 0
494 808 0
895 971 0
683 731 0
38 120 0
690 884 0
446 500 0
405 806 0
72 178 0
696 920 0
38 604 0
849 981 0
221 1015 0
428 537 0
38 256 0
259 357 0
168 673 0
73 648 0
745 892 0
253 635 0
330 644 0
356 611 0
271 607 0
184 920 0
465 521 0
34 717 0
668 683 0
286 416 0
360 540 0
193 511 0
329 343 0
551 1010 0
432 792 0
728 1020 0
378 835 0
137 991 0
74 284 0
263 839 0
353 487 0
398 1005 0
65 294 0
690 713 0
104 524 0
374 721 0
315 491 0
1 401 0
72 435 0
523 661 0
384 420 0
279 354 0
170 304 0
656 973 0
336 572 0
511 968 0
152 503 0
218 590 0
772 933 0
555 949 0
422 991 0
367 921 0
335 610 0
451 1012 0
54 1006 0
3 414 0
664 682 0
70 668 0
146 225 0
606 791 0
417 806 0
120 203 0
107 247 0
749 1007 0
66 617 0
294 785 0
558 797 0
90 587 0
716 816 0
25 819 0
365 924 0
482 619 0
171 715 0
249 704 0
435 454 0
131 451 0
121 662 0
191 854 0
873 932 0
399 696 0
287 614 0
387 519 0
450 608 0
493 732 0
67 712 0
680 842 0
655 867 0
368 407 0
497 793 0
197 363 0
510 690 0
63 733 0
922 981 0
486 640 0
416 720 0
685 725 0
115 881 0
238 1000 0
463 582 0
881 929 0
58 861 0
86 313 0
403 575 0
364 493 0
536 825 0
175 796 0
225 479 0
576 1019 0
284 997 0
693 874 0
791 806 0
184 466 0
246 835 0
200 247 0
922 1005 0
126 596 0
241 571 0
879 996 0
165 271 0
517 973 0
648 698 0
591 713 0
500 691 0
451 454 0
348 828 0
155 821 0
404 443 0
6 335 0
74 988 0
118 801 0
99 235 0
320 985 0
356 578 0
139 470 0
59 693 0
489 994 0
56 100 0
371 842 0
406 424 0
824 871 0
111 917 0
141 736 0
903 924 0
710 742 0
126 889 0
581 963 0
661 674 0
77 1010 0
338 818 0
334 877 0
680 768 0
589 768 0
846 1014 0
48 514 0
633 752 0
311 770 0
451 885 0
121 732 0
77 965 0
49 154 0
75 343 0
593 944 0
100 990 0
544 993 0
609 957 0
101 959 0
587 695 0
594 650 0
171 540 0
450 698 0
319 758 0
368 764 0
110 367 0
177 544 0
465 984 0
17 349 0
8 613 0
171 973 0
339 938 0
12 332 0
333 1013 0
868 904 0
396 518 0
79 781 0
104 814 0
55 295 0
417 565 0
311 820 0
332 353 0
348 518 0
836 974 0
21 909 0
283 815 0
103 286 0
435 566 0
334 686 0
126 470 0
442 773 0
148 274 0
692 796 0
228 335 0
342 625 0
172 654 0
433 646 0
316 335 0
484 868 0
442 934 0
149 979 0
747 1017 0
215 495 0
59 896 0
245 950 0
408 784 0
357 585 0
356 606 0
250 634 0
51 181 0
796 971 0
280 984 0
361 802 0
31 494 0
278 829 0
224 277 0
519 991 0
656 669 0
40 642 0
132 328 0
329 885 0
603 923 0
452 732 0
469 728 0
522 799 0
428 797 0
4 269 0
401 420 0
32 184 0
11 745 0
108 116 0
286 928 0
222 536 0
346 390 0
327 438 0
771 882 0
758 804 0
585 845 0
295 874 0
380 655 0
546 928 0
141 694 0
638 1000 0
417 731 0
617 635 0
323 460 0
372 864 0
754 945 0
150 661 0
436 944 0
178 859 0
352 990 0
308 954 0
326 702 0
688 699 0
281 914 0
2 366 0
201 661 0
300 671 0
95 822 0
162 580 0
483 585 0
22 1021 0
106 912 0
211 432 0
581 847 0
322 458 0
686 690 0
20 410 0
634 894 0
204 406 0
87 628 0
4 503 0
297 445 0
706 757 0
144 921 0
125 130 0
313 431 0
696 747 0
207 430 0
370 990 0
90 124 0
126 225 0
10 514 0
194 529 0
20 994 0
137 217 0
99 539 0
661 965 0
410 678 0
129 663 0
63 732 0
186 670 0
61 560 0
95 1020 0
66 974 0
383 690 0
769 912 0
126 705 0
189 544 0
817 911 0
123 249 0
55 858 0
694 822 0
247 419 0
89 741 0
475 569 0
97 573 0
146 371 0
338 561 0
273 730 0
587 655 0
37 892 0
671 738 0
783 874 0
410 581 0
660 765 0
356 781 0
710 891 0
488 509 0
138 814 0
152 547 0
623 643 0
344 424 0
76 608 0
441 583 0
109 273 0
145 309 0
245 799 0
581 693 0
152 225 0
746 894 0
274 475 0
343 818 0
180 761 0
551 964 0
75 836 0
534 980 0
545 727 0
784 866 0
619 1022 0
170 406 0
305 895 0
61 603 0
190 252 0
208 380 0
57 467 0
407 857 0
234 785 0
9 646 0
448 575 0
108 600 0
248 916 0
129 294 0
388 938 0
594 903 0
398 596 0
227 860 0
372 754 0
343 854 0
482 596 0
97 479 0
475 597 0
178 797 0
393 900 0
384 552 0
226 313 0
394 815 0
681 752 0
225 236 0
167 679 0
591 694 0
12 156 0
264 572 0
458 463 0
386 857 0
782 937 0
616 966 0
318 976 0
117 174 0
155 788 0
24 178 0
117 982 0
487 527 0
218 272 0
28 652 0
131 1006 0
283 433 0
39 853 0
270 433 0
739 848 0
184 364 0
231 645 0
96 293 0
58 329 0
723 751 0
271 815 0
26 497 0
432 931 0
474 768 0
473 793 0
558 993 0
136 928 0
67 376 0
228 289 0
340 725 0
209 294 0
466 541 0
250 751 0
44 720 0
612 775 0
15 248 0
281 745 0
102 378 0
565 748 0
137 478 0
134 394 0
276 1022 0
96 710 0
16 39 0
824 847 0
177 328 0
912 943 0
466 644 0
292 847 0
171 393 0
730 813 0
425 965 0
767 994 0
290 913 0
195 220 0
322 814 0
489 681 0
366 916 0
554 1000 0
458 784 0
680 835 0
153 675 0
626 884 0
24 629 0
467 587 0
272 919 0
124 188 0
393 850 0
338 985 0
99 902 0
411 568 0
79 456 0
317 534 0
491 787 0
206 956 0
753 1022 0
586 824 0
213 477 0
162 354 0
413 916 0
330 907 0
215 627 0
301 709 0
444 816 0
485 929 0
118 302 0
205 900 0
250 778 0
82 156 0
197 626 0
35 945 0
53 614 0
595 640 0
662 969 0
50 224 0
544 638 0
29 644 0
173 829 0
513 895 0
153 735 0
168 575 0
121 777 0
189 929 0
4 749 0
913 937 0
584 1009 0
187 261 0
110 221 0
117 781 0
146 542 0
638 969 0
361 1014 0
393 656 0
293 293 0
677 852 0
796 892 0
255 286 0
97 563 0
98 579 0
724 742 0
320 522 0
163 450 0
6 893 0
38 479 0
887 936 0
544 986 0
433 571 0
1 614 0
229 255 0
525 918 0
417 985 0
180 189 0
234 768 0
644 986 0
405 629 0
55 973 0
416 948 0
63 765 0
383 809 0
752 757 0
58 196 0
193 774 0
44 949 0
432 454 0
275 415 0
553 986 0
231 411 0
195 829 0
65 631 0
452 634 0
456 757 0
485 612 0
319 816 0
475 713 0
84 342 0
466 612 0
179 886 0
323 731 0
157 1022 0
938 968 0
323 420 0
76 336 0
79 250 0
238 777 0
168 995 0
65 628 0
31 121 0
691 950 0
648 1007 0
438 666 0
871 908 0
63 686 0
841 965 0
261 500 0
212 276 0
270 416 0
508 700 0
201 307 0
666 962 0
579 628 0
559 674 0
521 751 0
218 968 0
622 879 0
297 678 0
246 564 0
60 936 0
259 512 0
490 900 0
335 561 0
646 866 0
168 210 0
392 615 0
597 817 0
477 897 0
261 741 0
110 407 0
613 940 0
917 958 0
505 546 0
418 462 0
92 538 0
655 694 0
53 157 0
251 315 0
897 996 0
10 418 0
136 424 0
680 729 0
363 907 0
453 582 0
103 311 0
45 963 0
453 617 0
416 1005 0
833 1005 0
235 410 0
655 721 0
369 744 0
334 772 0
453 912 0
696 929 0
161 437 0
80 867 0
267 672 0
432 652 0
40 223 0
527 710 0
594 722 0
432 667 0
369 588 0
256 630 0
333 782 0
139 445 0
213 258 0
693 725 0
29 358 0
93 208 0
139 292 0
190 778 0
616 893 0
534 583 0
67 600 0
47 906 0
306 977 0
475 824 0
78 535 0
804 876 0
719 866 0
318 713 0
249 889 0
9 202 0
40 551 0
428 984 0
45 752 0
29 333 0
369 725 0
108 1014 0
468 981 0
372 630 0
19 392 0
111 564 0
383 404 0
611 788 0
321 512 0
28 808 0
450 552 0
129 731 0
425 1000 0
419 775 0
529 637 0
16 789 0
243 747 0
376 385 0
335 832 0
797 1020 0
387 970 0
441 997 0
313 990 0
121 595 0
460 632 0
185 829 0
225 760 0
187 640 0
494 970 0
313 576 0
911 924 0
473 907 0
57 495 0
168 751 0
718 780 0
347 439 0
438 800 0
61 625 0
153 548 0
19 340 0
268 629 0
679 998 0
116 516 0
365 678 0
357 508 0
405 925 0
113 968 0
596 615 0
423 893 0
14 1022 0
323 486 0
626 939 0
505 798 0
685 784 0
138 277 0
172 421 0
326 851 0
99 257 0
422 490 0
172 632 0
209 602 0
172 664 0
168 350 0
377 768 0
121 696 0
43 370 0
55 1005 0
47 903 0
592 676 0
417 948 0
214 760 0
185 705 0
330 801 0
174 334 0
122 716 0
95 880 0
171 731 0
84 1015 0
432 774 0
329 889 0
813 848 0
688 962 0
460 852 0
505 585 0
364 424 0
572 992 0
266 938 0
587 938 0
98 118 0
765 926 0
564 715 0
283 738 0
370 388 0
423 498 0
831 965 0
68 188 0
20 361 0
818 980 0
10 543 0
141 385 0
68 931 0
528 977 0
169 260 0
390 653 0
463 724 0
297 522 0
131 401 0
417 650 0
634 694 0
311 840 0
55 778 0
580 1016 0
749 878 0
21 846 0
641 824 0
32 265 0
246 582 0
287 560 0
364 441 0
188 869 0
142 691 0
379 437 0
518 712 0
334 739 0
542 891 0
188 236 0
491 559 0
625 772 0
791 960 0
365 774 0
245 678 0
82 949 0
767 863 0
631 639 0
476 857 0
291 338 0
604 617 0
42 583 0
833 1014 0
868 954 0
538 694 0
273 879 0
88 262 0
112 395 0
84 996 0
425 984 0
268 709 0
459 476 0
170 272 0
336 901 0
410 787 0
113 876 0
459 989 0
278 486 0
755 761 0
86 944 0
40 605 0
285 823 0
627 635 0
408 550 0
832 990 0
542 852 0
52 280 0
452 577 0
295 416 0
942 990 0
106 854 0
78 949 0
183 493 0
27 445 0
773 1010 0
102 410 0
201 703 0
741 813 0
111 814 0
106 300 0
104 743 0
454 596 0
356 899 0
338 832 0
645 867 0
399 599 0
75 685 0
63 866 0
425 729 0
535 726 0
326 880 0
587 629 0
321 525 0
153 647 0
735 776 0
339 652 0
90 843 0
950 1004 0
37 1008 0
513 587 0
470 626 0
643 882 0
754 783 0
19 770 0
447 603 0
377 678 0
530 616 0
458 748 0
551 974 0
389 927 0
468 777 0
239 386 0
537 959 0
483 1001 0
125 884 0
678 908 0
75 319 0
302 367 0
68 93 0
383 766 0
187 319 0
6 626 0
636 818 0
137 761 0
622 980 0
327 964 0
782 1021 0
173 658 0
150 420 0
143 237 0
214 772 0
550 890 0
496 997 0
219 523 0
347 486 0
169 374 0
771 851 0
145 805 0
280 880 0
491 625 0
334 479 0
318 359 0
631 694 0
313 876 0
245 736 0
176 786 0
532 623 0
112 590 0
88 822 0
229 552 0
250 805 0
52 197 0
554 674 0
223 255 0
348 903 0
327 779 0
528 998 0
159 793 0
210 597 0
86 845 0
135 895 0
587 816 0
730 959 0
42 612 0
417 912 1
135 458 0
474 552 0
718 996 0
231 911 0
557 969 0
398 881 0
251 422 0
163 825 0
133 806 0
234 983 0
786 805 0
293 302 0
182 975 0
602 886 0
283 650 0
157 651 0
620 890 0
166 609 0
520 574 0
66 799 0
132 374 0
505 661 0
380 927 0
87 910 0
767 892 0
846 846 0
564 949 0
212 940 0
392 926 0
190 691 0
110 456 0
548 915 0
535 656 0
518 893 0
474 605 0
122 586 0
688 786 0
80 778 0
57 83 0
114 140 0
462 662 0
150 604 0
599 911 0
777 787 0
30 803 0
140 243 0
134 1019 0
795 945 0
50 456 0
42 150 0
479 801 0
61 631 0
78 93 0
319 760 0
478 772 0
111 795 0
493 822 0
7 649 0
55 306 0
411 754 0
313 692 0
560 819 0
897 986 0
454 499 0
94 302 0
262 792 0
299 545 0
497 989 0
756 957 0
24 978 0
528 902 0
131 718 0
900 932 0
555 850 0
582 994 0
193 540 0
675 999 0
312 424 0
94 461 0
262 555 0
183 498 0
671 778 0
424 685 0
623 750 0
628 923 0
130 841 0
14 568 0
544 832 0
288 513 0
223 780 0
264 408 0
469 925 0
16 558 0
720 1005 0
958 969 0
189 596 0
20 809 0
830 952 0
495 634 0
571 725 0
266 820 0
100 126 0
129 535 0
220 258 0
888 967 0
291 493 0
268 852 0
702 877 0
885 996 0
719 761 0
576 846 0
651 958 0
265 609 0
78 460 0
538 755 0
81 628 0
329 598 0
235 413 0
27 750 0
67 421 0
247 397 0
252 280 0
712 932 0
380 617 0
482 680 0
213 716 0
127 367 0
277 389 0
470 800 0
148 458 0
896 978 0
724 899 0
209 951 0
551 799 0
439 803 0
393 973 0
299 772 0
746 975 0
62 861 0
720 936 0
414 680 0
206 211 0
691 1016 0
164 446 0
744 905 0
365 983 0
25 582 0
22 420 0
853 902 0
729 778 0
332 373 0
475 706 0
267 501 0
119 484 0
374 873 0
260 460 0
100 446 0
476 937 0
253 319 0
686 1022 0
97 579 0
361 462 0
661 779 0
189 950 0
379 466 0
1008 1020 0
536 757 0
213 496 0
30 125 0
58 632 0
478 485 0
181 382 0
267 811 0
438 696 0
171 822 0
425 826 0
364 620 0
377 761 0
265 530 0
460 507 0
365 832 0
566 644 0
532 1002 0
26 760 0
11 184 0
736 959 0
506 635 0
786 928 0
390 740 0
655 807 0
349 670 0
370 804 0
100 748 0
77 393 0
742 792 0
650 975 0
505 835 0
767 867 0
65 521 0
120 625 0
313 983 0
213 627 0
486 668 0
72 578 0
11 424 0
139 295 0
552 613 0
424 985 0
34 96 0
183 261 0
465 729 0
263 788 0
143 906 0
81 506 0
494 833 0
84 883 0
414 543 0
142 1017 0
10 205 0
354 748 0
43 379 0
575 616 0
523 829 0
455 908 0
433 700 0
335 925 0
826 1011 0
707 868 0
685 991 0
99 969 0
324 965 0
483 768 0
952 954 0
777 788 0
215 883 0
187 474 0
598 858 0
165 246 0
227 863 0
5 342 0
329 992 0
405 435 0
463 1019 0
702 975 0
40 318 0
20 227 0
122 793 0
25 295 0
37 562 0
6 79 0
194 303 0
399 581 0
77 1002 0
118 136 0
700 824 0
553 635 0
501 757 0
270 934 0
259 510 0
479 571 0
78 503 0
55 336 0
195 388 0
110 238 0
573 850 0
420 838 0
893 996 0
19 579 0
811 845 0
280 704 0
184 278 0
458 974 0
425 983 0
116 400 0
655 889 0
91 536 0
607 678 0
152 256 0
83 568 0
17 249 0
563 607 0
43 972 0
806 1010 0
379 600 0
109 235 0
586 1015 0
114 509 0
421 602 0
6 966 0
48 410 0
152 160 0
532 892 0
99 187 0
279 371 0
676 935 0
423 956 0
159 983 0
336 859 0
853 903 0
579 862 0
223 575 0
289 371 0
587 951 0
828 896 0
872 921 0
578 707 0
191 900 0
128 371 0
274 443 0
639 970 0
377 699 0
70 606 0
160 648 0
152 411 0
207 277 0
370 710 0
249 869 0
289 765 0
17 701 0
493 963 0
44 924 0
427 667 0
16 667 0
231 813 0
543 636 0
762 810 0
274 730 0
158 289 0
228 570 0
571 592 0
344 532 0
268 572 0
729 762 0
649 827 0
162 621 0
379 525 0
145 858 0
312 766 0
666 869 0
231 963 0
593 594 0
479 927 0
140 537 0
707 989 0
219 379 0
485 893 0
457 836 0
623 746 0
411 966 0
16 318 0
698 798 0
226 724 0
502 923 0
734 975 0
313 781 0
125 955 0
154 332 0
99 160 0
81 742 0
194 221 0
48 415 0
256 1003 0
334 892 0
411 590 0
305 596 0
467 1012 0
29 766 0
436 606 0
758 898 0
140 724 0
210 371 0
124 640 0
705 749 0
641 649 0
92 625 0
523 890 0
548 715 0
33 644 0
214 757 0
20 725 0
480 716 0
191 486 0
288 740 0
19 704 0
280 600 0
461 809 0
753 761 0
337 878 0
505 748 0
20 163 0
515 724 0
550 870 0
205 1016 0
607 1003 0
142 970 0
551 713 0
169 467 0
97 538 0
123 788 0
447 719 0
366 575 0
386 1005 0
186 990 0
600 637 0
84 266 0
73 149 0
275 657 0
773 995 0
62 807 0
62 92 0
444 714 0
318 433 0
565 804 0
114 384 0
108 528 0
676 758 0
220 813 0
84 811 0
629 793 0
672 774 0
219 610 0
316 357 0
318 884 0
249 474 0
95 764 0
547 563 0
373 718 0
995 1023 0
109 290 0
116 525 0
134 883 0
162 976 0
27 585 0
37 745 0
442 612 0
241 985 0
131 445 0
71 558 0
572 696 0
286 828 0
784 967 0
737 1010 0
113 882 0
483 782 0
366 820 0
420 925 0
533 969 0
305 528 0
439 874 0
630 952 0
272 292 0
818 924 0
286 563 0
746 1014 0
560 788 0
635 947 0
272 509 0
55 222 0
752 914 0
64 200 0
37 711 0
15 477 0
430 867 0
503 954 0
294 307 0
120 379 0
28 615 0
341 438 0
392 962 0
368 511 0
58 588 0
445 680 0
418 559 0
139 1003 0
481 541 0
287 926 0
322 863 0
129 260 0
506 959 0
6 736 0
396 397 0
203 636 0
69 669 0
289 596 0
382 416 0
112 793 0
731 874 0
223 458 0
166 466 0
119 807 0
252 718 0
188 419 0
355 502 0
649 734 0
79 874 0
366 454 0
358 430 0
316 643 0
180 554 0
532 622 0
217 945 0
80 171 0
36 701 0
438 1006 0
64 342 0
318 541 0
167 599 0
444 985 0
882 1014 0
110 364 0
866 941 0
148 424 0
365 540 0
189 465 0
662 782 0
266 999 0
126 794 0
316 534 0
360 660 0
66 214 0
269 823 0
328 511 0
9 691 0
7 790 0
474 826 0
460 865 0
283 739 0
510 610 0
289 483 0
371 927 0
33 204 0
430 1007 0
756 833 0
20 573 0
129 561 0
62 357 0
608 706 0
158 608 0
743 930 0
540 744 0
544 1005 0
708 915 0
235 698 0
237 1015 0
361 777 0
257 799 0
706 996 0
429 993 0
367 446 0
340 930 0
722 825 0
139 529 0
573 1004 0
687 990 0
757 945 0
646 920 0
731 985 0
163 871 0
468 586 0
134 810 0
304 332 0
234 904 0
182 825 0
417 989 0
244 739 0
298 775 0
250 610 0
146 871 0
298 672 0
366 569 0
219 398 0
641 917 0
117 803 0
912 959 0
94 137 0
175 629 0
202 576 0
226 713 0
39 720 0
103 897 0
439 893 0
49 432 0
631 1016 0
269 750 0
67 985 0
202 354 0
101 573 0
426 894 0
157 487 0
88 533 0
96 757 0
507 1011 0
205 441 0
123 208 0
615 852 0
422 816 0
431 910 0
177 725 0
50 518 0
402 930 0
165 499 0
445 886 0
20 960 0
411 644 0
366 684 0
466 539 0
818 940 0
438 850 0
237 558 0
16 822 0
141 851 0
47 384 0
55 94 0
125 214 0
587 618 0
163 953 0
94 680 0
394 614 0
22 140 0
266 734 0
278 1022 0
135 180 0
40 304 0
570 775 0
2 32 0
243 538 0
24 371 0
417 878 0
388 476 0
31 134 0
394 543 0
730 810 0
423 912 0
189 407 0
97 964 0
15 450 0
331 571 0
28 386 0
343 515 0
580 797 0
531 897 0
730 908 0
619 790 0
200 475 0
255 531 0
259 603 0
86 94 0
526 639 0
254 772 0
258 272 0
252 850 0
840 948 0
566 580 0
550 715 0
16 172 0
79 916 0
220 582 0
505 546 0
409 441 0
214 587 0
115 754 0
640 950 0
205 247 0
101 402 0
8 234 0
869 1006 0
200 860 0
21 89 0
349 903 0
778 949 0
451 752 0
390 825 0
422 557 0
447 834 0
635 932 0
204 767 0
103 938 0
423 584 0
48 381 0
582 878 0
371 471 0
731 742 0
763 808 0
259 453 0
125 723 0
582 627 0
155 447 0
187 705 0
17 288 0
37 148 0
814 825 0
47 636 0
198 251 0
179 870 0
55 920 0
837 865 0
957 981 0
493 833 0
61 636 0
201 387 0
500 803 0
524 973 0
515 753 0
360 803 0
690 1005 0
268 379 0
322 954 0
154 399 0
356 607 0
577 899 0
340 1017 0
493 693 0
808 986 0
648 1015 0
723 919 0
759 932 0
116 826 0
359 963 0
355 729 0
482 492 0
431 799 0
250 301 0
571 653 0
535 740 0
12 268 0
698 996 0
566 632 0
248 426 0
808 873 0
508 671 0
306 788 0
219 415 0
38 490 0
182 962 0
346 903 0
686 792 0
38 218 0
406 816 0
500 914 0
710 808 0
744 797 0
126 248 0
257 439 0
253 889 0
287 382 0
284 999 0
159 915 0
977 1002 0
81 445 0
922 993 0
346 833 0
142 351 0
159 954 0
629 804 0
707 802 0
227 775 0
404 946 0
512 846 0
104 507 0
330 853 0
211 305 0
299 968 0
465 898 0
207 596 0
120 311 0
23 558 0
851 891 0
195 903 0
890 989 0
837 943 0
194 317 0
639 780 0
640 760 0
184 906 0
564 821 0
533 1023 0
98 303 0
592 974 0
522 577 0
371 703 0
438 713 0
387 752 0
383 827 0
905 959 0
636 662 0
54 748 0
91 343 0
40 227 0
625 1007 0
206 334 0
45 135 0
1 569 0
366 527 0
325 537 0
198 243 0
478 788 0
535 711 0
285 705 0
620 873 0
653 801 0
804 853 0
300 975 0
361 382 0
425 676 0
250 369 0
924 971 0
205 915 0
22 658 0
216 417 0
68 403 0
423 698 0
97 397 0
658 735 0
280 608 0
329 729 0
171 957 0
16 490 0
43 188 0
421 559 0
27 92 0
360 604 0
116 963 0
264 867 0
99 682 0
388 967 0
20 380 0
91 840 0
588 931 0
231 386 0
30 508 0
253 937 0
332 773 0
817 851 0
598 895 0
534 892 0
739 777 0
118 373 0
179 564 0
397 854 0
60 698 0
153 352 0
763 900 0
67 403 0
213 261 0
310 426 0
373 1018 0
114 778 0
483 589 0
38 747 0
25 462 0
652 961 0
341 692 0
844 937 0
209 599 0
683 921 0
202 752 0
78 244 0
522 769 0
698 963 0
216 947 0
143 419 0
17 172 0
221 955 0
144 443 0
598 897 0
359 461 0
25 887 0
289 1010 0
223 1004 0
163 1006 0
639 842 0
12 566 0
557 929 0
441 441 0
605 640 0
207 472 0
495 842 0
352 610 0
973 986 0
2 682 0
503 520 0
533 756 0
487 737 0
21 518 0
242 453 0
612 860 0
187 274 0
34 197 0
144 827 0
644 894 0
219 303 1
240 407 0
433 573 0
622 838 0
370 847 0
210 945 0
39 53 0
463 607 0
456 919 0
846 860 0
817 848 0
361 414 0
202 347 0
673 687 0
174 829 0
376 760 0
268 616 0
192 826 0
725 922 0
390 561 0
554 619 0
203 889 0
387 482 0
161 933 0
212 650 0
236 977 0
171 346 0
137 183 0
537 616 0
15 557 0
48 718 0
143 438 0
652 692 0
308 726 0
800 850 0
370 644 0
566 659 0
8 382 0
230 330 0
317 775 0
456 968 0
539 630 0
459 646 0
415 794 0
152 1016 0
453 942 0
583 742 0
78 995 0
371 770 0
126 185 0
423 798 0
18 158 0
281 848 0
370 816 0
541 946 0
327 553 0
585 909 0
462 706 0
111 679 0
353 684 0
437 770 0
67 301 0
14 363 0
469 653 0
474 931 0
187 507 0
309 330 0
101 560 0
194 851 0
292 919 0
126 605 0
59 538 0
404 538 0
595 691 0
459 605 0
32 722 0
533 1012 0
930 958 0
388 829 0
239 732 0
776 852 0
597 626 0
254 311 0
353 669 0
253 383 0
489 938 0
149 1015 0
140 711 0
156 451 0
365 661 0
308 320 0
385 899 0
406 854 0
101 170 0
621 778 0
313 354 0
15 303 0
149 973 0
466 996 0
422 514 0
440 742 0
358 993 0
10 52 0
991 1010 0
250 620 0
84 223 0
180 769 0
351 867 0
534 751 0
766 875 0
822 911 0
576 815 0
713 961 0
790 997 0
237 534 0
89 787 0
35 541 0
761 843 0
310 891 0
32 147 0
527 675 0
493 1017 0
91 332 0
749 866 0
117 446 0
990 1004 0
194 798 0
127 353 0
237 642 0
150 471 0
707 787 0
353 492 0
605 957 0
350 937 0
562 830 0
143 754 0
197 646 0
549 615 0
226 633 0
225 320 0
458 639 0
381 487 0
275 611 0
205 699 0
108 956 0
50 184 0
308 970 0
388 694 0
644 980 0
738 824 0
738 866 0
362 442 0
158 162 0
293 955 0
317 366 0
384 702 0
278 694 0
13 837 0
829 971 0
336 893 0
97 475 0
364 804 0
456 466 0
145 587 0
45 174 0
17 930 0
657 935 0
191 1017 0
482 581 0
383 521 0
348 1006 0
165 532 0
178 343 0
85 827 0
652 939 0
8 934 0
170 614 0
220 689 0
163 479 0
301 309 0
270 642 0
465 489 0
276 539 0
26 62 0
297 656 0
766 791 0
53 597 0
76 101 0
580 872 0
334 538 0
224 320 0
748 982 0
86 439 0
349 626 0
91 303 0
357 551 0
43 187 0
561 864 0
356 995 0
3 551 0
311 635 0
184 529 0
508 601 0
125 160 0
201 546 0
151 813 0
371 806 0
635 831 0
364 421 0
139 589 0
119 176 0
47 795 0
349 664 0
101 926 0
599 962 0
826 936 0
808 880 0
27 74 0
347 851 0
166 271 0
270 735 0
515 664 0
7 937 0
775 938 0
28 135 0
431 1018 0
284 570 0
707 774 0
107 126 0
61 670 0
431 605 0
330 946 0
13 935 0
618 942 0
23 757 0
197 233 0
618 678 0
903 958 0
532 752 0
116 551 0
298 359 0
232 931 0
672 691 0
410 881 0
134 253 0
565 729 0
206 219 0
548 802 0
23 419 0
23 813 0
103 315 0
483 702 0
78 265 0
260 694 0
113 139 0
653 972 0
244 797 0
772 1004 0
291 879 0
209 813 0
43 264 0
657 1000 0
593 695 0
234 742 0
28 211 0
934 953 0
102 600 0
193 199 0
866 884 0
354 391 0
663 936 0
381 519 0
80 426 0
87 750 0
489 675 0
466 868 0
118 274 0
660 735 0
23 793 0
599 649 0
660 764 0
569 912 0
154 402 0
559 798 0
814 910 0
275 839 0
47 183 0
345 968 0
408 1008 0
202 527 0
14 952 0
527 936 0
787 931 0
491 806 0
891 963 0
420 1023 0
704 895 0
687 752 0
792 866 0
620 856 0
97 443 0
138 889 0
146 368 0
100 107 0
254 326 0
696 737 0
524 803 0
52 962 0
427 494 0
169 524 0
117 384 0
462 851 0
567 1012 0
582 867 0
131 461 0
211 975 0
134 341 0
345 735 0
188 532 0
190 628 0
76 109 0
748 790 0
436 982 0
318 335 0
186 387 0
283 766 0
518 750 0
309 989 0
347 569 0
79 956 0
125 371 0
67 484 0
117 719 0
326 558 0
482 579 0
366 932 0
447 682 0
62 181 0
548 673 0
64 728 0
488 576 0
105 110 0
60 483 0
60 565 0
623 924 0
752 854 0
547 558 0
369 663 0
414 687 0
584 979 0
472 1013 0
9 56 0
706 949 0
409 974 0
254 604 0
303 1006 0
77 673 0
427 761 0
867 889 0
158 582 0
241 987 0
612 643 0
13 159 0
115 1000 0
286 716 0
281 875 0
27 417 0
264 782 0
359 640 0
353 816 0
106 781 0
289 945 0
294 760 0
12 241 0
317 605 0
268 1020 0
651 679 0
81 835 0
353 583 0
192 879 0
796 875 0
293 892 0
110 790 0
748 991 0
391 617 0
461 926 0
26 648 0
115 426 0
17 470 0
280 433 0
85 677 0
467 956 0
45 184 0
218 967 0
51 157 0
77 624 0
184 388 0
232 792 0
980 993 0
722 765 0
162 423 0
568 627 0
279 455 0
233 573 0
224 627 0
545 621 0
390 951 0
441 611 0
258 844 0
637 702 0
129 877 0
396 640 0
26 773 0
194 209 0
252 560 0
71 709 0
615 816 0
322 889 0
429 586 0
21 844 0
374 829 0
300 744 0
954 997 0
68 928 0
305 940 0
347 888 0
136 469 0
970 1008 0
415 531 0
248 609 0
187 404 0
496 881 0
184 262 0
378 984 0
308 989 0
643 996 0
43 949 0
542 560 0
388 546 0
5 214 0
325 559 0
592 806 0
327 745 0
49 961 0
323 1020 0
342 827 0
177 991 0
593 900 0
159 412 0
75 828 0
463 1006 0
177 525 0
208 982 0
793 1016 0
704 963 0
56 1012 0
178 502 0
60 747 0
660 853 0
403 694 0
90 994 0
287 579 0
48 914 0
214 849 0
109 999 0
504 893 0
152 761 0
439 762 0
37 231 0
383 429 0
135 988 0
638 737 0
374 983 0
222 823 0
425 977 0
518 640 0
373 748 0
309 323 0
180 651 0
143 811 0
90 378 0
687 916 0
37 826 0
484 833 0
193 244 0
738 778 0
96 858 0
271 502 0
131 1016 0
556 569 0
278 711 0
302 569 0
76 245 0
225 637 0
414 471 0
159 1017 0
340 388 0
161 329 0
205 419 0
391 772 0
640 962 0
668 685 0
24 170 0
134 820 0
79 469 0
56 388 0
739 846 0
626 824 0
672 1013 0
197 810 0
653 670 0
147 890 0
468 722 0
583 671 0
518 568 0
464 960 0
454 973 0
642 782 0
302 884 0
280 411 0
69 797 0
322 575 0
233 608 0
214 1000 0
22 95 0
83 1022 0
384 861 0
105 289 0
397 575 0
224 885 0
182 640 0
283 765 0
740 826 0
236 571 0
312 966 0
607 640 0
321 367 0
107 531 0
453 794 0
547 914 0
428 572 0
389 830 0
135 381 1
79 856 0
695 952 0
167 244 0
32 650 0
174 871 0
223 396 0
484 715 0
363 425 0
679 781 0
708 938 0
321 858 0
413 864 0
76 932 0
115 660 0
936 989 0
268 377 0
273 967 0
305 368 0
169 429 0
78 883 0
195 860 0
5 331 0
44 95 0
837 1004 0
442 552 0
270 552 0
473 836 0
158 705 0
161 915 0
518 877 0
167 507 0
36 466 0
239 844 0
354 913 0
455 594 0
370 405 0
347 875 0
681 926 0
150 574 0
65 975 0
605 974 0
63 433 0
466 533 0
30 644 0
216 624 0
275 898 0
655 839 0
428 882 0
310 369 0
57 578 0
523 604 0
155 261 0
189 562 0
667 820 0
931 956 0
184 377 0
478 669 0
751 919 0
513 1010 0
448 1022 0
426 852 0
483 561 0
231 879 0
463 806 0
37 776 0
352 530 0
249 878 0
737 962 0
830 943 0
4 445 0
259 562 0
881 929 0
462 690 0
104 420 0
411 796 0
661 724 0
242 520 0
723 824 0
207 484 0
111 494 0
223 861 0
656 699 0
285 956 0
437 749 0
415 433 0
496 951 0
103 623 0
466 759 0
6 652 0
7 260 0
719 849 0
505 825 0
315 549 0
234 696 0
246 951 0
546 815 0
4 99 0
351 1013 0
700 804 0
277 442 0
268 681 0
71 725 0
381 584 0
565 716 0
133 533 0
581 957 0
525 632 0
7 318 0
160 874 0
348 911 0
309 448 0
414 658 0
913 919 0
81 640 0
128 607 0
673 942 0
120 837 0
641 907 0
171 461 0
524 652 0
454 804 0
219 712 0
719 883 0
308 535 0
566 687 0
6 463 0
6 327 0
887 946 0
25 421 0
685 697 0
711 918 0
132 833 0
131 272 0
365 973 0
93 997 0
848 906 0
210 546 0
132 673 0
666 840 0
144 884 0
256 576 0
673 853 0
57 974 0
60 836 0
480 558 0
964 970 0
100 324 0
279 856 0
366 955 0
231 393 0
440 845 0
637 646 0
167 910 0
807 912 0
486 973 0
285 907 0
448 668 0
402 975 0
765 791 0
889 923 0
516 912 0
245 959 0
36 215 0
121 836 0
177 540 0
67 641 0
513 810 0
18 299 0
225 601 0
310 658 0
120 809 0
418 626 0
114 992 0
427 720 0
11 703 0
369 512 0
229 254 0
149 826 0
131 671 0
41 59 0
21 524 0
845 1018 0
923 979 0
608 1022 0
211 345 0
65 275 0
333 1018 0
9 63 0
576 685 0
318 901 0
232 734 0
151 192 0
246 261 0
447 966 0
146 194 0
142 356 0
361 910 0
270 1014 0
253 458 0
827 964 0
418 566 0
147 436 0
401 509 0
441 486 0
395 794 0
375 907 0
289 391 0
23 1012 0
313 877 0
111 574 0
379 428 0
583 939 0
637 864 0
625 765 0
232 795 0
452 803 0
387 724 0
269 729 0
708 989 0
256 331 0
565 755 0
492 928 0
94 705 0
558 646 0
969 1013 0
310 328 0
615 1010 0
169 232 0
431 463 0
361 368 0
240 787 0
101 1004 0
777 824 0
93 939 0
525 927 0
965 966 0
48 596 0
257 933 0
247 917 0
69 360 0
308 894 0
629 657 0
190 465 0
643 1013 0
188 576 0
271 915 0
506 828 0
919 1003 0
120 719 0
399 505 0
92 652 0
21 770 0
511 983 0
37 734 0
283 729 0
472 1001 0
8 376 0
65 332 0
31 311 0
444 777 0
885 930 0
250 720 0
139 291 0
148 304 0
390 856 0
446 704 0
856 983 0
668 978 0
77 961 0
88 920 0
36 441 0
241 682 0
69 317 0
269 908 0
598 902 0
276 683 0
140 583 0
101 675 0
89 127 0
343 449 0
383 1010 0
581 633 0
27 464 0
208 376 0
74 185 0
540 886 0
85 967 0
502 865 0
707 905 0
327 383 0
309 947 0
221 727 0
308 823 0
848 999 0
418 934 0
156 672 0
283 1021 0
331 725 0
518 807 0
151 794 0
261 280 0
593 855 0
359 554 0
89 789 0
562 630 0
111 598 0
303 878 0
123 626 0
177 882 0
58 916 0
177 564 0
160 188 0
804 816 0
262 444 0
455 862 0
492 972 0
2 320 0
485 897 0
675 931 0
22 53 0
385 928 0
369 602 0
486 603 0
877 1021 0
253 562 0
194 568 0
175 896 0
241 530 0
309 472 0
307 585 0
417 663 0
666 959 0
350 549 0
671 890 0
474 820 0
444 475 0
5 264 0
328 653 0
444 637 0
376 603 0
140 470 0
600 1003 0
170 1009 0
128 847 0
358 998 0
623 941 0
53 632 0
199 924 0
533 553 0
567 860 0
78 278 0
45 392 0
404 488 0
579 1016 0
485 991 0
48 219 0
327 1013 0
699 998 0
29 557 0
232 946 0
59 996 0
745 801 0
180 517 0
388 702 0
9 946 0
32 510 0
919 936 0
792 950 0
206 245 0
732 742 0
346 406 0
366 552 0
259 899 0
555 721 0
8 915 0
38 705 0
568 608 0
142 919 0
7 23 0
661 790 0
195 349 0
342 470 0
214 592 0
743 900 0
263 930 0
50 762 0
57 540 0
362 827 0
145 227 0
790 845 0
562 816 0
353 700 0
190 395 0
105 271 0
341 778 0
488 745 0
42 508 0
697 749 0
937 1014 0
56 651 0
307 970 0
381 510 0
253 493 0
447 533 0
167 892 0
41 125 0
321 856 0
320 921 0
375 781 0
61 320 0
184 327 0
396 625 0
433 643 0
474 576 0
929 967 0
492 523 0
434 756 0
740 802 0
133 913 0
515 567 0
730 998 0
238 327 0
102 938 0
11 160 0
97 649 0
205 905 0
500 753 0
282 856 0
407 869 0
27 820 0
795 1018 0
253 618 0
140 683 0
301 580 0
432 915 0
46 428 0
513 583 0
343 451 0
766 928 0
325 914 0
711 900 0
677 708 0
619 931 0
111 944 0
362 743 0
275 317 0
328 439 0
286 547 0
784 1022 0
414 444 0
494 970 0
156 565 0
328 498 0
68 103 0
250 936 0
521 521 0
520 954 0
409 968 0
83 762 0
269 479 0
499 575 0
131 647 0
348 963 0
205 215 0
216 305 0
64 740 0
258 964 0
74 205 0
62 102 0
707 918 0
39 482 0
80 356 0
302 497 0
288 927 0
27 766 0
224 801 0
433 448 0
155 485 0
129 586 0
337 688 0
695 911 0
270 777 0
33 267 0
914 975 0
66 665 0
69 420 0
307 748 0
452 891 0
63 980 0
53 516 0
65 91 0
38 752 0
284 899 0
349 976 0
236 446 0
231 413 0
189 653 0
116 330 0
609 748 0
836 887 0
540 599 0
279 638 0
212 651 0
468 891 0
129 628 0
37 191 0
252 583 0
657 834 0
628 643 0
41 821 0
100 550 0
158 716 0
241 375 0
3 89 0
294 420 0
158 836 0
754 1012 0
44 676 0
110 229 0
912 1012 0
275 637 0
16 668 0
6 747 0
149 178 0
857 917 0
480 920 0
532 791 0
633 961 0
20 994 0
29 792 0
100 543 0
472 648 0
413 1010 0
6 538 0
246 363 0
68 784 0
306 709 0
286 390 0
57 812 0
80 693 0
394 1008 0
578 584 0
195 866 0
375 475 0
395 657 0
757 970 0
471 633 0
11 50 0
379 778 0
147 870 0
477 479 0
69 364 0
422 948 0
159 712 0
391 784 0
322 364 0
716 962 0
585 998 0
597 852 0
849 952 0
375 478 0
888 975 0
770 1007 0
347 418 0
57 798 0
182 467 0
545 778 0
316 753 0
427 854 0
60 305 0
121 416 0
124 690 0
721 838 0
390 1001 0
181 450 0
595 731 0
230 743 0
792 991 0
68 926 0
80 269 0
7 1018 0
349 811 0
815 930 0
245 961 0
467 812 0
444 919 0
298 494 0
269 783 0
500 722 0
796 942 0
219 698 0
426 661 0
503 966 0
244 907 0
284 508 0
606 975 0
22 413 0
652 721 0
159 642 0
13 66 0
428 874 0
144 430 0
790 836 0
906 924 0
319 457 0
459 721 0
246 861 0
261 1010 0
305 875 0
501 810 0
856 937 0
342 717 0
301 655 0
580 809 0
502 670 0
200 566 0
452 456 0
232 851 0
233 257 0
466 872 0
18 932 0
912 970 0
489 519 0
75 272 0
157 814 0
857 988 0
1 65 0
113 624 0
385 707 0
238 418 0
202 750 0
735 1021 0
597 954 0
154 508 0
9 769 0
91 937 0
161 601 0
230 356 0
235 680 0
502 610 0
400 482 0
255 901 0
553 860 0
523 608 0
103 709 0
463 606 0
253 980 0
363 494 0
648 1008 0
531 1017 0
93 373 0
210 633 0
40 279 0
384 466 0
250 810 0
255 1013 0
434 930 0
162 996 0
167 757 0
174 475 0
103 159 0
253 776 0
56 407 0
503 753 0
256 681 0
90 786 0
113 249 0
635 924 0
38 448 0
366 589 0
140 905 0
413 1010 0
192 258 0
262 455 0
291 932 0
371 654 0
600 868 0
659 859 0
66 983 0
251 741 0
672 1013 0
57 376 0
965 985 0
451 671 0
172 379 0
420 725 0
512 830 0
247 672 0
21 56 0
547 814 0
655 681 0
779 787 0
169 765 0
55 172 0
824 849 0
294 804 0
720 1005 0
458 665 0
301 891 0
329 684 0
276 742 0
621 955 0
8 695 0
632 1017 0
218 992 0
299 426 0
94 506 0
45 405 0
155 373 0
695 1000 0
162 586 0
99 138 0
346 512 0
739 821 0
868 990 0
4 560 0
609 645 0
19 495 0
298 408 0
11 778 0
124 869 0
506 845 0
172 608 0
514 768 0
149 971 0
361 793 0
418 647 0
107 610 0
352 663 0
787 893 0
157 942 0
594 753 0
15 204 0
174 237 0
464 670 0
8 851 0
475 626 0
283 730 0
299 541 0
399 733 0
270 949 0
58 889 0
115 948 0
474 647 0
118 266 0
596 741 0
227 488 0
39 304 0
510 752 0
404 533 0
442 1006 0
104 231 0
336 542 0
557 959 0
38 980 0
489 575 0
125 650 0
112 243 0
92 260 0
355 940 0
3 754 0
104 806 0
964 996 0
706 850 0
270 347 0
310 738 0
366 912 0
261 359 0
616 926 0
350 806 0
830 946 0
561 901 0
365 537 0
140 708 0
518 716 0
562 564 0
120 452 0
356 474 0
551 868 0
298 720 0
411 990 0
481 659 0
399 482 0
164 652 0
485 920 0
664 740 0
855 865 0
604 658 0
555 963 0
57 989 0
436 577 0
610 790 0
60 262 0
474 713 0
426 773 0
705 721 0
261 746 0
192 939 0
74 532 0
23 541 0
85 1003 0
58 310 0
622 969 0
522 864 0
365 703 0
921 967 0
241 389 0
791 848 0
172 428 0
72 216 0
338 371 0
372 898 0
515 612 0
620 874 0
74 218 0
400 563 0
283 452 0
564 983 0
249 994 0
61 984 0
84 185 0
127 499 0
488 557 0
341 529 0
597 796 0
419 968 0
197 527 0
449 862 0
522 723 0
495 890 0
151 720 0
33 218 0
541 710 0
353 834 0
79 487 0
240 841 0
220 662 0
331 788 0
197 437 0
149 443 0
282 955 0
369 642 0
79 175 0
842 970 0
518 921 0
732 996 0
754 873 0
301 523 0
559 862 0
244 879 0
694 815 0
348 936 0
21 189 0
293 321 0
816 991 0
540 975 0
145 357 0
393 419 0
706 912 0
18 861 0
59 1001 0
318 924 0
351 421 0
210 684 0
258 928 0
585 594 0
176 706 0
207 507 0
503 600 0
339 803 0
615 651 0
343 1000 0
7 584 0
339 670 0
493 735 0
19 918 0
524 965 0
655 1005 0
156 871 0
91 367 0
104 801 0
363 455 0
699 886 0
453 690 0
449 932 0
568 753 0
712 967 0
834 962 0
330 758 0
126 829 0
157 616 0
160 707 0
88 662 0
148 454 0
307 502 0
162 942 0
540 966 0
150 593 0
551 706 0
373 851 0
170 540 0
158 469 0
379 584 0
485 748 0
473 514 0
200 622 0
453 571 0
11 459 0
444 938 0
392 555 0
191 735 0
182 542 0
260 338 0
198 266 0
756 767 0
343 613 0
455 911 0
204 278 0
920 979 0
174 490 0
282 658 0
379 747 0
25 809 0
223 565 0
45 897 0
625 1022 0
397 539 0
78 514 0
3 924 0
57 843 0
334 403 0
348 628 0
51 670 0
501 745 0
566 851 0
192 308 0
145 309 0
335 963 0
272 852 0
411 974 0
154 765 0
403 514 0
768 855 0
430 547 0
131 218 0
32 859 0
217 902 0
212 694 0
381 861 0
323 977 0
281 959 0
494 872 0
291 850 0
349 939 0
199 608 0
37 685 0
594 750 0
23 365 0
397 1019 0
409 665 0
508 694 0
431 486 0
162 374 0
12 627 0
425 502 0
284 951 0
2 185 0
447 525 0
891 914 0
397 810 0
821 971 0
245 272 0
700 736 0
499 674 0
282 637 0
292 540 0
666 712 0
680 911 0
116 503 0
845 954 0
373 845 0
108 744 0
851 976 0
381 586 0
322 414 0
147 638 0
173 688 0
190 864 0
660 804 0
330 452 0
642 795 0
893 947 0
194 447 0
298 905 0
291 359 0
282 581 0
142 448 0
587 731 0
109 503 0
872 913 0
380 647 0
517 617 0
313 462 0
511 981 0
40 298 0
97 357 0
242 923 0
120 870 0
915 962 0
452 1008 0
115 394 0
838 965 0
499 878 0
139 988 0
804 995 0
137 199 0
23 531 0
489 637 0
163 937 0
86 130 0
488 951 0
87 1013 0
334 654 0
198 346 0
413 654 0
407 511 0
120 583 0
363 664 0
301 1010 0
360 995 0
625 785 0
516 631 0
448 948 0
575 590 0
252 937 0
55 211 0
191 941 0
692 692 0
166 526 0
356 489 0
62 780 0
680 1001 0
298 941 0
407 774 0
154 246 0
230 350 0
422 685 0
82 736 0
207 653 0
245 403 0
263 971 0
496 1010 0
1 680 0
263 604 0
795 797 0
270 859 0
446 973 0
149 700 0
320 324 0
240 788 0
199 424 0
183 968 0
641 807 0
524 652 0
254 662 0
96 543 0
374 738 0
157 906 0
312 583 0
111 994 0
128 669 0
458 950 0
411 495 0
26 269 0
113 826 0
49 50 0
178 310 0
182 844 0
380 981 0
179 717 0
299 884 0
412 984 0
646 787 0
115 549 0
778 1001 0
647 1014 0
373 549 0
18 250 0
620 955 0
448 658 0
122 406 0
405 555 0
926 1015 0
552 575 0
234 363 0
553 962 0
477 810 0
313 614 0
591 831 0
113 849 0
453 805 0
63 108 0
7 331 0
428 433 0
382 541 0
401 771 0
21 224 0
564 851 0
389 458 0
333 907 0
484 867 0
473 601 0
178 821 0
147 553 0
380 590 0
74 776 0
219 777 0
117 537 0
342 431 0
676 786 0
387 684 0
259 570 0
458 822 0
36 937 0
494 543 0
230 944 0
31 384 0
337 815 0
4 496 0
504 619 0
12 510 0
316 480 0
483 509 0
623 666 0
726 928 0
52 442 0
285 542 0
668 804 0
372 688 0
357 826 0
747 928 0
395 438 0
276 735 0
242 285 0
143 424 0
380 756 0
152 945 0
406 818 0
340 990 0
55 600 0
118 486 0
60 351 0
362 572 0
380 630 0
103 232 0
314 586 0
293 814 0
60 235 0
217 679 0
342 842 0
292 457 0
402 437 0
60 70 0
126 642 0
938 950 0
351 530 0
90 957 0
53 306 0
111 190 0
750 889 0
267 885 0
150 534 0
247 429 0
338 613 0
23 37 0
951 1021 0
732 907 0
377 700 0
798 868 0
299 425 0
58 952 0
135 459 0
93 329 0
23 104 0
323 959 0
497 718 0
214 380 0
370 753 0
451 851 0
233 242 0
559 624 0
42 467 0
423 573 0
83 889 0
243 754 0
443 860 0
450 891 0
354 752 0
408 440 0
167 860 0
812 883 0
399 628 0
470 597 0
376 717 0
168 975 0
309 736 0
184 676 0
282 915 0
332 771 0
724 861 0
198 745 0
76 851 0
577 815 0
159 246 0
524 962 0
652 854 0
195 1004 0
631 665 0
408 564 0
255 962 0
693 809 0
542 778 0
366 1022 0
5 685 0
862 1011 0
184 207 0
262 330 0
239 472 0
456 862 0
679 726 0
99 852 0
337 953 0
593 904 0
242 498 0
232 606 0
182 943 0
161 171 0
129 437 0
292 674 0
538 554 0
984 1016 0
411 644 0
163 213 0
771 892 0
129 492 0
784 1016 0
363 600 0
349 631 0
567 862 0
254 976 0
107 113 0
320 464 0
166 991 0
850 997 0
98 197 0
123 416 0
398 902 0
18 752 0
64 924 0
448 598 0
243 657 0
468 860 0
36 576 0
357 676 0
25 283 0
126 151 0
277 430 0
394 505 0
547 982 0
54 756 0
395 648 0
208 1006 0
55 857 0
388 688 0
461 877 0
56 735 0
194 273 0
332 503 0
74 837 0
680 827 0
12 111 0
810 983 0
247 521 0
343 835 0
84 875 0
182 1016 0
393 785 0
469 544 0
688 737 0
108 133 0
618 907 0
337 401 0
263 934 0
432 875 0
343 921 0
244 650 0
196 442 0
575 813 0
372 492 0
771 926 0
87 431 0
31 527 0
630 977 0
603 956 0
91 999 0
309 762 0
276 502 0
183 854 0
102 931 0
2 950 0
144 673 0
254 823 0
134 551 0
623 667 0
138 139 0
361 843 0
716 921 0
699 874 0
78 360 0
189 663 0
503 641 0
331 921 0
759 760 0
519 940 0
191 740 0
117 209 0
277 867 0
34 1002 0
166 209 0
16 657 0
514 724 0
671 903 0
149 473 0
170 752 0
92 564 0
393 935 0
369 524 0
139 985 0
539 603 0
242 403 0
684 759 0
102 357 0
684 757 0
122 587 0
67 255 0
157 235 0
153 459 0
262 683 0
111 529 0
167 492 0
559 904 0
446 1002 0
167 856 0
477 719 0
150 985 0
175 520 0
4 355 0
205 614 0
17 120 0
103 789 0
239 578 0
66 458 0
332 872 0
90 169 0
35 167 0
217 831 0
20 612 0
109 599 0
16 717 0
814 905 0
415 562 0
263 950 0
222 443 0
661 835 0
127 336 0
380 618 0
128 908 0
923 1004 0
30 371 0
510 979 0
160 863 0
290 420 0
265 1001 0
158 299 0
381 608 0
103 144 0
131 943 0
805 981 0
59 892 0
383 830 0
98 523 0
404 522 0
379 887 0
117 644 0
177 203 0
258 651 0
635 974 0
230 610 0
312 621 0
203 440 0
307 424 0
611 792 0
809 970 0
657 661 0
572 758 0
757 799 0
1 455 0
944 1003 0
198 924 0
353 969 0
115 819 0
621 994 0
170 850 0
353 723 0
531 834 0
718 1020 0
349 719 0
500 657 0
543 725 0
443 899 0
271 772 0
259 574 0
139 780 0
411 980 0
313 485 0
447 910 0
142 251 0
759 933 0
794 902 0
64 700 0
785 1006 0
151 308 0
545 961 0
320 361 0
70 557 0
597 777 0
473 799 0
634 794 0
685 739 0
781 891 0
402 767 0
86 691 0
140 636 0
691 953 0
124 784 0
108 888 0
50 369 0
210 614 0
403 730 0
852 995 0
67 646 0
74 144 0
74 667 0
222 393 0
480 866 0
487 514 0
8 65 0
4 246 0
241 274 0
260 405 0
97 700 0
778 861 0
363 637 0
203 531 0
85 792 0
251 424 0
195 935 0
512 880 0
497 1017 0
306 587 0
128 418 0
373 901 0
50 550 0
47 703 0
168 456 0
129 979 0
848 943 0
114 295 0
385 714 0
469 515 0
186 479 0
224 1020 0
201 1000 0
462 815 0
628 988 0
321 539 0
386 412 0
858 1010 0
226 890 0
222 912 0
659 885 0
697 905 0
31 369 0
339 842 0
728 1004 0
1 998 0
176 521 0
377 516 0
233 717 0
130 507 0
154 676 0
602 850 0
310 852 0
543 908 0
87 509 0
109 636 0
220 841 0
55 509 0
270 869 0
836 895 0
242 414 0
809 955 0
788 801 0
346 767 0
301 729 0
5 905 0
439 946 0
407 518 0
222 332 0
302 650 0
410 445 0
261 796 0
572 865 0
22 469 0
897 1022 0
276 755 0
454 654 0
645 875 0
639 933 0
15 931 0
2 689 0
133 328 0
684 957 0
259 787 0
536 692 0
344 943 0
271 410 0
126 1005 0
530 662 0
61 224 0
890 1012 0
638 745 0
299 599 0
319 432 0
857 946 0
787 903 0
322 451 0
286 773 0
849 945 0
464 605 0
184 876 0
70 76 0
369 746 0
123 180 0
523 648 0
223 360 0
529 717 0
631 689 0
263 897 0
20 931 0
608 889 0
411 959 0
226 398 0
150 874 0
687 944 0
253 639 0
354 897 0
86 967 0
11 592 0
24 768 0
651 836 0
168 936 0
95 726 0
108 736 0
709 1021 0
666 804 0
283 864 0
158 255 0
360 731 0
264 504 0
398 806 0
35 70 0
209 359 0
6 856 0
30 205 0
320 838 0
51 380 0
69 857 0
95 739 0
526 933 0
600 877 0
445 837 0
356 407 0
563 719 0
714 725 0
181 845 0
137 437 0
29 115 0
363 638 0
362 542 0
232 771 0
284 716 0
646 920 0
319 651 0
743 874 0
515 711 0
309 682 0
183 760 0
288 797 0
198 674 0
398 956 0
543 577 0
710 820 0
438 858 0
259 781 0
695 977 0
355 549 0
169 316 0
148 249 0
52 103 0
299 933 0
153 756 0
57 831 0
441 923 0
112 588 0
93 144 0
929 998 0
676 788 0
513 665 0
362 385 0
599 649 0
92 528 0
605 619 0
212 830 0
174 602 0
943 1018 0
446 908 0
180 833 0
601 712 0
802 816 0
69 319 0
547 705 0
104 396 0
151 586 0
285 528 0
377 474 0
183 533 0
526 693 0
173 585 0
130 601 0
134 304 0
110 272 0
385 440 0
49 873 0
674 699 0
827 981 0
381 920 0
151 783 0
219 598 0
449 949 0
159 398 0
181 863 0
190 295 0
45 411 0
250 752 0
419 648 0
454 781 0
287 472 0
527 945 0
185 721 0
235 405 0
291 608 0
320 705 0
664 676 0
858 946 0
393 395 0
198 915 0
291 675 0
431 626 0
392 589 0
160 161 0
172 246 0
207 694 0
244 470 0
173 539 0
76 213 0
658 1003 0
42 571 0
350 687 0
443 452 0
22 521 0
174 530 0
630 693 0
255 367 0
825 952 0
842 916 0
70 191 0
161 597 0
604 625 0
63 626 0
130 235 0
186 300 0
415 816 0
536 651 0
110 607 0
407 766 0
185 248 0
680 906 0
488 623 0
391 1023 0
491 837 0
396 512 0
40 619 0
131 980 0
397 445 0
337 883 0
387 971 0
194 935 0
371 694 0
329 820 0
138 525 0
646 680 0
382 523 0
836 1015 0
388 640 0
213 918 0
325 966 0
197 506 0
347 534 0
446 735 0
408 845 0
508 740 0
38 216 0
113 934 0
234 934 0
410 940 0
33 845 0
215 545 0
641 873 0
508 817 0
98 930 0
618 629 0
629 839 0
331 912 0
368 722 0
112 877 0
112 679 0
223 281 0
425 909 0
726 795 0
72 160 0
47 530 0
261 649 0
317 445 0
361 473 0
610 902 0
334 822 0
392 428 0
638 735 0
533 764 0
55 280 0
587 827 0
238 351 0
903 1001 0
85 762 0
79 121 0
110 155 0
217 403 0
20 180 0
215 730 0
8 529 0
300 641 0
281 968 0
270 427 0
177 560 0
404 814 0
300 683 0
255 483 0
142 378 0
142 484 0
526 627 0
116 257 0
255 643 0
73 817 0
546 684 0
75 889 0
591 636 0
619 904 0
710 1001 0
752 797 0
271 740 0
846 942 0
680 969 0
414 957 0
57 80 0
69 779 0
311 792 0
225 635 0
94 755 0
510 883 0
304 308 0
304 705 0
466 951 0
123 685 0
150 953 0
96 764 0
651 991 0
260 643 0
63 486 0
80 120 0
225 523 0
807 940 0
309 650 0
246 961 0
585 939 0
675 805 0
40 491 0
564 935 0
576 1005 0
629 842 0
380 640 0
572 695 0
128 585 0
280 321 0
205 628 0
711 832 0
394 805 0
118 773 0
395 594 0
125 615 0
486 826 0
253 502 0
171 618 0
511 1013 0
68 923 0
159 279 0
724 942 0
521 859 0
623 779 0
375 456 0
246 275 0
310 947 0
463 479 0
103 675 0
112 142 0
851 867 0
463 721 0
140 785 0
199 851 0
221 333 0
830 1014 0
572 935 0
608 967 0
11 997 0
458 838 0
380 800 0
431 569 0
124 607 0
114 918 0
48 919 0
101 168 0
53 200 0
111 933 0
568 989 0
92 976 0
415 613 0
108 857 0
603 730 0
13 370 0
474 772 0
228 753 0
359 487 0
959 1020 0
3 305 0
185 817 0
120 310 0
824 953 0
94 570 0
577 706 0
913 979 0
331 575 0
247 561 0
157 914 0
123 946 0
57 513 1
735 787 0
668 827 0
616 854 0
140 692 0
377 481 0
293 559 0
403 636 0
29 226 0
384 918 0
39 72 0
227 571 0
483 647 0
341 563 0
542 976 0
138 413 0
244 795 0
212 399 0
828 881 0
176 648 0
85 818 0
84 301 0
297 763 0
99 581 0
176 828 0
61 624 0
299 967 0
745 865 0
462 545 0
389 582 0
636 682 0
290 406 0
89 827 0
73 883 0
306 514 0
121 737 0
73 415 0
758 888 0
81 356 0
63 760 0
82 373 0
24 773 0
513 580 0
765 995 0
22 742 0
247 719 0
196 938 0
284 477 0
477 783 0
478 991 0
291 644 0
488 911 0
234 1022 1
295 313 0
558 684 0
789 865 0
293 907 0
242 641 0
143 240 0
21 817 0
770 993 0
703 988 0
56 129 0
254 472 0
89 635 0
35 742 0
151 171 0
257 697 0
15 249 0
132 145 0
259 681 0
251 251 0
572 884 0
198 510 0
805 854 0
647 731 0
185 458 0
593 739 0
482 855 0
107 559 0
503 895 0
110 222 0
66 974 0
769 937 0
84 338 0
130 950 0
591 785 0
56 202 0
408 529 0
685 984 0
52 463 0
263 316 0
237 497 0
204 977 0
328 472 0
457 565 0
13 263 0
657 762 0
101 167 0
532 638 0
487 963 0
721 755 0
34 494 0
1 560 0
557 979 0
81 557 0
427 988 0
436 878 0
260 801 0
172 915 0
543 875 0
178 794 0
35 231 0
455 750 0
341 594 0
159 1011 0
450 741 0
153 422 0
335 390 0
529 665 0
157 817 0
637 809 0
336 442 0
44 717 0
175 411 0
176 959 0
378 977 0
857 914 0
2 652 0
349 623 0
167 812 0
246 352 0
202 660 0
306 514 0
141 157 0
652 786 0
741 828 0
169 388 0
852 888 0
61 405 0
246 345 0
284 848 0
275 920 0
448 578 0
47 900 0
314 757 0
304 625 0
357 945 0
431 843 0
360 1023 0
91 753 0
511 859 0
202 710 0
641 859 0
447 941 0
251 785 0
235 420 0
585 731 0
390 546 0
312 873 0
123 386 0
257 826 0
621 802 0
83 705 0
285 612 0
33 821 0
298 629 0
556 726 0
313 318 0
165 479 0
401 977 0
138 795 0
124 915 0
319 508 0
364 451 0
95 554 0
38 330 0
6 830 0
484 992 0
556 745 0
493 782 0
218 663 0
238 997 0
63 816 0
97 962 0
132 436 0
438 895 0
13 450 0
872 911 0
68 306 0
644 740 0
47 276 0
355 486 0
190 383 0
114 1022 0
557 819 0
426 622 0
103 515 0
449 959 0
61 714 0
405 498 0
83 898 0
351 961 0
236 302 0
307 660 0
206 620 0
617 796 0
376 441 0
289 962 0
304 687 0
194 645 0
137 773 0
83 208 0
109 365 0
349 721 0
186 495 0
288 767 0
155 628 0
303 932 0
27 407 0
61 906 0
773 910 0
187 668 0
82 749 0
10 669 0
142 153 0
62 859 0
348 538 0
181 542 0
6 527 0
912 913 0
904 982 0
85 148 0
572 729 0
6 407 0
210 547 0
740 870 0
285 485 0
67 821 0
684 776 0
240 465 0
138 221 0
418 596 0
386 834 0
262 533 0
608 661 0
372 682 0
671 709 0
45 681 0
315 908 0
327 662 0
257 943 0
643 678 0
834 1021 0
754 1001 0
771 811 0
316 664 0
844 963 0
578 998 0
669 894 0
311 734 0
88 952 0
466 638 0
544 923 0
423 644 0
9 750 0
521 808 0
442 933 0
5 490 0
139 920 0
763 998 0
231 903 0
30 43 0
244 686 0
22 237 0
85 127 0
358 870 0
358 392 0
400 671 0
4 857 0
65 697 0
166 594 0
775 791 0
780 955 0
661 963 0
21 671 0
638 640 0
764 770 0
517 671 0
300 781 0
208 374 0
239 735 0
67 447 0
612 808 0
119 715 0
592 611 0
257 795 0
240 481 0
323 700 0
270 1012 0
542 852 0
93 517 0
16 672 0
120 756 0
846 867 0
582 900 0
151 943 0
384 431 0
137 693 0
120 547 0
181 818 0
469 776 0
692 837 0
943 972 0
766 961 0
528 993 0
230 875 0
134 831 0
529 854 0
514 951 0
93 1000 0
710 721 0
455 594 0
2 888 0
868 1021 0
221 275 0
254 617 0
611 652 0
155 739 0
123 267 0
816 945 0
542 646 0
100 667 0
642 998 0
208 323 0
66 845 0
570 978 0
669 712 0
879 911 0
72 233 0
106 341 0
144 546 0
195 221 0
127 264 0
759 970 0
528 792 0
8 788 0
463 745 0
593 734 0
966 1011 0
373 1002 0
196 494 0
673 967 0
485 559 0
443 763 0
227 746 0
111 589 0
194 298 0
215 1019 0
441 581 0
127 937 0
165 546 0
697 952 0
147 237 0
842 1017 0
80 168 0
323 508 0
503 865 0
349 724 0
561 865 0
70 178 0
31 330 0
47 159 0
403 789 0
37 376 1
45 898 0
599 642 0
369 441 0
20 451 0
13 410 0
153 590 0
705 719 0
814 946 0
381 499 0
730 750 0
168 748 0
479 890 0
202 296 0
615 707 0
98 543 0
308 384 0
351 534 0
655 875 0
393 603 0
187 356 0
272 304 0
110 969 0
7 458 0
91 564 0
123 916 0
321 628 0
468 981 0
895 1006 0
803 861 0
294 967 0
395 563 0
263 1000 0
868 897 0
228 608 0
181 748 0
565 921 0
695 890 0
206 404 0
489 722 0
17 866 0
128 573 0
192 748 0
157 314 0
703 877 0
413 797 0
647 785 0
300 716 0
848 899 0
167 816 0
231 276 0
226 480 0
106 660 0
623 839 0
319 824 0
158 557 0
681 730 0
341 870 0
830 995 0
532 647 0
453 620 0
78 475 0
597 964 0
280 755 0
242 947 0
160 701 0
323 632 0
248 553 0
134 165 0
515 897 0
42 585 0
80 953 0
852 1016 0
769 904 0
754 915 0
482 938 0
555 818 0
351 547 0
267 660 0
523 713 0
191 881 0
366 558 0
576 763 0
96 166 0
824 963 0
767 821 0
637 882 0
144 554 0
88 366 0
406 886 0
78 872 0
186 721 0
400 769 0
384 696 0
264 330 0
498 865 0
343 835 0
457 742 0
649 723 0
382 428 0
239 852 0
121 823 0
243 516 0
446 869 0
129 952 0
141 636 0
465 854 0
584 770 0
252 257 0
482 906 0
216 399 0
7 254 0
255 322 0
26 569 0
338 630 0
316 456 0
46 907 0
551 576 0
439 846 0
349 804 0
191 851 0
159 467 0
516 641 0
489 855 0
294 832 0
13 413 0
538 703 0
770 828 0
22 642 0
31 218 0
171 855 0
101 268 0
537 696 0
347 852 0
333 611 0
290 471 0
70 106 0
601 858 0
46 399 0
782 890 0
858 1019 0
15 1012 0
371 660 0
319 854 0
225 772 0
80 784 0
72 931 0
679 1022 0
178 242 0
169 401 0
939 1002 0
658 900 0
361 486 0
605 709 0
656 774 0
365 850 0
583 681 0
59 841 0
329 951 0
335 486 0
129 195 0
235 733 0
835 957 0
164 577 0
438 769 0
300 534 0
51 783 0
326 989 0
169 552 0
338 735 1
20 167 0
492 718 0
81 831 0
793 863 0
395 640 0
237 536 0
700 907 0
99 219 0
378 863 0
808 866 0
833 919 0
508 1023 0
337 659 0
109 764 0
943 998 0
840 942 0
109 550 0
306 868 0
291 731 0
226 248 0
479 924 0
499 879 0
343 443 0
431 890 0
449 638 0
801 888 0
321 968 0
327 710 0
41 564 0
159 536 0
75 762 0
312 558 0
93 896 0
120 954 0
314 437 0
252 921 0
827 904 0
591 949 0
281 747 0
252 864 0
212 266 0
77 167 0
138 456 0
698 703 0
344 614 0
52 333 0
108 124 0
102 566 0
722 817 0
83 320 0
270 476 0
880 893 0
811 1012 0
137 315 0
604 808 0
54 107 0
15 817 0
258 967 0
450 914 0
390 756 0
746 920 0
21 337 0
544 581 0
201 406 0
91 255 0
10 288 0
133 503 0
210 252 0
236 870 0
12 137 0
248 804 0
156 368 0
54 313 0
219 511 0
155 512 0
181 991 0
893 949 0
552 824 0
3 685 0
676 944 0
477 646 0
87 447 0
91 312 0
659 911 0
64 923 0
297 753 0
18 971 0
301 778 0
392 633 0
509 985 0
176 369 0
16 479 0
643 711 0
102 1001 0
86 227 0
171 203 0
791 858 0
208 498 0
185 727 0
150 914 0
941 956 0
47 445 0
474 761 0
980 983 0
298 714 0
209 507 0
90 229 0
579 638 0
97 924 0
161 633 0
71 512 0
383 453 0
858 880 0
281 962 0
624 709 0
130 597 0
631 892 0
208 313 0
130 453 0
273 570 0
679 911 0
150 177 0
281 872 0
295 875 0
118 680 0
899 951 0
498 610 0
540 807 0
802 995 0
758 787 0
268 326 0
339 486 0
115 1021 0
227 994 0
373 391 0
634 795 0
261 499 0
76 950 0
425 965 0
313 631 0
150 905 0
46 172 0
33 553 0
500 575 0
72 520 0
479 555 0
289 667 0
23 901 0
97 600 0
16 428 0
492 733 0
198 292 0
169 865 0
507 737 0
408 751 0
42 586 0
755 906 0
167 179 0
844 935 0
66 326 0
457 581 0
546 748 0
106 145 0
314 495 0
318 839 0
546 941 0
464 719 0
640 902 0
45 998 0
573 827 0
862 931 0
219 417 0
132 144 0
699 763 0
648 700 0
183 1001 0
754 977 0
105 952 0
49 576 0
507 781 0
708 794 0
684 717 0
799 829 0
332 533 0
477 856 0
225 650 0
381 817 0
116 487 0
90 589 0
347 825 0
384 627 0
507 585 0
31 704 0
405 1022 0
73 638 0
335 651 0
298 837 0
160 680 0
501 622 0
324 796 0
179 836 0
35 146 0
603 865 0
155 1014 0
804 952 0
501 751 0
433 905 0
82 900 0
696 779 0
155 651 0
457 879 0
411 845 0
51 987 0
723 851 0
381 581 0
646 815 0
228 304 0
281 745 0
523 672 0
269 524 0
56 704 0
134 926 0
125 608 0
403 809 0
158 939 0
521 628 0
195 555 0
447 501 0
68 883 0
933 1014 0
152 865 0
483 501 0
643 730 0
267 1021 0
197 842 0
86 603 0
103 625 0
180 997 0
197 313 0
121 835 0
488 1012 0
394 482 0
380 992 0
530 753 0
671 946 0
210 400 0
249 447 0
22 36 0
235 413 0
538 709 0
501 632 0
9 561 0
166 262 0
271 733 0
824 921 0
66 521 0
887 957 0
123 1013 0
969 994 0
117 564 0
288 631 0
287 863 0
466 494 0
169 505 0
508 531 0
622 998 0
606 955 0
153 362 0
752 1001 0
39 249 0
401 779 0
40 993 0
504 840 0
207 517 0
62 154 0
163 430 0
617 618 0
650 817 0
422 805 0
822 890 0
442 846 0
761 852 0
235 581 0
307 499 0
162 582 0
279 572 0
84 301 0
476 489 0
500 516 0
480 824 0
442 904 0
60 281 0
41 448 0
70 437 0
655 712 0
308 965 0
157 848 0
452 609 0
345 927 0
857 920 0
365 701 0
11 953 0
211 382 0
365 953 0
585 723 0
28 347 0
521 737 0
348 629 0
240 248 0
135 756 0
759 891 0
567 586 0
627 811 0
20 458 0
777 847 0
168 394 0
122 852 0
517 577 0
308 310 0
55 440 0
844 996 0
672 865 0
417 850 0
352 673 0
355 716 0
653 713 0
704 1017 0
341 697 0
275 731 0
31 135 0
656 694 0
104 1021 0
799 865 0
119 347 0
303 582 0
226 599 0
533 583 0
616 675 0
590 829 0
492 952 0
506 799 0
54 373 0
725 822 0
172 710 0
549 698 0
110 187 0
65 122 0
99 780 0
132 244 0
8 603 0
462 940 0
108 651 0
350 920 0
514 900 0
476 533 0
78 281 0
855 882 0
49 1008 0
59 285 0
379 906 0
525 773 0
63 921 0
184 455 0
689 965 0
795 1011 0
214 732 0
27 618 0
97 197 0
26 669 0
163 719 0
456 586 0
275 757 0
783 795 0
428 635 0
762 958 0
183 531 0
236 519 0
413 918 0
128 184 0
515 960 0
255 746 0
102 286 0
193 429 0
20 294 0
309 568 0
459 577 0
291 347 0
10 489 0
89 861 0
410 429 0
277 996 0
404 615 0
146 220 0
169 401 0
617 889 0
545 917 0
9 865 0
983 1005 0
295 477 0
226 659 0
374 589 0
201 377 0
749 875 0
724 892 0
336 716 0
218 692 0
190 747 0
81 490 0
823 877 0
323 919 0
594 961 0
136 428 0
381 894 0
599 748 0
256 655 0
227 360 0
190 378 0
311 438 0
224 526 0
687 1016 0
555 845 0
209 269 0
51 657 0
268 517 0
894 925 0
452 584 0
465 932 0
700 840 0
386 810 0
96 300 0
555 669 0
316 591 0
182 296 0
16 309 0
742 752 0
118 378 0
112 909 0
407 701 0
101 609 0
489 795 0
413 674 0
303 811 0
392 584 0
684 921 0
257 711 0
373 575 0
491 725 0
651 870 0
513 836 0
97 730 1
575 585 0
286 772 0
113 543 0
47 58 0
207 893 0
581 774 0
154 709 0
78 979 0
186 551 0
79 327 0
72 500 0
198 937 0
677 1008 0
38 571 0
484 859 0
662 804 0
114 495 0
52 306 0
201 851 0
22 398 0
351 671 0
386 853 0
155 1022 0
229 788 0
171 889 0
87 814 0
20 756 0
308 856 0
815 849 0
623 711 0
373 589 0
457 846 0
634 1015 0
696 723 0
140 878 0
396 528 0
54 566 0
59 403 0
470 937 0
21 757 0
758 952 0
502 510 0
11 272 0
309 468 0
452 933 0
53 906 0
293 452 0
493 883 0
4 352 0
363 497 0
134 645 0
205 957 0
119 905 0
570 677 0
296 766 0
408 437 0
604 695 0
796 833 0
308 840 0
222 765 0
116 160 0
367 1005 0
272 584 0
251 399 0
186 607 0
170 789 0
191 945 0
910 1010 0
304 853 0
32 623 0
52 414 0
659 879 0
113 681 0
437 879 0
337 342 0
193 286 0
956 963 0
55 229 0
972 996 0
37 272 0
283 945 0
41 343 0
52 582 0
194 519 0
141 732 0
450 741 0
670 847 0
453 559 0
65 921 0
608 659 0
480 521 0
645 729 0
893 952 0
215 524 0
32 686 0
22 613 0
186 514 0
526 539 0
412 463 0
632 994 0
257 567 0
921 1008 0
94 97 0
230 248 0
353 472 0
151 948 0
293 666 0
679 982 0
767 1020 0
390 825 0
400 425 0
3 181 0
603 927 0
447 499 0
299 302 0
608 915 0
530 947 0
27 855 0
683 971 0
513 687 0
265 763 0
720 925 0
700 829 0
315 550 0
411 988 0
248 880 0
156 203 0
184 765 0
1 660 0
414 529 0
227 799 0
144 807 0
299 640 0
98 367 0
133 329 0
617 949 0
436 1020 0
240 559 0
21 902 0
58 609 0
664 696 0
189 978 0
86 682 0
535 731 0
401 860 0
23 693 0
94 857 0
746 891 0
322 816 0
1 692 0
220 552 0
299 879 0
89 497 0
144 288 0
881 1002 0
651 777 0
400 831 0
56 442 0
139 265 0
78 950 0
317 700 0
175 345 0
6 12 0
106 810 0
132 432 0
128 445 0
713 948 0
396 627 0
168 889 0
23 128 0
879 891 0
68 649 0
210 272 0
147 152 0
486 882 0
270 515 0
264 505 0
386 620 0
393 606 0
238 356 0
483 974 0
72 349 0
391 658 0
664 812 0
395 559 0
377 777 0
235 662 0
215 888 0
634 884 0
373 552 0
76 993 0
247 533 0
76 765 0
369 733 0
837 968 0
127 150 0
138 307 0
407 817 0
647 759 0
484 883 0
18 427 0
286 727 0
221 516 0
706 804 0
520 881 0
61 199 0
322 788 0
263 745 0
208 340 0
141 672 0
239 612 0
538 626 0
78 852 0
10 917 0
642 689 0
335 823 0
466 718 0
178 449 0
480 562 0
360 530 0
228 859 0
450 774 0
419 432 0
535 828 0
213 493 0
103 1020 0
633 717 0
420 1019 0
179 456 0
250 614 0
428 976 0
950 1017 0
73 587 0
456 542 0
453 599 0
42 864 0
69 134 0
395 435 0
394 862 0
75 595 0
390 590 0
49 652 0
605 623 0
199 803 0
275 583 0
367 599 0
378 413 0
717 896 0
184 703 0
458 574 0
273 574 0
130 221 0
544 637 0
325 448 0
673 752 0
251 613 0
641 814 0
35 891 0
233 407 0
276 746 0
551 713 0
358 863 0
301 773 0
128 683 0
193 421 0
448 968 0
708 737 0
261 635 0
51 915 0
755 926 0
75 386 0
39 905 0
36 974 0
38 463 0
341 699 0
543 959 0
80 865 0
10 900 0
900 941 0
223 993 0
514 518 0
581 849 0
357 607 0
642 887 0
315 898 0
657 668 0
492 686 0
372 799 0
889 1017 0
539 1000 0
643 736 0
840 998 0
568 767 0
159 859 0
59 324 0
28 380 0
992 1014 0
199 603 0
167 831 0
42 133 0
423 705 0
179 1014 0
272 387 0
275 788 0
358 662 0
81 1017 0
375 976 0
87 343 0
279 864 0
119 370 0
312 329 0
586 603 0
694 954 0
212 366 0
338 347 0
166 289 0
678 802 0
108 495 0
486 679 0
203 356 0
761 856 0
662 672 0
148 439 0
427 984 0
79 309 0
749 962 0
701 900 0
689 729 0
383 411 0
325 555 0
231 761 0
142 848 0
78 408 0
334 874 0
157 515 0
363 752 0
57 432 0
178 905 0
125 810 0
304 599 0
28 315 0
278 318 0
533 623 0
504 770 0
543 968 0
305 473 0
69 800 0
484 713 0
451 478 0
558 658 0
49 677 0
296 335 0
195 502 0
132 727 0
562 996 0
399 521 0
46 385 0
53 154 0
159 720 0
558 758 0
435 924 0
501 663 0
702 815 0
169 593 0
7 901 0
251 487 0
8 34 0
203 590 0
347 461 0
265 342 0
340 851 0
817 1018 0
464 782 0
83 838 0
251 372 0
624 869 0
215 829 0
115 364 0
591 961 0
144 189 0
75 885 0
484 760 0
337 986 0
447 459 0
568 940 0
129 459 0
119 265 0
186 666 0
482 999 0
349 420 0
567 737 0
491 830 0
270 544 0
110 614 0
536 713 0
347 670 0
302 658 0
347 366 0
40 771 0
8 144 0
268 673 0
398 753 0
163 582 0
60 794 0
210 688 0
126 701 0
639 887 0
2 904 0
318 619 0
480 646 0
127 617 0
204 748 0
496 597 0
264 869 0
175 1019 0
223 407 0
327 1016 0
195 405 0
120 874 0
771 989 0
570 794 0
33 496 0
387 969 0
440 629 0
121 1000 0
387 661 0
297 977 0
301 667 0
201 591 0
99 633 0
382 777 0
667 738 0
72 196 0
286 835 0
369 975 0
16 106 0
230 413 0
503 532 0
251 839 0
165 212 0
986 1017 0
179 654 0
423 872 0
55 76 0
49 696 0
67 299 0
371 821 0
219 330 0
315 995 0
111 302 0
78 513 0
156 800 0
39 520 0
548 924 0
371 473 0
160 173 0
141 420 0
118 503 0
18 739 0
8 358 0
126 703 0
67 789 0
93 127 0
501 961 0
354 946 0
13 760 0
192 259 0
990 1003 0
895 924 0
161 179 0
650 696 0
64 257 0
743 1018 0
323 898 0
99 274 0
204 774 0
527 532 0
63 183 0
476 1006 0
737 921 0
273 707 0
791 911 0
103 540 0
672 765 0
459 464 0
403 544 0
765 832 0
399 443 0
114 568 0
90 755 0
251 492 0
597 660 0
521 1022 0
565 759 0
210 739 0
13 979 0
640 749 0
18 831 0
525 659 0
751 852 0
566 805 0
232 268 0
719 890 0
576 889 0
597 780 0
128 959 0
726 862 0
393 708 0
606 887 0
824 847 0
369 948 0
154 674 0
402 834 0
65 868 0
197 315 0
93 294 0
55 270 0
42 631 0
494 647 0
341 611 0
177 754 0
296 346 0
170 718 0
139 456 0
365 770 0
614 641 0
684 919 0
397 553 0
634 887 0
446 965 0
92 739 0
986 1007 0
889 960 0
253 551 0
21 342 0
57 372 0
138 140 0
45 179 0
591 731 0
735 871 0
725 1000 0
686 1012 0
866 941 0
348 431 0
270 597 0
641 735 0
535 700 0
40 173 0
39 500 0
69 221 0
108 503 0
50 363 0
128 330 0
373 981 0
511 679 0
616 619 0
545 862 0
523 996 0
173 522 0
649 767 0
313 764 0
127 314 0
81 766 0
505 1002 0
368 540 0
410 542 0
335 715 0
80 774 0
350 736 0
55 73 0
378 450 0
708 925 0
24 267 0
100 473 0
674 892 0
834 849 0
5 491 0
209 372 0
22 194 0
408 662 0
222 702 0
493 753 0
666 714 0
359 880 0
58 796 0
589 720 0
189 560 0
118 274 0
62 318 0
402 978 0
53 709 0
566 703 0
196 375 0
902 981 0
580 845 0
374 387 0
68 177 0
41 693 0
236 384 0
210 521 0
373 678 0
242 534 0
267 569 0
464 824 0
202 265 0
655 693 0
11 585 0
3 849 0
33 180 0
639 724 0
534 652 0
723 908 0
233 927 0
177 196 0
311 462 0
396 838 0
150 733 0
324 398 0
627 969 0
709 990 0
218 973 0
20 236 0
244 710 0
339 733 0
3 363 0
53 918 0
571 710 0
80 238 0
341 994 0
276 560 0
110 418 0
174 253 0
510 583 0
92 175 0
47 206 0
586 688 0
314 573 0
224 327 0
356 658 0
54 639 0
44 327 0
564 752 0
667 959 0
308 638 0
319 700 0
358 513 0
8 990 0
325 631 0
284 986 0
28 390 0
76 164 0
631 996 0
131 521 0
3 598 0
89 849 0
197 480 0
738 781 0
508 923 0
691 814 0
188 212 0
214 726 0
151 415 0
362 1000 0
630 745 0
37 379 0
870 965 0
162 901 0
335 335 0
611 688 0
350 768 0
271 384 0
335 953 0
345 1004 0
824 925 0
840 948 0
275 891 0
354 815 0
28 802 0
682 997 0
155 174 0
166 225 0
644 938 0
223 489 0
615 904 0
544 674 0
612 835 0
34 497 0
204 891 0
400 930 0
848 1022 0
464 682 0
839 886 0
572 619 0
733 862 0
125 377 0
172 521 0
122 208 0
519 674 0
242 628 0
171 556 0
699 735 0
324 600 0
456 610 0
201 975 0
296 871 0
471 886 0
439 874 0
336 887 0
896 943 0
554 611 0
339 385 0
570 961 0
555 597 0
80 245 0
257 788 0
480 720 0
673 865 0
497 762 0
106 459 0
363 762 0
155 158 0
83 599 0
35 90 0
77 1017 0
330 821 0
733 949 0
229 889 0
234 936 0
275 664 0
152 556 0
227 611 0
695 866 0
136 473 0
168 569 0
441 559 0
229 928 0
611 883 0
258 734 0
312 714 0
724 892 0
663 899 0
285 950 0
35 83 0
650 843 0
514 1016 0
39 799 0
486 681 0
173 602 0
147 151 0
819 935 0
248 270 0
293 916 0
345 590 0
959 979 0
349 580 0
666 749 0
162 427 0
140 293 0
765 902 0
785 1018 0
111 735 0
379 546 0
444 941 0
180 688 0
148 495 0
437 440 0
93 261 0
455 547 0
451 686 0
693 744 0
202 482 0
295 878 0
193 850 0
31 609 0
768 840 0
438 520 0
44 432 0
796 918 0
691 907 0
4 314 0
130 948 0
21 466 0
529 869 0
173 974 0
246 885 0
324 399 0
226 1001 0
44 94 0
268 515 0
416 817 0
268 459 0
284 301 0
515 535 0
275 1007 0
151 671 0
879 967 0
625 827 0
82 827 0
130 771 0
467 739 0
328 640 0
16 1020 0
757 986 0
350 452 0
39 765 0
470 568 0
610 734 0
272 766 0
298 400 0
105 818 0
17 204 0
319 392 0
365 502 0
222 579 0
101 183 0
850 989 0
84 180 0
712 715 0
114 729 0
62 262 0
266 911 0
21 606 0
151 747 0
679 792 0
202 379 0
335 635 0
508 798 0
832 869 0
38 773 0
78 438 0
78 790 0
35 694 0
299 313 0
143 471 0
378 591 0
526 745 0
295 655 0
824 920 0
201 654 0
16 977 0
365 929 0
180 390 0
376 715 0
498 800 0
141 839 0
87 308 0
577 820 0
318 653 0
64 877 0
263 709 0
112 253 0
414 689 0
300 918 0
444 990 0
630 690 0
105 652 0
515 808 0
250 388 0
577 844 0
233 348 0
416 850 0
229 939 0
971 975 0
876 946 0
137 1022 0
532 598 0
15 428 0
145 680 0
153 787 0
94 475 0
108 571 0
153 861 0
564 970 0
138 441 0
111 920 0
276 394 0
358 392 0
473 719 0
536 958 0
416 540 0
201 269 0
202 767 0
168 774 0
565 1013 0
71 978 0
13 173 0
658 861 0
255 928 0
636 1005 0
263 931 0
131 815 0
504 819 0
61 615 0
89 785 0
354 397 0
6 582 0
24 940 0
176 221 0
484 624 0
292 821 0
358 961 0
54 630 0
367 725 0
285 671 0
779 860 0
454 1017 0
670 884 0
28 460 0
546 798 0
37 934 0
899 966 0
220 237 0
268 652 0
347 908 0
132 855 0
24 513 0
36 278 0
509 748 0
351 851 0
440 992 0
503 764 0
433 1002 0
326 442 0
111 933 0
539 576 0
373 590 0
223 695 0
132 863 0
685 719 0
217 755 0
733 824 0
390 424 0
20 452 0
303 855 0
422 441 0
504 593 0
113 370 0
232 777 0
671 782 0
479 678 0
392 1013 0
107 171 0
219 759 0
355 969 0
16 611 0
166 464 0
254 722 0
643 671 0
223 682 0
360 802 0
375 597 0
69 945 0
100 893 0
291 576 0
61 325 0
487 586 0
39 491 0
24 791 0
170 347 0
496 922 0
211 341 0
783 927 0
136 679 0
473 995 0
509 927 0
179 598 0
121 966 0
915 954 0
96 415 0
324 874 0
771 958 0
580 982 0
895 994 0
117 967 0
141 161 0
28 108 0
32 113 0
14 774 0
266 953 0
642 672 0
97 474 0
801 881 0
508 560 0
415 568 0
454 1005 0
233 312 0
66 825 0
718 861 0
6 546 0
650 1020 0
213 801 0
36 388 0
370 694 0
694 963 0
285 838 0
257 854 0
592 913 0
416 477 0
403 432 0
96 485 0
43 156 0
824 955 0
524 606 0
75 747 0
258 456 0
15 449 0
138 843 0
499 751 0
349 544 0
926 937 0
744 788 0
350 588 0
401 513 0
158 193 0
488 594 0
123 566 0
135 649 0
845 852 0
633 878 0
684 700 0
20 174 0
411 786 0
935 994 0
89 587 0
366 419 0
833 930 0
745 873 0
318 891 0
387 725 0
104 975 0
281 683 0
637 688 0
233 861 0
215 863 0
128 1003 0
380 785 0
749 997 0
91 417 0
773 831 0
269 924 0
88 757 0
526 723 0
67 958 0
640 677 0
416 476 0
163 306 0
154 639 0
592 941 0
127 356 0
54 355 0
732 759 0
794 912 0
63 609 0
225 264 0
37 535 0
107 357 0
149 439 0
190 409 0
151 926 0
245 954 0
183 363 0
226 640 0
75 757 0
48 416 0
588 700 0
881 941 0
49 433 0
674 831 0
591 600 0
240 701 0
128 812 0
296 404 0
595 829 0
430 999 0
150 742 0
406 546 0
153 634 0
124 476 0
213 661 0
62 548 0
219 884 0
67 608 0
311 529 0
225 601 0
440 611 0
705 1000 0
460 486 0
752 848 0
134 947 0
42 181 0
751 1008 0
647 760 0
336 370 0
119 445 0
503 582 0
702 968 0
183 230 0
831 940 0
306 805 0
546 694 0
66 598 0
43 903 0
23 756 0
392 1003 0
435 695 0
229 374 0
467 659 0
147 482 0
130 630 0
122 312 0
26 575 0
823 905 0
268 731 0
816 1006 0
420 630 0
222 830 0
464 606 0
184 466 0
290 1000 0
474 591 0
620 771 0
325 444 0
395 653 0
762 934 0
235 538 0
39 978 0
122 231 0
419 961 0
572 745 0
686 841 0
31 695 0
423 676 0
801 1013 0
927 931 0
648 957 0
457 914 0
694 698 0
257 317 0
348 886 0
167 864 0
842 946 0
226 327 0
58 631 0
73 714 0
12 49 0
539 811 0
55 766 0
214 987 0
82 818 0
23 864 0
162 754 0
289 598 0
48 818 0
396 878 0
62 211 0
231 1012 0
145 937 0
420 778 0
356 743 0
77 723 0
745 957 0
545 774 0
262 467 0
897 898 0
276 657 0
393 553 0
335 940 0
265 930 0
422 784 0
475 883 0
340 681 0
246 268 0
436 760 0
159 1004 0
448 501 0
225 692 0
697 919 0
52 785 0
871 1019 0
531 982 0
366 477 0
375 793 0
37 1015 0
348 471 0
290 610 0
456 969 0
744 774 0
323 1017 0
240 532 0
471 718 0
553 675 0
524 1021 0
450 505 0
807 866 0
87 745 0
818 946 0
100 918 0
447 746 0
372 558 0
571 923 0
106 907 0
360 607 0
45 317 0
290 674 0
672 977 0
357 441 0
537 589 0
253 657 0
363 495 0
635 907 0
623 1016 0
625 726 0
423 730 0
406 925 0
70 338 0
522 540 0
203 407 0
345 971 0
166 904 0
407 672 0
2 607 0
179 549 0
437 487 0
631 715 0
485 511 0
71 120 0
85 780 0
398 591 0
75 182 0
348 626 0
769 916 0
27 692 0
55 236 0
322 964 0
355 613 0
495 882 0
214 456 0
381 790 0
709 869 0
437 719 0
116 865 0
398 727 0
213 801 0
991 1006 0
99 573 0
276 709 0
403 704 0
512 528 0
759 887 0
458 738 0
715 927 0
2 72 0
839 900 0
532 602 0
66 357 0
354 529 0
871 1015 0
46 333 0
617 926 0
18 678 0
114 800 0
39 856 0
511 733 0
445 556 0
57 464 0
289 318 0
506 506 0
149 557 0
155 482 0
340 462 0
319 730 0
54 229 0
95 527 0
208 300 0
400 777 0
282 1016 0
21 691 0
34 318 0
72 186 0
537 644 0
96 730 0
511 722 0
63 611 0
461 930 0
49 181 0
325 549 0
322 422 0
100 400 0
658 919 0
387 909 0
268 865 0
187 983 0
325 664 0
173 256 0
93 802 0
43 703 0
260 429 0
786 852 0
494 520 0
229 437 0
554 738 0
13 869 0
70 380 0
115 943 0
393 398 0
655 965 0
69 180 0
664 949 0
262 456 0
64 890 0
350 568 0
244 375 0
101 984 0
176 1022 0
181 229 0
4 1022 0
616 661 0
597 915 0
60 294 0
80 898 0
279 470 0
559 736 0
468 877 0
63 284 0
178 857 0
267 531 0
393 677 0
134 358 0
514 698 0
170 774 0
559 997 0
147 221 0
292 308 0
942 1017 0
667 960 0
233 688 0
615 974 0
271 681 0
356 826 0
512 775 0
408 640 0
112 200 0
296 304 0
148 841 0
236 776 0
606 699 0
125 337 0
79 766 0
21 370 0
351 899 0
2 19 0
460 750 0
283 290 0
107 735 0
423 510 0
229 564 0
279 608 0
80 510 0
375 771 0
87 572 0
8 598 0
282 723 0
416 550 0
12 119 0
144 405 0
818 826 0
286 641 0
448 478 0
158 632 0
176 449 0
258 1008 0
692 955 0
685 1008 0
369 452 0
402 859 0
260 883 0
42 712 0
339 552 0
82 540 0
484 846 0
103 525 0
120 729 0
645 954 0
282 746 0
98 218 0
611 684 0
737 825 0
305 959 0
656 795 0
726 904 0
59 155 0
349 866 0
92 219 0
68 696 0
294 897 0
445 803 0
377 474 0
165 300 0
326 911 0
153 242 0
951 977 0
155 742 0
304 824 0
168 415 0
54 1019 0
28 348 0
76 742 0
183 719 0
20 683 0
584 634 0
107 505 0
553 672 0
324 717 0
364 946 0
73 473 0
114 853 0
516 762 0
624 921 0
613 844 0
571 966 0
73 237 0
678 947 0
949 958 0
74 437 0
672 704 0
123 312 0
20 380 0
739 881 0
100 506 0
25 593 0
741 768 0
740 998 0
143 520 0
125 864 0
578 785 0
554 948 0
251 521 0
425 815 0
374 760 0
400 411 0
75 133 0
351 816 0
257 537 0
556 827 0
234 291 0
129 464 0
117 876 0
143 758 0
357 986 0
82 692 0
315 923 0
522 591 0
212 523 0
483 494 0
69 770 0
234 774 0
290 881 0
403 919 0
3 898 0
25 629 0
525 714 0
152 419 0
249 342 0
434 597 0
197 702 0
242 585 0
580 701 0
112 631 0
461 830 0
680 993 0
678 911 0
284 637 0
679 800 0
477 556 0
72 933 0
508 952 0
774 875 0
151 298 0
53 200 0
30 928 0
295 605 0
531 866 0
719 930 0
135 947 0
164 991 0
653 913 0
349 483 0
413 602 0
37 221 0
11 359 0
801 935 0
316 715 0
407 652 0
337 656 0
38 988 0
238 787 0
575 643 0
4 821 0
108 571 0
831 894 0
54 685 0
137 595 0
62 796 0
562 945 0
123 939 0
264 1006 0
366 857 0
15 657 0
271 936 0
98 1020 0
123 591 0
140 970 0
564 975 0
741 774 0
522 708 0
60 680 0
6 24 0
662 721 0
292 981 0
562 874 0
249 833 0
568 648 0
219 224 0
221 1014 0
414 734 0
598 747 0
11 676 0
777 943 0
114 694 0
136 443 0
182 457 0
114 230 0
309 380 0
525 604 0
121 674 0
46 720 0
86 794 0
393 832 0
513 843 0
699 951 0
541 672 0
188 832 0
21 460 0
366 661 0
742 1007 0
362 525 0
31 153 0
136 266 0
853 923 0
665 731 0
36 972 0
15 476 0
265 398 0
626 1006 0
287 722 0
144 384 0
243 782 0
736 1016 0
32 569 0
312 784 0
383 798 0
215 474 0
351 849 0
201 833 0
198 648 0
256 496 0
330 675 0
846 883 0
100 731 0
206 666 0
378 587 0
168 750 0
483 965 0
29 586 0
604 604 0
188 594 0
818 892 0
804 835 0
282 853 0
214 952 0
297 757 0
304 943 0
324 819 0
4 608 0
117 295 0
483 987 0
647 707 0
697 951 0
684 788 0
817 885 0
5 731 0
244 750 0
51 871 0
661 779 0
231 840 0
211 1006 0
908 934 0
764 914 0
144 562 0
807 971 0
563 1011 0
776 878 0
194 906 0
167 825 0
466 825 0
282 873 0
10 766 0
270 362 0
359 710 0
925 990 0
815 867 0
752 841 0
250 798 0
99 896 0
95 592 0
29 965 0
347 567 0
76 283 0
388 819 0
580 837 0
330 855 0
162 618 0
54 582 0
294 481 0
386 1012 0
677 896 0
555 989 0
439 848 0
409 474 0
734 943 0
700 738 0
152 449 0
531 660 0
359 715 0
399 491 0
256 630 0
76 411 0
468 814 0
345 786 0
289 453 0
84 556 0
846 868 0
623 730 0
118 374 0
96 773 0
208 681 0
158 211 0
514 927 0
53 493 0
688 830 0
203 665 0
753 972 0
804 827 0
644 877 0
1 250 0
214 907 0
177 372 0
320 709 0
226 871 0
536 704 0
865 885 0
31 45 0
143 644 0
391 499 0
432 697 0
127 453 0
526 971 0
158 773 0
415 500 0
107 832 0
376 577 0
342 593 0
508 713 0
807 845 0
28 250 0
105 679 0
90 347 0
529 596 0
484 941 0
233 884 0
617 800 0
511 766 0
24 944 0
138 933 0
793 931 0
190 760 0
54 680 0
746 952 0
98 565 0
240 519 0
246 961 0
152 301 0
428 759 0
133 519 0
615 630 0
386 618 0
164 592 0
563 749 0
67 561 0
22 528 0
235 981 0
444 656 0
200 251 0
89 340 0
215 1013 0
54 602 0
436 586 0
518 546 0
443 788 0
128 396 0
364 835 0
538 790 0
329 549 0
277 852 0
17 74 0
567 901 0
139 410 0
58 492 0
40 1011 0
987 990 0
67 985 0
151 250 0
263 825 0
537 982 0
401 583 0
19 45 0
142 670 0
154 640 0
423 818 0
701 1012 0
112 408 0
45 935 0
706 993 0
117 275 0
400 734 0
118 570 0
83 459 0
16 771 0
295 830 0
421 1021 0
247 675 0
577 868 0
408 631 0
498 686 0
706 855 0
434 885 0
39 710 0
144 928 0
462 855 0
261 673 0
72 772 0
121 838 0
870 998 0
288 789 0
689 745 0
85 666 0
678 876 0
378 523 0
378 475 0
353 1011 0
70 132 0
40 386 0
614 975 0
124 901 0
455 475 0
476 558 0
718 761 0
462 520 0
455 819 0
93 798 0
287 794 0
599 680 0
81 225 0
422 875 0
135 889 0
176 230 0
55 769 0
257 307 0
259 631 0
258 775 0
189 564 0
85 420 0
347 810 0
155 851 0
796 997 0
309 743 0
458 718 0
472 783 0
694 994 0
360 857 0
112 680 0
886 887 0
49 521 0
458 607 0
343 690 0
190 614 0
38 640 0
189 203 0
164 525 0
483 845 0
3 395 0
675 734 0
316 654 0
144 841 0
459 500 0
10 475 0
79 564 0
486 642 0
137 638 0
174 753 0
837 997 0
575 583 0
256 971 0
682 684 0
70 73 0
40 385 0
31 794 0
174 443 0
489 735 0
519 921 0
344 1022 0
665 772 0
274 641 0
841 947 0
337 908 0
161 585 0
101 774 0
198 335 0
548 970 0
933 1001 0
35 590 0
214 900 0
795 890 0
428 685 0
304 944 0
1 715 0
929 1005 0
529 623 0
648 987 0
34 441 0
295 535 0
99 323 0
412 429 0
317 383 0
491 726 0
336 578 0
364 559 0
515 923 0
301 802 0
256 517 0
513 737 0
44 793 0
635 826 0
290 694 0
516 547 0
198 478 0
212 632 0
179 933 0
132 372 0
233 1022 0
627 932 0
231 496 0
36 243 0
453 464 0
494 709 0
405 500 0
712 737 0
497 646 0
12 527 0
855 925 0
610 1014 0
222 307 0
734 817 0
82 839 0
557 580 0
397 772 0
529 684 0
854 890 0
26 111 0
112 520 0
152 318 0
381 589 0
614 768 0
32 913 0
483 1014 0
519 643 0
564 837 0
19 984 0
251 294 0
291 599 0
626 895 0
30 480 0
353 984 0
175 296 0
166 586 0
595 637 0
445 898 0
542 962 0
227 753 0
23 111 0
90 137 0
300 733 0
61 929 0
182 752 0
104 233 0
76 651 0
51 278 0
472 481 0
697 738 0
291 931 0
416 534 0
520 520 0
11 431 0
160 696 0
41 925 0
136 669 0
647 786 0
62 702 0
474 698 0
565 627 0
876 910 0
291 437 0
102 221 0
476 817 0
46 371 0
311 755 0
216 638 0
300 899 0
391 957 0
366 814 0
328 563 0
103 581 0
256 961 0
266 315 0
688 907 0
761 926 0
660 679 0
236 263 0
106 350 0
385 764 0
183 361 0
11 421 0
741 839 0
692 988 0
269 489 0
439 637 0
690 736 0
343 556 0
65 274 0
152 789 0
712 786 0
554 903 0
331 541 0
450 472 0
336 845 0
720 811 0
80 212 0
500 864 0
312 598 0
22 344 0
267 921 0
792 795 0
15 517 0
721 727 0
402 731 0
264 482 0
404 1020 0
241 591 0
249 651 0
175 700 0
196 340 0
347 1000 0
532 935 0
384 407 0
235 892 0
42 240 0
318 946 0
88 850 0
26 768 0
826 1000 0
551 743 0
77 766 0
456 527 0
11 450 0
309 766 0
534 642 0
704 904 0
141 906 0
352 637 0
128 870 0
196 363 0
549 975 0
392 872 0
494 953 0
7 434 0
213 368 0
329 671 0
319 926 0
84 389 0
588 816 0
147 493 0
123 150 0
616 789 0
22 209 0
305 734 0
831 1002 0
53 343 0
465 852 0
144 423 0
300 966 0
80 623 0
511 517 0
33 838 0
687 813 0
296 376 0
17 127 0
365 620 0
469 840 0
56 294 0
403 835 0
901 994 0
499 578 0
86 327 0
408 848 0
256 905 0
356 958 0
117 846 0
706 927 0
29 822 0
330 673 0
660 812 0
281 618 0
14 989 0
798 900 0
419 987 0
73 512 0
15 834 0
428 460 0
759 857 0
391 931 0
387 566 0
375 677 0
142 818 0
818 869 0
210 1010 0
617 798 0
283 341 0
187 216 0
196 352 0
501 590 0
276 885 0
807 1010 0
415 1013 0
153 835 0
949 976 0
961 971 0
26 376 0
104 227 0
444 598 0
382 583 0
175 309 0
43 825 0
733 795 0
51 208 0
487 524 0
431 848 0
522 710 0
323 448 0
1002 1011 0
225 824 0
429 561 0
154 847 0
95 820 0
622 667 0
450 911 0
563 684 0
230 270 0
705 751 0
844 920 0
203 647 0
743 941 0
26 873 0
569 775 0
533 988 0
416 560 0
442 632 0
930 1007 0
280 927 0
385 869 0
75 953 0
463 572 0
83 781 0
329 947 0
56 322 0
244 717 0
572 940 0
568 587 1
85 234 0
227 369 0
123 504 0
198 510 0
22 640 0
115 687 0
213 622 0
284 775 0
728 934 0
679 764 0
26 328 0
951 997 0
4 497 0
589 931 0
719 855 0
474 528 0
55 472 0
776 928 0
382 594 0
540 923 0
712 726 0
119 499 0
495 543 0
613 709 0
37 901 0
561 803 0
262 791 0
891 924 0
642 885 0
403 725 0
18 430 0
493 504 0
257 611 0
157 893 0
445 758 0
631 647 0
618 626 0
898 989 0
184 635 0
74 697 0
78 194 0
298 933 0
98 455 0
450 804 0
119 191 0
315 403 0
314 552 0
287 421 0
98 850 0
226 920 0
594 773 0
257 852 0
246 406 0
496 754 0
382 846 0
77 358 0
694 795 0
508 830 0
79 437 0
179 552 0
619 801 0
406 613 0
672 990 0
260 699 0
127 310 0
718 936 0
493 1000 0
62 574 0
475 696 0
8 418 0
609 673 0
185 854 0
694 886 0
202 794 0
93 908 0
150 522 0
38 88 0
511 782 0
475 585 0
611 618 0
106 875 0
666 947 0
479 671 0
403 913 0
73 522 0
838 922 0
557 664 0
600 856 0
116 538 0
871 994 0
266 994 0
615 899 0
260 893 0
231 842 0
185 640 0
409 743 0
416 475 0
309 420 0
289 851 0
38 205 0
706 718 0
388 492 0
196 306 0
271 876 0
46 763 0
324 653 0
62 126 0
177 399 0
171 386 0
334 573 0
378 810 0
372 596 0
303 824 0
208 375 0
352 564 0
453 817 0
188 893 0
748 860 0
305 638 0
46 721 0
151 657 0
396 793 0
10 13 0
174 941 0
176 295 0
393 601 0
62 914 0
164 826 0
347 691 0
323 435 0
538 777 0
100 664 0
435 913 0
108 342 0
50 620 0
620 840 0
127 929 0
150 1022 0
10 837 0
306 917 0
512 690 0
61 849 0
839 915 0
132 955 0
64 181 0
496 605 0
452 581 0
265 506 0
796 880 0
197 347 0
508 923 0
576 768 0
400 965 0
159 569 0
316 833 0
370 409 0
125 469 0
627 758 0
903 952 0
409 673 0
4 515 0
968 975 0
431 895 0
327 497 0
614 841 0
158 978 0
39 379 0
111 982 0
199 596 0
318 709 0
684 829 0
730 798 0
675 826 0
232 675 0
105 358 0
268 1002 0
609 856 0
108 140 0
566 921 0
41 945 0
650 787 0
70 302 0
270 359 0
542 724 0
758 803 0
839 915 0
394 695 0
82 736 0
924 980 0
135 414 0
868 961 0
264 583 0
526 983 0
276 728 0
576 894 0
311 448 0
198 848 0
195 966 0
286 455 0
20 791 0
10 732 0
341 939 0
351 982 0
18 808 0
616 814 0
75 525 0
221 858 0
80 326 0
672 987 0
396 766 0
681 836 0
425 710 0
86 602 0
300 316 0
112 120 0
109 453 0
486 777 0
176 866 0
497 930 0
590 714 0
159 469 0
458 862 0
218 393 0
426 983 0
443 946 0
484 561 0
135 542 0
664 752 0
343 785 0
1001 1022 0
623 1000 0
304 342 0
250 320 0
715 887 0
308 615 0
24 597 0
531 785 0
765 811 0
66 935 0
656 855 0
594 831 0
571 955 0
621 873 0
130 154 0
239 516 0
504 817 0
77 198 0
79 921 0
20 622 0
363 501 0
564 861 0
169 620 0
218 610 0
728 916 0
85 1019 0
3 165 0
69 540 0
261 911 0
622 807 0
341 465 0
12 1003 0
450 571 0
76 747 0
125 599 0
265 413 0
566 846 0
278 702 0
461 875 0
743 769 0
900 1001 0
332 852 0
313 838 0
282 480 0
664 866 0
7 564 0
345 845 0
128 534 0
231 551 0
434 536 0
329 373 0
262 743 0
30 500 0
905 1014 0
274 944 0
365 521 0
503 956 0
84 870 0
369 394 0
488 967 0
374 903 0
369 900 0
277 676 0
64 90 0
305 875 0
116 605 0
173 759 0
73 824 0
663 978 0
418 698 0
133 844 0
503 653 0
377 630 0
16 719 0
229 329 0
860 999 0
69 411 0
157 363 0
808 1017 0
247 735 0
389 984 0
514 946 0
108 955 0
634 806 0
276 974 0
173 762 0
83 381 0
186 205 0
628 795 0
197 259 0
783 870 0
224 375 0
120 691 0
116 677 0
676 925 0
408 508 0
1 851 0
279 651 0
6 757 0
615 685 0
651 762 0
12 520 0
303 734 0
15 982 0
88 370 0
837 994 0
30 117 0
825 874 0
738 974 0
599 822 0
5 260 0
726 747 0
189 977 0
666 846 0
102 231 0
220 405 0
241 531 0
205 390 0
75 181 0
323 584 0
756 882 0
343 946 0
319 531 0
351 786 0
255 303 0
626 652 0
70 843 0
464 709 0
82 478 0
187 912 0
421 617 0
233 655 0
930 962 0
317 544 0
567 585 0
183 866 0
149 476 0
314 956 0
501 896 0
130 848 0
187 890 0
496 879 0
686 909 0
362 543 0
213 570 0
582 775 0
254 305 0
161 464 0
288 1021 0
340 387 0
900 962 0
225 370 0
662 724 0
539 614 0
270 617 0
118 949 0
375 942 0
583 820 0
119 222 0
514 753 0
740 1006 0
225 457 0
626 966 0
411 1014 0
405 516 0
411 429 0
36 772 0
32 337 0
96 320 0
662 762 0
668 748 0
14 817 0
345 645 0
672 679 0
286 990 0
11 824 0
481 664 0
87 288 0
373 748 0
153 416 0
230 866 0
148 523 0
188 505 0
172 967 0
965 983 0
829 855 0
501 850 0
576 666 0
60 593 0
177 883 0
406 888 0
254 354 0
94 274 0
717 997 0
198 889 0
64 1018 0
945 946 0
372 744 0
601 669 0
58 839 0
153 988 0
320 483 0
107 801 0
733 762 0
278 686 0
84 779 0
11 233 0
485 793 0
556 561 0
9 876 0
306 331 0
518 889 0
523 743 0
426 601 0
574 826 0
606 719 0
34 198 0
109 940 0
713 961 0
13 968 0
857 935 0
235 893 0
183 656 0
714 826 0
473 500 0
49 331 0
834 968 0
398 907 0
107 215 0
191 729 0
439 622 0
367 664 0
120 963 0
162 839 0
307 526 0
484 587 0
188 258 0
816 1017 0
105 420 0
472 998 0
649 731 0
52 781 0
145 535 0
826 857 0
260 296 0
5 392 0
406 848 0
946 988 0
793 987 0
145 692 0
958 1007 0
157 786 0
331 747 0
533 600 0
92 488 0
197 696 0
333 766 0
432 703 0
395 855 0
572 854 0
197 705 0
168 747 0
407 564 0
38 478 0
489 975 0
317 959 0
514 606 0
159 231 0
61 528 0
175 917 0
471 505 0
718 967 0
252 868 0
675 931 0
209 264 0
491 773 0
413 696 0
480 713 0
407 745 0
669 689 0
124 954 0
195 515 0
126 524 0
847 923 0
473 615 0
46 1020 0
99 217 0
262 762 0
496 728 0
135 877 0
170 889 0
143 389 0
385 491 0
165 739 0
125 521 0
223 968 0
41 964 0
144 172 0
447 990 0
241 387 0
251 699 0
458 990 0
14 979 0
963 966 0
168 623 0
775 959 0
138 553 0
403 731 0
365 729 0
116 118 0
81 119 0
8 465 0
176 604 0
52 93 0
162 210 0
292 551 0
3 71 0
33 72 0
69 783 0
335 984 0
509 979 0
769 938 0
836 850 0
487 730 0
262 780 0
652 887 0
56 366 0
653 1008 0
194 623 0
302 879 0
76 905 0
314 842 0
282 936 0
386 809 0
120 272 0
810 845 0
370 514 0
663 989 0
295 940 0
17 90 0
129 456 0
151 575 0
80 559 0
525 855 0
189 956 0
62 261 0
216 403 0
302 880 0
410 525 0
519 927 0
238 391 0
75 943 0
63 286 0
106 998 0
187 905 0
536 658 0
707 741 0
490 615 0
488 536 0
250 794 0
512 554 0
212 532 0
200 1008 0
501 681 0
214 839 0
321 664 0
421 651 0
693 940 0
13 598 0
171 332 0
114 754 0
237 358 0
400 906 0
840 962 0
87 311 0
471 521 0
282 626 0
321 355 0
523 955 0
173 777 0
68 679 0
379 457 0
6 620 0
140 895 0
202 314 0
578 695 0
716 903 0
276 934 0
370 742 0
69 241 0
508 831 0
209 662 0
322 401 0
155 556 0
165 364 0
795 823 0
278 508 0
19 490 0
211 504 0
655 924 0
831 954 0
313 542 0
351 771 0
8 313 0
424 832 0
596 734 0
158 820 0
486 507 0
51 955 0
155 620 0
43 317 0
152 272 0
322 419 0
629 1000 0
198 856 0
691 951 0
154 370 0
122 812 0
800 802 0
234 449 0
887 915 0
431 553 0
139 1000 0
50 593 0
26 343 0
2 234 0
211 965 0
185 527 0
386 808 0
591 762 0
21 680 0
288 689 0
553 788 0
161 218 0
12 900 0
436 689 0
179 428 0
136 606 0
539 611 0
717 756 0
462 884 0
487 572 0
245 691 0
647 1003 0
940 984 0
101 113 0
74 961 0
407 759 0
621 961 0
40 379 0
393 849 0
543 998 0
276 456 0
831 1011 0
75 813 0
229 471 0
186 760 0
238 481 0
911 929 0
202 786 0
239 897 0
663 909 0
86 562 0
223 561 0
390 982 0
232 485 0
172 199 0
756 884 0
550 866 0
290 472 0
864 868 0
77 596 0
15 487 0
534 1015 0
198 457 0
555 569 0
16 727 0
458 650 0
599 850 0
74 817 0
487 720 0
6 360 0
373 943 0
163 674 0
113 286 0
434 710 0
579 876 0
4 952 0
118 251 0
230 270 0
438 981 0
225 487 0
574 926 0
646 977 0
455 928 0
509 730 0
695 993 0
340 802 0
590 999 0
357 747 0
557 689 0
487 555 0
331 969 0
300 532 0
206 361 0
638 968 0
30 586 0
701 1010 0
31 74 0
4 364 0
728 921 0
315 345 0
568 595 0
595 826 0
69 773 0
723 986 0
632 663 0
834 871 0
56 772 0
657 945 0
31 476 0
231 446 0
938 984 0
79 846 0
112 641 0
105 849 0
701 763 0
171 320 0
55 519 0
75 263 0
339 937 0
444 677 0
445 674 0
58 964 0
321 664 0
38 781 0
185 579 0
10 718 0
344 989 0
516 705 0
391 528 0
184 405 0
206 962 0
76 673 0
437 623 0
291 695 0
224 768 0
282 587 0
111 461 0
23 277 0
318 639 0
200 637 0
85 635 0
86 731 0
256 724 0
1006 1016 0
135 755 0
314 629 0
274 830 0
203 337 0
149 522 0
352 879 0
286 329 0
149 195 0
218 921 0
769 927 0
322 902 0
332 614 0
68 245 0
109 155 0
634 724 0
443 868 0
49 761 0
574 975 0
659 930 0
523 952 0
547 611 0
210 854 0
801 897 0
216 422 0
384 577 0
880 900 0
595 828 0
54 729 0
789 986 0
147 569 0
226 622 0
165 309 0
468 525 0
471 1006 0
119 743 0
277 536 0
40 527 0
30 504 0
58 981 0
62 248 0
431 825 0
419 813 0
690 738 0
838 887 0
421 752 0
540 635 0
386 821 0
10 84 0
66 973 0
75 816 0
32 70 0
514 518 0
335 757 0
404 515 0
594 847 0
594 846 0
655 712 0
130 267 0
8 176 0
490 558 0
74 310 0
217 929 0
181 788 0
844 988 0
34 53 0
260 461 0
661 734 0
125 859 0
650 1019 0
78 661 0
295 542 0
256 882 0
329 708 0
339 541 0
866 976 0
151 362 0
183 456 0
338 367 0
207 776 0
449 619 0
300 817 0
355 736 0
592 942 0
108 186 0
122 536 0
155 719 0
421 637 0
811 878 0
706 972 0
312 704 0
115 309 0
96 433 0
29 222 0
225 372 0
384 414 0
63 1007 0
167 771 0
483 537 0
225 940 0
27 708 0
54 724 0
257 419 0
492 536 0
70 99 0
28 379 0
685 953 0
229 957 0
86 422 0
487 886 0
490 808 0
507 678 0
712 898 0
106 517 0
181 790 0
200 514 0
5 470 0
627 947 0
5 5 0
478 970 0
186 309 0
103 423 0
740 743 0
25 148 0
291 958 0
594 1016 0
134 952 0
609 931 0
285 481 0
225 384 0
58 386 0
344 949 0
137 341 0
308 848 0
593 832 0
308 749 0
113 912 0
194 253 0
364 577 0
739 809 0
491 719 0
84 743 0
389 792 0
188 189 0
399 545 0
351 591 0
654 939 0
162 472 0
204 681 0
410 683 0
324 704 0
596 678 0
213 316 0
415 680 0
229 322 0
74 99 0
438 491 0
336 567 0
302 466 0
281 581 0
51 483 0
54 378 0
301 398 0
194 980 0
447 730 0
197 734 0
118 756 0
665 886 0
45 969 0
212 826 0
149 440 0
90 881 0
73 233 0
586 704 0
247 951 0
164 955 0
98 749 0
292 706 0
431 499 0
17 885 0
18 682 0
992 1020 0
290 508 0
292 537 0
11 526 0
12 705 0
164 524 0
737 810 0
971 1022 0
222 605 0
240 640 0
45 732 0
427 494 0
828 855 0
53 710 0
74 271 0
282 656 0
355 694 0
252 402 0
497 586 0
490 597 0
723 973 0
434 934 0
372 941 0
156 358 0
212 218 0
86 462 0
702 789 0
5 329 0
18 980 0
76 610 0
56 559 0
118 649 0
460 643 0
83 233 0
100 570 0
483 840 0
44 710 0
134 529 0
696 810 0
225 765 0
131 682 0
557 753 0
479 750 0
416 696 0
248 927 0
870 878 0
222 1005 0
941 1008 0
128 849 0
895 938 0
224 698 0
651 884 0
69 184 0
357 397 0
968 1023 0
220 897 0
17 130 0
612 994 0
268 681 0
591 872 0
517 712 0
425 614 0
501 637 0
254 1002 0
551 633 0
96 255 0
206 259 0
526 834 0
27 244 0
192 224 0
283 1007 0
818 889 0
438 444 0
528 923 0
965 971 0
180 505 0
567 724 0
111 362 0
797 944 0
496 557 0
172 265 0
12 484 0
146 643 0
335 370 0
127 647 0
93 687 0
773 845 0
128 752 0
599 720 0
17 423 0
501 673 0
491 533 0
126 618 0
636 644 0
71 632 0
678 778 0
728 909 0
594 623 0
123 521 0
588 989 0
37 844 0
804 979 0
869 870 0
768 838 0
510 899 0
72 832 0
458 596 0
630 791 0
630 888 0
600 899 0
547 623 0
723 992 0
60 127 0
133 731 0
566 1012 0
130 697 0
479 589 0
876 888 0
396 538 0
123 629 0
567 883 0
888 1015 0
633 997 0
619 780 0
305 881 0
124 568 0
584 821 0
704 841 0
600 616 0
141 325 0
25 191 0
485 661 0
392 980 0
545 605 0
535 542 0
25 727 0
870 945 0
438 881 0
12 65 0
239 671 0
402 877 0
711 835 0
206 757 0
166 326 0
871 912 0
655 1023 0
511 563 0
34 679 0
164 417 0
980 1005 0
700 751 0
778 876 0
260 297 0
503 536 0
66 327 0
392 796 0
565 892 0
486 814 0
142 502 0
2 268 0
204 672 0
821 995 0
609 972 0
73 94 0
728 805 0
394 1016 0
249 492 0
189 342 0
589 764 0
429 538 0
563 998 0
657 841 0
315 344 0
66 407 0
635 754 0
493 601 0
351 789 0
215 867 0
325 519 0
535 940 0
336 818 0
509 966 0
443 679 0
79 967 0
81 814 0
470 637 0
367 702 0
289 745 0
671 836 0
180 290 0
360 842 0
34 851 0
626 816 0
101 479 0
269 765 0
558 995 0
120 759 0
157 340 0
48 1004 0
459 955 0
31 872 0
76 601 0
50 521 0
805 1023 0
546 664 0
112 911 0
256 995 0
905 947 0
223 409 0
727 730 0
845 997 0
77 235 0
161 529 0
227 598 0
412 888 0
135 854 0
233 359 0
591 608 0
589 598 0
454 937 0
155 932 0
52 843 0
3 701 0
690 908 0
472 882 0
30 792 0
160 694 0
707 801 0
71 366 0
445 865 0
453 497 0
724 858 0
808 821 0
173 318 0
275 658 0
279 458 0
170 409 0
693 721 0
100 670 0
726 885 0
597 987 0
201 876 0
194 997 0
34 289 0
262 751 0
168 721 0
411 889 0
718 930 0
147 396 0
436 503 0
290 1002 0
183 997 0
118 418 0
7 64 0
769 826 0
608 935 0
144 318 0
777 1011 0
341 438 0
616 955 0
147 338 0
494 804 0
895 962 0
17 784 0
828 957 0
567 850 0
738 854 0
247 773 0
190 231 0
590 616 0
605 628 0
606 905 0
215 809 0
940 943 0
173 819 0
322 831 0
545 971 0
56 414 0
411 835 0
252 824 0
316 767 0
80 310 0
591 906 0
45 555 0
59 403 0
71 263 0
229 443 0
75 401 0
267 524 0
808 927 0
209 715 0
501 702 0
99 148 0
492 846 0
271 991 0
502 734 0
526 924 0
449 725 0
491 999 0
302 720 0
364 647 0
436 626 0
240 511 0
290 328 0
88 496 0
567 618 0
298 726 0
773 995 0
366 560 0
205 976 0
84 677 0
297 806 0
810 910 0
86 619 0
300 993 0
413 546 0
666 892 0
117 245 0
355 737 0
42 534 0
307 914 0
23 714 0
579 865 0
95 503 0
810 916 0
103 311 0
737 934 0
466 522 0
373 929 0
470 506 0
494 874 0
104 436 0
478 580 0
439 1011 0
347 741 0
235 611 0
297 844 0
197 329 0
639 890 0
292 916 0
64 64 0
423 687 0
381 436 0
10 912 0
229 696 0
276 576 0
501 840 0
525 717 0
557 644 0
517 572 0
225 647 0
199 870 0
75 163 0
683 826 0
313 966 0
114 284 0
116 173 0
153 327 0
305 825 0
56 991 0
103 203 0
359 941 0
15 425 0
776 779 0
433 1023 0
440 984 0
467 825 0
208 254 0
758 819 0
8 349 0
927 940 0
614 816 0
305 612 0
99 521 0
32 324 0
448 482 0
140 780 0
27 362 0
485 622 0
363 620 0
418 1011 0
616 741 0
57 752 0
434 642 0
194 646 0
32 849 0
341 617 0
175 309 0
841 909 0
195 825 0
243 958 0
396 513 0
701 919 0
74 440 0
285 947 0
262 572 0
282 704 0
584 726 0
22 510 0
510 592 0
705 787 0
29 733 0
39 327 0
194 693 0
784 803 0
360 758 0
145 1011 0
651 796 0
22 328 0
329 998 0
129 621 0
161 869 0
117 416 0
725 996 0
495 651 0
54 253 0
235 807 0
361 507 0
575 788 0
680 993 0
229 439 0
128 808 0
711 828 0
129 251 0
397 647 0
59 783 0
553 604 0
36 896 0
326 844 0
221 342 0
251 586 0
470 858 0
85 993 0
521 725 0
151 981 0
93 354 0
243 572 0
698 1012 0
680 775 0
578 890 0
170 903 0
189 442 0
31 761 0
607 613 0
957 959 0
175 985 0
666 684 0
334 572 0
278 522 0
315 897 0
591 772 0
556 890 0
89 465 0
593 705 0
801 911 0
110 268 0
164 967 0
850 1023 0
519 960 0
58 637 0
165 724 0
545 935 0
282 528 0
616 821 0
214 571 0
557 920 0
749 842 0
111 918 0
17 440 0
83 918 0
46 768 0
673 774 0
420 436 0
423 852 0
136 704 0
374 795 0
179 456 0
260 649 0
907 963 0
55 1021 0
213 507 0
530 667 0
262 424 0
208 620 0
438 858 0
94 897 0
100 856 0
736 868 0
75 568 0
114 303 0
184 706 0
285 920 0
515 722 0
215 609 0
34 364 0
325 945 0
197 876 0
432 626 0
145 218 0
556 827 0
78 108 0
160 786 0
167 697 0
14 968 0
457 800 0
230 467 0
627 807 0
292 726 0
92 375 0
102 1006 0
314 500 0
46 874 0
802 1015 0
585 812 0
684 966 0
98 933 0
499 502 0
96 509 0
27 876 0
469 753 0
726 822 0
146 236 0
39 382 0
390 970 0
75 105 0
259 523 0
287 395 0
102 770 0
333 787 0
443 804 0
570 572 0
862 983 0
508 807 0
499 946 0
454 510 0
308 327 0
191 1009 0
144 648 0
12 648 0
56 141 0
454 948 0
53 532 0
920 988 0
544 597 0
183 979 0
58 374 0
133 658 0
339 904 0
259 547 0
399 708 0
642 774 0
32 775 0
232 239 0
298 1020 0
457 586 0
253 507 0
463 1015 0
569 1000 0
95 416 0
590 712 0
770 933 0
109 594 0
310 842 0
83 985 0
711 744 0
305 845 0
190 851 0
273 389 0
921 963 0
67 428 0
132 968 0
248 934 0
54 362 0
689 968 0
218 657 0
146 657 0
325 495 0
837 921 0
38 801 0
653 653 0
606 1009 0
36 495 0
13 87 0
188 797 0
218 576 0
601 632 0
665 808 0
32 378 0
213 919 0
345 880 0
86 310 0
494 864 0
16 740 0
63 223 0
318 793 0
262 616 0
631 728 0
21 213 0
56 189 0
141 536 0
43 331 0
123 527 0
391 967 0
16 99 0
554 886 0
264 491 0
308 336 0
193 961 0
596 895 0
72 173 0
394 854 0
114 458 0
249 431 0
197 681 0
35 382 0
515 629 0
272 860 0
528 892 0
112 838 0
684 784 0
39 415 0
567 802 0
405 805 0
12 289 0
385 1003 0
42 727 0
307 658 0
312 550 0
670 1008 0
276 919 0
290 567 0
670 899 0
70 501 0
247 388 0
22 927 0
889 970 0
134 660 0
389 983 0
287 423 0
325 880 0
63 68 0
86 143 0
402 642 0
51 573 0
48 615 0
56 662 0
390 724 0
541 722 0
289 873 0
263 842 0
99 859 0
932 1002 0
739 953 0
387 531 0
106 704 0
30 686 0
391 949 0
87 439 0
167 398 0
355 855 0
115 492 0
683 736 0
889 1002 0
146 908 0
761 995 0
359 881 0
314 709 0
659 664 0
434 780 0
136 444 0
291 810 0
767 922 0
285 784 0
86 877 0
94 489 0
347 633 0
5 94 0
381 693 0
220 878 0
579 1021 0
607 847 0
396 886 0
348 657 0
57 418 0
623 1011 0
23 898 0
486 547 0
193 913 0
193 692 0
697 741 0
565 896 0
610 840 0
839 959 0
41 48 0
42 772 0
