1000 10000
737 844 0
255 400 0
546 938 0
300 366 0
131 177 0
500 640 0
112 494 0
28 488 0
273 373 0
891 1006 0
314 782 0
117 936 0
539 606 0
184 461 0
183 984 0
422 650 0
908 981 0
713 853 0
203 495 0
22 378 0
218 702 0
556 853 0
863 887 0
936 938 0
89 445 0
410 523 0
59 509 0
265 780 0
121 899 0
98 725 0
425 457 0
558 1012 0
354 941 0
661 741 0
270 911 0
300 519 0
456 798 0
370 688 0
390 820 0
22 63 0
764 823 0
24 502 0
160 632 0
314 1012 0
591 735 0
778 853 0
140 169 0
388 444 0
467 499 0
789 858 0
58 805 0
18 24 0
265 786 0
29 430 0
96 533 0
381 560 0
308 961 0
281 915 0
327 837 0
221 913 0
507 684 0
227 941 0
240 492 0
302 781 0
568 620 1
2 714 0
1 472 0
129 660 0
368 712 0
20 225 0
60 536 0
381 867 0
7 839 0
125 692 0
100 144 0
11 520 0
27 966 0
206 809 0
542 958 0
299 460 0
309 648 0
562 835 0
796 976 0
121 128 0
297 838 0
285 857 0
611 862 0
71 615 0
236 499 0
17 54 0
175 851 0
547 1009 0
521 904 0
148 829 0
39 766 0
251 967 0
185 303 0
6 21 0
189 448 0
22 404 0
985 1008 0
335 413 0
386 640 0
522 894 0
56 981 0
140 623 0
293 706 0
211 926 0
38 276 0
158 906 0
124 426 0
234 997 0
22 656 0
332 877 0
249 296 0
191 942 0
531 840 0
808 846 0
119 191 0
677 916 0
105 936 0
361 795 0
687 883 0
122 301 0
115 785 0
430 835 0
179 714 0
871 903 0
110 429 0
108 631 0
724 963 0
476 623 0
244 846 0
176 810 0
518 868 0
263 762 0
807 891 0
637 700 0
553 641 0
883 999 0
189 286 0
211 213 0
507 596 0
96 336 0
314 539 0
69 277 0
240 860 0
362 780 0
892 984 0
560 1000 0
176 729 0
329 551 0
431 684 0
99 573 0
263 439 0
227 951 0
334 338 0
235 1015 0
541 753 0
631 659 0
686 792 1
264 633 0
337 833 0
496 815 0
597 791 0
790 790 0
543 560 0
366 803 0
167 888 0
441 679 0
145 355 0
179 474 0
478 827 0
43 862 0
295 851 0
296 961 0
132 786 0
280 446 0
191 439 0
101 777 0
575 768 0
511 1017 0
514 830 0
503 947 0
216 256 0
55 468 0
52 748 0
346 845 0
682 686 0
389 783 0
155 502 0
293 583 0
218 669 0
201 897 0
239 749 0
26 552 0
468 866 0
121 975 0
950 973 0
656 718 0
302 613 0
467 695 0
392 468 0
480 898 0
404 682 0
243 879 0
290 615 0
418 452 0
254 434 0
203 308 0
71 511 0
852 878 0
941 1011 0
277 730 0
367 439 0
418 971 0
342 740 0
895 1011 0
340 918 0
282 373 0
401 480 0
271 780 0
6 722 0
871 956 0
873 935 0
216 922 0
489 536 0
459 717 0
788 877 0
330 529 0
180 266 0
592 731 0
120 134 0
283 390 0
325 779 0
148 330 0
361 992 0
547 839 0
177 375 0
712 961 0
571 653 0
392 675 0
516 758 0
777 898 0
186 727 0
509 549 0
498 965 0
250 681 0
216 700 0
921 1001 0
532 784 0
383 964 0
252 1011 0
91 321 0
75 974 0
126 270 0
276 908 0
100 703 0
455 508 0
304 444 0
490 602 0
645 983 0
603 642 0
723 945 0
253 834 0
792 978 0
381 423 0
216 695 0
90 461 0
366 1000 0
212 720 0
323 457 0
60 371 0
3 540 0
264 387 0
134 903 0
88 365 0
456 596 0
216 750 0
349 749 0
909 1015 0
717 864 0
214 599 0
39 154 0
158 175 0
308 744 0
745 961 0
742 998 0
917 981 0
779 860 0
472 550 0
576 652 0
463 740 0
525 746 0
216 950 0
214 493 0
109 999 0
460 742 0
350 708 0
76 597 0
7 881 0
283 608 0
331 988 0
440 666 0
217 753 0
889 890 0
436 702 0
438 830 0
394 992 0
453 966 0
567 936 0
602 841 0
534 1001 0
486 928 0
414 585 0
333 972 0
287 293 0
858 892 0
107 955 0
124 154 0
355 904 0
637 960 0
166 516 0
507 972 0
109 883 0
10 702 0
606 890 0
485 761 0
194 331 0
231 982 0
191 932 0
159 570 0
467 514 0
179 505 1
274 916 0
200 601 0
359 490 0
101 752 0
5 248 0
163 435 0
28 850 0
166 223 0
557 707 0
859 979 0
799 852 0
590 659 0
29 103 0
55 353 0
50 681 0
349 691 0
154 511 0
362 541 0
130 828 0
334 593 0
623 912 0
107 949 0
808 1003 0
728 818 0
77 275 0
188 995 0
406 431 0
528 636 0
13 236 0
236 443 0
800 875 0
252 834 0
442 535 0
483 726 0
27 277 0
278 773 0
231 243 0
9 884 0
605 714 0
19 839 0
669 725 0
582 627 0
344 889 0
357 581 0
520 888 0
922 994 0
20 617 0
68 950 0
66 730 0
117 208 0
177 541 0
205 630 1
35 776 0
405 639 0
360 544 0
352 389 0
141 643 0
665 727 0
650 797 0
54 258 0
517 945 0
114 406 0
111 606 0
144 650 0
152 636 0
590 923 0
78 413 0
702 789 0
233 712 0
636 710 0
89 810 0
378 582 0
186 413 0
377 949 0
388 751 0
205 936 0
506 1019 0
424 920 0
175 823 0
243 763 0
465 864 0
348 792 0
32 1017 0
294 975 0
428 1003 0
72 619 0
105 348 0
52 539 0
435 784 0
599 835 0
590 930 0
48 617 0
305 841 0
467 964 0
122 541 0
274 429 0
276 922 0
748 774 0
605 638 0
377 453 0
433 713 0
227 985 0
217 352 0
385 546 0
392 659 0
114 352 0
182 616 0
206 825 0
76 483 0
553 835 0
443 607 0
444 903 0
696 726 0
510 826 0
158 832 0
679 963 0
730 783 0
432 810 0
484 580 0
267 998 0
517 863 0
301 991 0
239 489 0
710 868 0
256 743 0
676 749 0
232 234 0
721 839 0
297 607 0
493 906 0
170 588 0
299 884 0
25 748 0
664 942 0
600 998 0
918 931 0
134 840 0
102 150 0
515 541 0
152 985 0
815 962 0
69 348 0
451 950 0
146 977 0
302 1012 0
4 155 0
69 879 0
714 865 0
448 779 0
608 1013 0
16 571 0
658 977 0
456 515 0
149 988 0
242 762 0
690 874 0
669 997 0
557 643 0
371 919 0
346 381 0
690 954 0
58 387 0
215 268 0
311 376 0
617 833 0
351 889 0
32 315 0
387 894 0
692 826 0
475 919 0
265 536 0
14 926 0
215 912 0
439 1002 0
293 401 0
206 739 0
23 33 1
454 492 0
380 946 0
253 452 0
556 985 0
201 1023 0
64 894 0
320 659 0
547 968 0
328 734 0
227 974 0
151 940 0
134 351 0
173 729 0
27 170 0
241 779 0
817 932 0
121 754 0
251 544 0
118 240 0
505 897 0
427 743 0
419 824 0
471 786 0
666 751 0
377 912 0
397 453 0
873 943 0
124 143 0
238 362 0
137 321 0
68 649 0
513 844 0
688 989 0
91 213 0
535 887 0
255 666 0
224 459 0
307 526 0
420 448 0
178 753 0
207 677 0
228 720 0
524 780 0
97 247 0
352 432 0
190 933 0
493 819 0
201 845 0
185 264 1
769 943 0
131 743 0
122 158 0
545 974 0
449 717 0
89 663 0
139 662 0
259 749 0
163 433 0
37 520 0
459 773 0
369 807 0
347 466 0
34 258 0
153 915 0
293 541 0
138 568 0
524 1005 0
522 658 0
637 968 0
111 286 0
859 941 0
177 311 0
42 743 0
34 342 0
344 371 0
307 990 0
143 871 0
579 679 0
93 313 0
569 989 0
141 199 0
669 955 0
166 1014 0
424 556 0
76 158 0
104 399 0
31 626 0
286 683 0
313 577 0
342 481 0
559 846 0
367 661 0
468 717 0
138 986 0
617 746 0
268 961 0
576 626 0
652 927 0
145 950 0
204 903 0
344 912 0
165 1001 0
398 467 0
195 225 0
393 805 0
278 572 0
315 752 0
614 712 0
390 991 0
127 990 0
201 545 0
41 142 0
95 739 0
190 1007 0
571 787 0
511 686 0
334 609 0
815 977 0
116 276 0
353 716 0
440 906 0
521 871 0
168 314 0
11 589 0
458 700 0
9 894 0
51 968 0
669 1011 0
97 428 0
115 894 0
45 106 0
104 199 0
11 388 0
705 855 0
105 647 0
216 512 0
600 841 1
247 435 0
189 790 0
397 819 0
27 56 0
346 808 0
575 580 0
198 443 0
404 670 0
176 804 0
38 290 0
120 172 0
611 907 0
519 843 0
841 891 0
835 1013 0
788 790 0
94 921 0
884 980 0
101 381 0
357 566 0
490 1018 0
755 973 0
119 652 0
661 663 0
419 532 0
552 1003 0
293 629 0
508 551 0
349 489 0
593 679 0
15 871 0
73 438 0
409 574 0
800 949 0
52 114 0
743 836 0
656 887 0
104 466 0
377 594 0
261 565 0
363 831 0
120 598 0
13 104 0
168 738 0
552 750 0
662 774 0
135 286 0
337 1001 0
144 951 0
161 826 0
99 435 0
574 776 0
833 993 0
177 699 0
511 755 0
78 453 0
131 720 0
731 734 0
493 867 0
218 913 0
900 900 0
400 763 0
762 901 0
65 835 0
626 669 0
231 817 0
225 447 0
400 638 0
61 779 0
263 572 0
82 344 0
54 209 0
589 911 0
165 180 0
198 446 0
66 941 0
350 674 0
570 620 0
315 849 0
195 495 0
314 1018 0
239 506 0
198 540 0
210 814 0
192 891 0
199 480 0
381 498 0
3 435 0
59 432 0
448 960 0
296 747 0
314 965 0
664 787 0
418 481 0
792 980 0
99 119 0
79 313 0
892 919 0
364 780 0
569 864 0
108 809 0
100 335 0
559 698 0
212 436 0
286 395 0
553 745 0
218 488 0
52 117 0
264 871 0
53 143 0
62 76 0
136 679 0
709 847 0
369 638 0
937 962 0
548 600 0
44 591 0
10 837 0
344 912 0
387 892 0
346 346 0
420 424 0
381 862 0
32 595 0
316 541 0
478 951 0
806 927 0
413 655 0
44 76 0
178 602 0
181 500 0
424 636 0
153 355 0
24 193 0
441 898 0
189 915 0
82 448 0
149 202 0
34 828 0
384 856 0
456 608 0
485 572 0
75 112 0
705 930 0
7 413 0
432 991 0
669 713 0
459 654 0
760 917 0
418 936 0
101 382 0
370 617 0
255 820 0
382 603 0
144 569 0
653 889 0
85 774 0
886 953 0
24 502 0
291 359 0
108 907 1
178 286 0
448 508 0
148 252 0
313 817 0
234 998 0
1012 1012 0
185 187 0
588 904 0
153 906 0
179 878 0
242 756 0
345 625 0
435 921 0
532 969 0
174 429 0
489 821 0
24 137 0
195 790 0
471 923 0
227 628 0
333 797 0
375 727 0
137 928 0
160 619 0
614 892 0
729 804 0
255 1015 0
189 602 0
48 94 0
131 336 0
336 348 0
398 655 0
141 610 0
299 466 0
111 757 0
780 921 0
537 762 0
186 606 0
706 942 0
619 722 0
219 955 0
51 316 0
55 82 0
352 1007 0
121 374 0
594 714 0
720 876 0
140 679 0
89 706 0
240 327 0
486 737 0
458 865 0
253 681 0
127 470 0
437 797 0
144 154 0
89 180 0
267 474 0
224 626 0
497 783 0
355 862 0
838 998 0
73 946 0
160 333 0
139 527 0
214 712 0
37 401 0
386 949 0
440 524 0
322 903 0
95 999 0
150 1015 0
192 461 0
40 808 0
444 542 0
328 525 0
763 810 0
345 434 0
44 358 0
192 569 0
116 705 0
869 976 0
151 190 0
283 899 0
448 562 0
604 759 0
462 741 0
485 682 0
64 148 0
404 863 0
360 412 0
302 631 0
356 828 0
722 837 0
24 420 0
680 951 0
272 928 0
176 805 0
668 935 0
389 778 0
253 909 0
23 377 0
938 965 0
16 869 1
487 820 0
16 110 0
272 843 0
366 663 0
69 790 0
7 750 0
855 946 0
223 571 0
656 934 0
349 697 0
900 950 0
152 265 0
947 948 0
39 208 0
583 857 0
8 659 0
368 589 0
736 752 0
44 664 0
217 971 0
202 255 0
375 829 0
746 756 0
72 282 0
274 676 0
169 741 0
81 779 0
342 648 0
210 680 0
434 551 0
56 672 0
4 126 0
588 889 0
368 979 0
32 183 0
304 772 0
325 482 0
500 926 0
919 1001 0
229 918 0
100 812 0
434 444 0
69 642 0
95 535 0
319 718 0
116 446 0
421 445 0
71 615 0
631 944 0
285 807 0
102 220 0
205 722 0
136 294 0
628 928 0
195 841 0
541 690 0
357 634 0
476 485 0
219 538 0
233 832 0
139 968 0
30 705 0
23 738 0
339 644 0
336 572 0
799 885 0
161 732 0
146 418 0
32 604 0
122 917 0
333 993 0
625 832 0
300 728 0
293 786 0
51 802 0
338 369 0
266 507 0
203 374 0
185 557 0
440 985 0
121 241 0
883 963 0
157 868 0
685 706 0
44 96 0
387 983 0
252 928 0
29 871 0
155 388 0
515 815 0
72 334 0
935 951 0
110 263 0
542 873 0
331 892 0
190 447 0
173 285 0
373 951 0
86 133 0
551 731 0
240 941 0
215 600 0
140 491 0
412 1018 0
371 762 0
430 787 0
130 468 0
690 938 0
374 506 0
509 911 0
106 116 0
399 645 0
6 675 0
561 638 0
627 977 0
114 611 0
231 892 0
470 727 0
985 994 0
236 853 0
68 677 0
75 834 0
162 193 0
178 640 0
30 621 0
525 911 0
478 702 0
546 731 0
421 438 0
219 838 0
359 372 0
90 674 0
733 829 0
171 387 0
271 991 0
837 863 0
83 106 0
210 269 0
55 565 0
278 878 0
623 810 0
731 1013 0
1 273 0
690 945 0
689 871 0
1 220 0
299 792 0
371 596 0
262 768 0
163 886 0
20 53 0
522 698 0
386 1023 0
369 773 0
15 287 0
226 823 0
401 633 0
140 538 0
508 878 0
279 396 0
477 925 0
382 751 0
22 919 0
419 957 0
39 927 0
490 1009 0
167 966 0
105 290 0
288 510 0
186 239 0
96 474 0
825 928 0
725 727 0
774 781 0
582 767 0
117 568 0
113 352 0
454 862 0
179 364 0
133 429 0
188 345 0
540 704 0
24 709 0
346 857 0
21 712 0
690 922 0
234 596 0
523 646 0
493 1001 0
495 718 0
217 677 0
342 795 0
346 358 0
121 791 0
448 826 0
118 579 0
136 323 0
438 455 0
245 302 0
346 853 0
827 966 0
704 993 0
952 992 0
274 801 0
848 944 0
435 478 0
293 794 0
500 644 0
446 764 0
49 708 0
782 925 0
36 289 0
472 519 0
250 791 0
248 964 0
289 921 0
562 565 0
403 457 0
173 1015 0
131 800 0
736 891 0
10 1010 0
429 533 0
119 949 0
260 337 0
846 855 0
731 1007 0
14 564 0
828 855 0
391 596 0
205 636 0
316 389 0
295 685 0
746 964 0
224 397 0
388 571 0
285 459 0
736 999 0
344 849 0
357 541 0
480 1005 0
303 430 0
197 507 0
252 777 0
368 841 0
218 278 0
309 467 0
396 983 0
40 846 0
384 906 0
190 802 0
16 80 0
502 917 0
871 954 0
2 639 0
338 485 0
1 663 0
35 367 0
129 466 0
126 594 0
568 904 0
156 427 0
116 1012 0
529 992 0
529 579 0
696 886 0
78 849 0
71 986 0
229 750 0
101 292 0
117 971 0
762 929 0
788 952 0
401 539 0
146 857 0
386 831 0
503 673 0
276 915 0
11 371 0
21 564 0
291 707 0
289 312 0
12 31 0
474 707 0
79 947 0
249 458 0
709 977 0
700 748 0
362 805 0
488 980 0
453 901 0
570 909 0
382 496 0
26 877 0
263 859 0
194 554 0
341 1020 0
336 381 0
406 735 0
267 286 0
132 936 0
45 691 0
783 931 0
44 691 0
291 614 0
581 750 0
275 681 0
355 610 0
166 661 0
413 445 0
552 912 0
408 835 0
2 836 0
900 968 0
156 948 0
381 639 0
482 1010 0
177 882 0
203 900 0
494 875 0
222 412 0
386 938 0
320 903 0
35 514 0
84 672 0
583 699 0
196 613 0
40 912 0
337 921 0
222 448 0
349 948 0
443 596 0
138 214 0
531 1020 0
264 921 0
770 933 0
169 1012 0
964 965 0
809 866 0
106 490 0
864 976 0
500 861 0
134 343 0
153 749 0
317 663 0
196 782 0
188 252 0
222 557 0
33 376 0
219 881 0
282 851 0
250 977 0
842 987 0
522 941 0
123 956 0
395 471 0
641 853 0
327 596 0
70 181 0
837 926 0
463 874 0
797 1014 0
174 795 0
342 763 0
799 1001 0
137 298 0
811 913 0
337 763 0
210 477 0
636 838 0
308 334 0
186 321 0
323 953 0
322 901 0
407 622 0
15 159 0
918 997 0
296 384 0
404 463 0
681 859 0
14 888 0
19 789 0
161 675 0
128 432 0
274 948 0
139 772 0
149 939 0
361 820 0
859 935 0
182 469 0
480 892 0
120 494 0
169 763 0
395 631 0
269 767 0
91 116 0
632 824 0
331 346 0
198 1005 0
72 363 0
515 817 0
125 204 0
119 578 0
288 546 0
686 768 0
233 282 0
592 648 0
569 891 0
109 617 0
492 673 0
426 836 0
339 713 0
349 758 0
589 1003 0
414 475 0
722 944 0
337 644 0
376 853 0
571 981 0
18 893 0
10 435 0
809 934 0
736 796 0
34 669 0
175 789 0
197 507 0
647 746 0
26 416 0
113 376 0
355 408 0
479 556 0
258 414 0
142 273 0
399 738 0
38 480 0
429 777 0
788 820 0
609 969 0
158 558 0
49 427 0
358 692 0
130 655 0
667 775 0
257 312 0
106 968 0
154 848 0
679 689 0
467 641 0
276 333 0
110 921 0
158 382 0
271 611 0
463 677 0
131 315 0
134 337 0
574 900 0
630 943 0
52 177 0
52 619 0
306 846 0
909 988 0
28 233 0
401 465 0
486 588 0
749 849 0
621 881 0
40 539 0
117 402 0
797 875 0
767 925 0
511 791 0
481 897 0
574 1011 0
185 733 0
925 931 0
595 987 0
207 299 0
273 312 0
5 400 0
185 571 0
255 492 0
384 518 0
69 760 0
282 777 0
476 522 0
477 625 0
323 717 0
228 237 0
104 892 0
889 1008 0
219 895 0
294 482 0
342 654 0
270 368 0
483 894 0
436 504 0
41 307 0
343 480 0
279 506 0
164 599 0
446 582 0
97 832 0
289 380 0
210 925 0
416 541 0
178 463 0
537 800 0
540 885 0
257 281 0
226 362 0
256 873 0
539 867 0
274 553 0
298 790 0
162 249 0
431 866 0
666 930 0
655 847 0
159 625 0
458 738 0
350 883 0
45 422 0
562 566 0
805 841 0
67 464 0
20 791 0
303 585 0
211 215 0
138 930 0
516 615 0
564 701 0
297 316 0
36 242 0
12 877 0
79 182 0
714 879 0
154 347 0
584 956 0
32 909 0
453 793 0
472 897 0
657 1003 0
171 981 0
586 844 0
82 829 0
34 149 0
665 815 0
281 788 0
125 331 0
172 682 0
430 479 0
229 454 0
161 680 0
265 963 0
25 208 0
780 813 0
263 969 0
316 790 0
388 971 0
284 936 0
550 926 0
783 860 0
515 546 0
107 172 0
113 867 0
73 320 0
422 541 0
281 692 0
193 779 0
170 171 0
98 468 0
664 959 0
443 636 0
28 597 0
725 807 0
294 402 0
153 267 0
202 829 0
333 605 0
339 961 0
310 784 0
183 400 0
233 606 0
41 314 0
299 387 0
185 231 0
188 526 0
193 615 0
684 811 0
10 832 0
338 511 0
33 201 0
190 363 0
290 311 0
332 686 0
340 987 0
581 773 0
334 951 0
322 400 0
915 929 0
615 635 0
425 440 0
371 421 0
309 991 0
532 917 0
148 152 0
550 848 0
478 795 0
173 750 0
141 153 0
87 294 0
994 1015 0
476 968 0
159 744 0
23 87 0
350 423 0
769 894 0
21 207 0
100 256 0
739 902 0
57 236 0
355 868 0
614 950 0
637 955 0
17 316 0
329 828 0
671 735 0
307 887 0
448 612 0
207 922 0
682 903 0
48 586 0
96 1021 0
684 864 0
625 960 0
118 898 0
224 360 0
302 889 0
309 498 0
14 36 0
849 916 0
376 1019 0
309 435 0
412 686 0
123 682 0
207 441 0
12 87 0
133 170 0
119 263 0
478 916 0
86 141 0
257 876 0
340 580 0
973 1015 0
400 917 0
40 983 0
109 416 0
387 447 0
822 855 0
384 798 0
488 523 0
306 691 0
379 734 0
650 1023 0
313 805 0
444 869 0
352 669 0
466 758 0
342 442 0
535 655 0
39 385 0
119 614 0
182 736 0
455 591 0
116 863 0
313 880 0
180 413 0
222 909 0
61 626 0
218 761 0
67 85 0
419 546 0
610 864 0
257 756 0
52 504 0
115 1005 0
743 748 0
971 1001 0
7 300 0
219 338 0
350 929 0
365 761 0
361 659 0
410 873 0
633 820 0
207 366 0
440 673 0
384 996 0
552 617 0
161 630 0
277 930 0
543 886 0
327 951 0
612 746 0
819 947 0
403 809 0
233 716 0
280 960 0
375 659 0
217 450 0
52 989 0
306 861 0
554 926 0
494 675 0
52 843 0
122 186 0
549 704 0
239 569 0
317 393 0
31 1023 0
477 664 0
267 1000 0
144 226 0
260 805 0
76 544 0
39 232 0
870 966 0
557 846 0
259 923 0
419 426 0
780 917 0
131 707 0
784 840 0
266 665 0
713 767 0
8 89 0
752 977 0
161 566 0
147 891 0
440 912 0
128 760 0
5 533 0
67 350 0
35 317 0
241 626 0
200 820 0
347 599 0
168 978 0
576 916 0
408 569 0
221 345 0
80 963 0
536 850 0
26 577 0
158 430 0
378 715 0
890 957 0
483 639 0
180 251 0
439 605 0
482 846 0
281 315 0
17 611 0
71 346 0
53 125 0
192 294 0
19 1023 0
14 173 0
335 762 0
195 925 0
82 972 0
130 385 0
549 738 0
767 883 0
331 602 0
945 976 0
769 974 0
428 711 0
423 897 0
457 970 0
150 902 0
537 577 0
144 299 0
438 1016 0
399 803 0
423 464 0
221 564 0
372 719 0
212 559 0
73 314 0
47 119 0
530 696 0
72 75 0
120 851 0
2 244 0
485 821 1
325 947 0
458 843 0
782 865 0
100 339 0
82 729 0
461 826 0
866 954 0
416 1023 0
173 190 0
194 1008 0
409 770 0
358 393 0
233 681 0
107 403 0
179 494 0
791 917 0
164 571 0
195 848 0
258 935 0
662 701 0
417 786 0
271 314 0
727 1017 0
78 312 0
650 969 0
393 583 0
349 1003 0
372 728 0
44 762 0
649 888 0
728 984 0
127 550 0
112 918 0
729 985 0
579 655 0
202 919 0
199 918 0
594 697 1
211 792 0
13 51 0
505 711 0
735 905 0
131 964 0
387 870 0
162 462 0
494 754 0
168 369 0
893 932 0
434 674 0
141 489 0
323 549 0
485 643 0
309 917 0
533 762 0
279 663 0
263 441 0
281 863 0
118 569 0
645 812 0
503 580 0
208 254 0
340 422 0
78 625 0
464 547 0
613 708 0
112 918 0
458 512 0
103 516 0
110 265 0
513 628 0
15 895 0
170 527 0
430 928 0
3 150 0
161 492 0
394 422 0
423 686 0
564 657 0
270 671 0
73 617 0
404 790 1
260 321 0
671 958 0
231 987 0
417 685 0
629 700 0
707 714 0
19 633 0
151 510 0
204 980 0
103 778 0
649 936 0
627 711 0
215 765 0
62 404 0
14 635 0
444 911 0
6 285 0
236 610 0
74 253 0
317 516 0
145 300 0
414 765 0
583 775 0
318 372 0
224 516 0
280 410 0
200 575 0
357 1016 0
964 1022 0
305 827 0
537 582 0
468 874 0
555 635 0
330 907 0
170 646 0
415 992 0
56 503 0
526 813 0
811 905 0
714 953 0
60 474 0
790 1022 0
838 900 0
254 956 0
875 1010 0
375 991 0
301 395 0
184 307 0
337 648 0
527 964 0
385 926 0
646 664 0
576 744 0
83 402 0
369 392 0
334 907 0
78 536 0
37 503 0
2 6 0
405 565 0
101 235 0
517 926 0
556 883 0
59 807 0
80 906 0
258 808 0
827 940 0
438 702 0
595 610 0
265 597 0
266 502 0
11 484 0
458 705 0
699 1021 0
140 1016 0
24 279 0
451 926 0
41 491 0
773 951 0
369 624 0
336 359 0
174 673 0
138 823 0
227 714 0
349 556 0
662 754 0
413 654 0
857 919 0
187 1021 0
174 723 0
64 785 0
336 427 0
1 332 0
117 826 0
586 732 0
410 458 0
796 859 0
177 512 0
500 559 0
84 479 0
699 727 0
134 754 0
132 975 0
33 311 0
396 1018 0
127 202 0
842 891 0
339 761 0
499 933 0
298 673 0
660 765 0
78 648 0
61 982 0
445 633 0
437 523 0
61 1013 0
436 935 0
432 622 0
612 910 0
802 873 0
208 550 0
511 943 0
700 954 0
818 863 0
266 475 0
441 853 0
174 352 0
118 844 0
624 1005 0
167 523 0
196 684 0
139 855 0
256 936 0
347 372 0
275 674 0
857 948 0
642 759 0
576 808 0
554 741 0
127 734 0
105 547 0
295 617 0
754 811 0
173 787 0
116 142 0
551 578 0
188 655 0
293 524 0
463 1013 0
939 991 0
296 966 0
22 594 0
221 992 0
267 462 0
785 868 0
61 294 0
371 611 0
674 697 0
816 877 0
106 910 0
966 976 0
681 716 0
367 801 0
91 233 0
187 862 0
278 651 0
34 258 0
715 859 0
365 371 0
316 836 0
510 943 0
248 345 0
63 116 0
152 635 0
74 418 0
506 608 0
473 667 0
74 524 0
915 994 0
414 529 0
514 906 0
119 408 0
212 907 0
668 770 0
358 482 0
201 664 0
149 575 0
175 916 0
105 672 0
328 761 0
965 979 0
81 802 0
205 721 0
213 371 0
544 835 0
447 621 0
297 501 0
408 617 0
754 978 0
387 996 0
511 874 0
563 868 0
320 962 0
800 970 0
498 878 0
313 662 0
189 966 0
655 808 0
119 371 0
567 931 0
327 366 0
555 985 0
597 949 0
396 959 0
90 166 0
806 886 0
468 605 0
245 989 0
522 596 0
597 774 0
306 708 0
234 939 0
289 473 0
295 947 0
377 650 0
658 709 0
381 897 0
912 989 0
43 200 0
283 969 0
976 1023 0
130 518 0
48 88 0
468 700 0
168 903 0
159 701 0
48 408 0
593 865 0
284 298 0
131 777 0
45 203 0
844 1023 0
568 598 0
330 458 0
275 850 0
363 983 0
391 695 0
219 307 0
383 795 0
559 717 0
392 781 0
264 482 0
473 915 0
265 559 0
246 554 0
349 854 0
466 988 0
102 652 0
801 939 0
22 398 0
465 601 0
449 831 0
924 999 0
481 821 0
201 508 0
576 692 0
229 931 0
127 305 0
252 275 0
230 386 0
853 1006 0
279 520 0
391 532 0
271 391 0
3 998 0
895 917 0
56 1020 0
285 546 0
156 612 0
22 471 0
267 836 0
114 135 0
465 597 0
145 469 0
261 908 0
717 868 0
664 798 0
57 128 0
99 868 0
706 888 0
44 266 0
363 765 0
547 840 0
33 1004 1
242 833 0
485 829 0
398 813 0
132 160 0
3 572 0
702 972 0
369 721 0
335 681 0
673 991 0
14 561 0
591 896 0
154 350 0
330 347 0
585 624 0
187 530 0
432 834 0
386 835 0
554 605 0
160 1003 0
241 793 0
55 576 0
383 514 0
25 992 0
373 557 0
185 528 0
712 965 0
239 478 0
192 945 0
412 879 0
906 931 0
232 386 0
92 283 0
155 444 0
52 683 0
91 944 0
408 887 0
112 740 0
222 867 0
257 548 0
333 773 0
456 757 0
248 321 0
231 870 0
519 835 0
348 697 0
71 973 0
249 315 0
441 444 0
845 857 0
900 974 0
262 462 0
162 552 0
195 856 0
825 937 0
254 416 0
432 799 0
229 686 0
317 439 0
432 434 0
29 918 0
462 611 0
680 968 0
9 265 0
394 538 0
126 752 0
399 894 0
625 982 0
423 988 0
762 1001 0
528 964 0
644 794 0
6 977 0
927 1006 0
346 417 0
434 456 0
31 186 1
251 901 0
96 326 0
398 611 0
724 849 0
4 601 0
675 942 0
60 88 0
231 246 0
126 480 0
65 336 0
271 456 0
597 678 0
46 434 0
353 838 0
655 743 0
173 403 0
494 733 0
97 551 0
186 450 0
307 407 0
534 773 0
170 942 0
254 771 0
847 956 0
123 897 0
112 382 0
624 743 0
526 647 0
166 980 0
187 298 0
283 379 0
289 834 0
459 479 0
518 843 0
432 662 0
64 384 0
114 180 0
69 599 0
100 279 0
422 948 0
194 271 0
455 478 0
687 695 0
499 685 0
679 989 0
158 756 0
406 442 0
416 899 0
402 672 0
298 395 0
503 973 0
165 842 0
244 756 0
141 421 0
226 765 0
362 862 0
358 804 0
613 885 0
535 947 0
45 235 0
112 856 0
597 688 0
123 527 0
620 960 0
524 537 0
69 316 0
342 956 0
191 691 0
8 694 0
469 965 0
805 934 0
401 475 0
653 767 0
226 663 0
435 705 0
310 803 0
6 230 0
427 474 0
195 922 0
224 680 0
701 791 0
157 903 0
855 997 0
37 1000 0
232 448 0
984 1018 0
512 914 0
239 738 0
395 776 0
475 726 0
341 568 0
359 576 0
104 785 0
675 804 0
447 866 0
757 780 0
630 958 0
642 886 0
105 124 0
346 600 0
562 607 0
389 670 0
43 550 0
439 469 0
81 444 0
348 802 0
83 546 0
231 722 0
101 331 0
299 574 0
392 726 0
424 1005 0
806 868 0
454 806 0
892 997 0
337 404 0
84 205 0
657 682 0
455 756 0
498 962 0
49 164 0
255 271 0
211 514 0
110 179 0
730 940 1
117 994 0
144 842 0
332 694 0
253 462 0
746 1017 0
80 388 0
414 940 0
208 988 0
596 725 0
401 950 0
1 356 0
342 764 0
137 456 0
547 818 0
356 828 0
729 751 0
122 969 0
5 612 0
72 761 0
312 508 0
856 965 0
720 780 0
647 918 0
318 510 0
298 801 0
512 514 0
405 611 0
608 979 0
131 200 0
148 593 0
489 502 0
420 534 0
615 974 0
833 955 0
248 773 0
123 527 0
261 727 0
449 753 0
254 907 0
231 930 0
555 755 0
373 537 0
276 716 0
215 1000 0
350 603 0
528 847 0
89 379 0
535 862 0
75 949 0
313 622 0
124 832 0
263 743 0
101 830 0
118 978 0
444 640 0
57 940 0
2 913 0
390 660 0
839 895 0
525 610 0
329 808 0
581 658 0
22 756 0
573 597 0
612 821 0
456 706 0
436 584 0
520 724 0
227 520 0
296 715 0
744 763 0
400 696 0
409 764 0
770 869 1
327 740 0
57 520 0
685 797 0
108 988 0
735 902 0
367 489 0
279 924 0
84 611 0
401 640 0
93 699 0
436 931 0
648 785 0
157 759 0
188 890 0
475 927 0
699 1020 0
417 592 0
496 862 0
208 603 0
269 433 0
556 799 0
516 644 0
320 749 0
263 584 0
147 828 0
718 1020 0
394 492 0
3 671 0
579 764 0
60 362 0
165 732 0
454 482 0
364 825 0
645 668 0
159 494 0
451 611 0
453 666 0
238 633 0
92 814 0
245 358 0
240 331 0
76 1008 0
26 994 0
5 211 0
149 190 0
111 452 0
243 582 0
676 734 0
709 858 0
167 722 0
519 983 0
664 986 0
461 520 0
971 1019 0
604 1002 0
680 815 0
8 912 0
223 305 0
360 1014 0
318 563 0
66 182 0
67 668 0
507 537 0
517 696 0
96 907 0
261 300 0
9 89 0
157 458 0
208 812 0
151 332 0
319 593 0
539 658 0
512 566 0
80 696 0
407 452 0
9 15 0
379 799 0
45 1021 0
122 848 0
59 266 0
441 507 0
696 720 0
520 635 0
284 921 1
187 223 0
243 366 0
508 916 0
179 202 0
259 484 0
211 852 0
35 1000 0
2 956 0
163 1013 0
597 893 0
708 791 0
453 920 0
196 792 0
517 928 0
406 820 0
872 894 0
678 985 0
722 909 0
487 792 0
8 488 0
809 1011 0
185 452 0
52 455 0
183 764 0
17 327 0
924 932 0
204 555 0
54 119 0
537 941 0
29 244 0
136 331 0
413 663 0
555 987 0
389 445 0
9 106 0
429 945 0
53 943 0
550 787 0
128 146 0
102 545 0
423 626 0
22 741 0
575 605 0
96 675 0
558 601 0
598 990 0
309 560 0
246 486 0
580 802 0
7 703 0
275 759 0
26 949 0
146 343 0
29 915 0
155 979 0
551 747 0
5 837 0
174 572 0
136 979 0
262 639 0
387 416 0
434 1005 0
178 372 0
576 601 0
122 971 0
861 932 0
392 828 0
453 881 0
204 349 0
71 731 0
325 600 0
897 995 0
223 517 0
400 690 0
73 822 0
109 795 0
70 748 0
421 595 0
79 181 0
295 710 0
355 961 0
618 1000 0
443 594 0
72 980 0
510 628 0
50 203 0
405 676 1
104 347 0
74 202 0
8 887 0
178 423 0
439 996 0
336 511 0
248 701 0
99 554 0
510 811 0
637 890 0
54 798 0
2 765 0
424 783 0
556 927 0
9 113 0
257 567 0
32 377 0
768 920 0
448 659 0
251 747 0
321 786 0
22 366 0
903 1018 0
736 962 0
162 639 0
323 800 0
239 963 0
792 796 0
237 772 0
743 1002 0
605 663 0
64 620 0
175 463 0
85 745 0
20 381 0
521 790 0
490 930 0
518 916 0
339 626 0
427 531 0
21 71 0
293 331 0
365 1022 0
125 145 0
615 978 0
625 1008 0
298 599 0
740 1013 0
808 1002 0
69 530 0
121 199 0
554 596 0
624 724 0
433 624 0
553 697 0
370 775 0
131 862 0
272 461 0
571 614 0
636 657 0
66 629 0
183 807 0
412 946 0
517 534 0
111 431 0
853 973 0
191 990 0
461 973 0
304 811 0
188 862 0
361 953 0
1 270 0
127 472 0
176 235 0
197 199 0
690 707 0
98 391 0
57 420 0
21 285 0
3 994 0
895 990 0
575 827 0
411 581 0
261 855 0
423 563 0
732 837 0
660 1023 0
608 618 0
175 571 0
428 700 0
303 585 0
100 633 0
98 171 0
263 889 0
7 496 0
726 992 0
268 919 0
99 405 0
787 823 0
423 754 0
383 570 0
253 384 0
525 793 0
171 744 0
459 632 0
864 935 0
725 734 0
647 967 0
59 111 0
217 773 0
421 644 0
82 220 0
772 928 0
67 641 0
786 843 0
570 867 0
634 887 0
179 785 0
442 716 0
918 920 0
133 245 0
420 606 0
314 625 0
599 719 0
11 989 0
298 381 0
293 751 0
631 829 0
182 360 0
431 547 0
598 785 0
671 773 0
145 229 0
515 829 0
686 880 0
20 232 0
302 501 0
50 161 0
551 661 1
373 698 0
89 722 0
517 603 0
413 565 0
162 329 0
439 763 0
37 840 0
242 721 0
389 906 0
280 1011 0
91 282 0
8 794 0
850 1009 0
347 708 0
712 997 0
508 567 0
64 802 0
102 768 0
493 573 0
495 796 0
20 1021 0
61 416 0
29 640 0
17 151 0
727 838 0
766 880 0
76 86 0
68 525 0
215 473 0
308 406 0
206 487 0
524 822 0
44 277 0
355 888 0
270 479 0
878 967 0
587 626 0
172 859 0
502 982 0
116 498 0
287 838 0
7 281 0
361 413 0
10 544 0
181 819 0
131 333 0
694 990 0
825 1004 0
67 489 0
597 941 0
48 450 0
526 840 0
420 576 0
48 283 0
92 185 0
537 993 0
486 581 0
521 872 0
183 727 0
14 718 0
239 983 0
565 736 0
414 867 0
591 643 0
48 1015 0
735 1007 0
125 233 0
494 565 0
22 673 0
311 875 0
217 1016 0
896 1001 0
495 1016 0
360 566 0
200 392 0
285 737 0
752 805 0
788 961 0
52 462 0
615 705 0
140 379 0
292 572 0
758 983 0
43 920 0
556 703 0
156 576 0
756 771 0
575 803 0
451 1014 0
17 602 0
178 524 0
306 440 0
588 666 0
42 110 0
978 986 0
280 411 0
84 734 0
223 583 0
24 827 0
598 951 0
756 856 0
402 461 0
342 345 0
617 756 0
361 398 0
299 352 0
661 986 0
33 61 0
498 526 0
140 893 0
290 311 0
393 620 0
72 614 0
305 604 0
13 632 0
119 974 0
394 649 0
437 926 0
140 553 0
28 925 0
448 468 0
56 251 0
297 604 0
677 1010 0
462 947 0
278 731 0
118 220 0
226 568 0
92 697 0
396 493 0
2 160 0
421 888 0
716 944 0
47 98 0
269 728 0
88 800 0
369 512 0
57 813 0
65 679 0
218 654 0
310 721 0
15 347 0
173 619 0
74 403 0
41 400 0
41 397 0
56 198 0
290 460 0
755 810 0
166 479 0
17 672 0
71 499 0
13 37 0
444 758 0
174 622 0
607 912 0
388 798 0
339 835 0
536 1019 0
215 263 0
87 475 0
341 779 0
326 881 0
32 281 0
494 910 0
862 980 0
290 331 0
264 875 0
435 669 0
185 378 0
244 363 0
63 140 0
977 990 0
589 835 0
19 197 0
311 784 0
719 785 0
418 461 0
112 132 0
66 743 0
254 417 0
793 817 0
538 1023 0
561 738 0
779 995 0
647 827 0
606 768 0
487 517 1
816 981 0
672 811 0
63 636 0
514 996 0
54 816 0
291 732 0
502 904 0
339 936 0
535 546 0
57 952 0
519 635 0
5 433 0
300 459 0
207 949 0
11 407 0
155 514 0
303 390 0
37 71 0
129 967 0
237 544 0
24 479 0
892 966 0
86 724 0
654 1006 0
301 539 0
163 306 0
22 242 0
643 1013 0
46 703 0
69 521 0
159 848 0
448 962 0
805 997 0
361 617 0
410 527 0
83 882 0
292 1023 0
488 898 0
233 373 0
245 940 0
71 94 0
52 992 0
28 944 0
50 489 0
92 949 0
490 635 0
56 661 0
241 899 0
578 923 0
180 383 0
435 893 0
66 802 0
375 600 0
341 789 0
658 742 0
145 803 0
202 434 0
82 513 0
709 934 0
688 806 0
676 888 0
379 733 0
530 781 0
579 595 0
214 780 0
22 693 0
322 661 0
473 790 0
207 886 0
376 485 0
819 1021 0
397 920 0
590 808 0
487 678 0
300 786 0
20 292 0
219 419 0
46 807 0
482 612 0
284 295 0
668 926 0
212 457 0
517 906 0
274 428 0
143 681 0
139 160 0
399 996 0
625 832 0
806 911 0
17 32 0
118 657 0
44 589 0
316 736 0
27 166 0
41 717 0
143 628 0
479 583 0
437 1013 0
479 518 0
792 916 0
381 502 0
145 745 0
244 619 0
828 1018 0
81 110 0
256 995 0
325 497 0
188 337 0
191 462 0
555 835 0
146 756 0
898 1021 0
58 984 0
392 566 0
236 891 0
728 781 0
634 683 0
244 253 0
168 839 0
276 418 0
508 846 0
584 915 0
198 960 0
370 375 0
521 900 0
752 914 0
190 421 0
111 289 0
382 994 0
365 1011 0
355 927 0
66 201 0
666 778 0
34 202 0
530 659 0
105 461 0
50 659 0
710 914 0
723 922 0
189 395 0
560 650 0
328 774 0
228 909 0
687 870 0
701 757 0
361 925 0
233 988 0
293 742 0
806 859 0
501 687 0
452 479 0
288 482 0
398 1007 0
5 771 0
455 681 0
29 927 0
114 583 0
17 381 0
585 893 0
867 928 0
189 459 0
297 653 0
247 781 1
771 775 0
4 367 0
214 779 0
290 329 0
161 670 0
548 837 0
240 465 0
300 443 0
95 192 0
506 736 0
256 272 0
102 928 0
578 794 0
40 636 0
768 841 0
85 169 0
650 777 0
179 672 0
896 971 0
381 688 0
170 904 0
402 486 0
419 480 0
177 616 0
696 980 0
808 891 0
144 343 0
258 912 0
292 488 0
361 521 0
733 863 0
85 1015 0
510 611 0
96 937 0
181 873 0
232 899 0
38 1003 0
863 926 0
237 660 0
295 742 0
765 864 0
93 194 0
404 688 0
436 442 0
111 166 0
816 894 0
34 672 0
649 719 0
307 542 0
509 932 0
91 746 0
635 707 0
229 803 0
898 978 0
736 844 0
718 1001 0
105 171 0
775 841 0
793 872 0
206 208 0
39 301 0
233 678 0
207 215 0
56 685 0
840 853 0
305 734 0
14 59 0
80 420 0
99 455 1
613 720 0
504 738 0
768 930 0
156 195 0
34 184 0
101 700 0
406 448 0
337 833 0
217 968 0
422 637 0
144 714 0
54 317 0
263 894 0
316 760 0
73 312 0
24 857 0
374 696 0
517 529 0
91 521 0
87 966 0
93 748 0
464 684 0
296 412 0
239 908 0
85 149 0
292 792 0
60 314 0
563 1013 0
441 792 0
482 713 0
340 897 0
160 289 0
334 720 0
442 704 0
147 842 0
204 853 0
352 613 0
389 680 0
258 355 0
590 825 0
482 935 0
522 863 0
393 777 0
270 313 0
67 720 0
794 966 0
529 898 0
588 852 0
128 588 0
246 652 0
390 897 0
701 967 0
924 924 0
583 890 0
42 836 0
346 938 0
172 670 0
140 243 0
360 974 0
146 422 0
441 843 0
53 578 0
274 812 0
15 147 0
34 286 0
559 664 0
137 923 0
698 890 0
91 148 0
86 340 0
423 737 0
48 729 0
8 950 0
172 311 0
17 397 0
72 345 1
68 828 1
32 88 0
231 546 0
183 576 0
333 996 0
4 706 0
355 778 0
176 913 0
94 484 0
295 832 0
996 1018 0
17 106 0
344 451 0
552 599 0
36 474 0
101 644 0
672 871 0
745 923 0
323 697 0
75 313 0
71 590 0
195 788 0
782 842 0
445 490 0
714 737 0
466 882 0
665 858 0
2 200 0
635 778 0
132 1014 0
449 896 0
22 910 0
164 354 0
506 868 0
268 640 0
207 801 0
42 220 0
306 543 0
155 933 0
605 742 0
776 896 0
116 261 0
102 905 0
4 68 1
459 681 0
418 464 0
433 924 0
317 741 0
33 644 0
44 65 0
209 600 0
183 477 0
65 298 0
206 376 0
237 459 0
231 818 0
59 66 0
33 742 0
144 396 0
712 777 0
326 820 0
584 1021 0
212 681 0
98 847 0
328 681 0
134 945 0
967 986 0
18 85 0
125 676 0
534 681 0
467 811 0
534 678 0
142 593 0
279 735 0
199 400 0
260 989 0
763 830 0
205 384 0
334 985 0
435 714 0
100 509 0
33 400 0
965 968 0
454 806 0
143 271 0
123 509 0
29 419 0
582 927 0
484 616 0
578 666 0
186 488 0
287 627 0
274 828 0
181 314 0
54 1020 0
368 523 0
179 454 0
35 216 0
216 257 0
217 372 0
212 292 0
267 730 0
381 395 0
195 786 0
175 340 0
444 599 0
178 724 0
227 953 0
19 166 0
710 813 0
172 670 0
271 901 0
314 736 0
486 652 0
22 59 0
397 403 0
131 976 0
367 472 0
16 831 0
78 136 0
415 444 0
66 145 0
35 597 0
129 153 0
765 773 0
16 572 0
691 977 1
767 817 0
139 387 0
27 931 0
476 1022 0
351 851 0
21 291 0
603 822 0
588 841 0
358 856 0
471 897 0
140 333 0
323 842 0
831 897 0
499 810 0
100 708 0
1004 1015 0
158 279 0
470 918 0
215 468 0
533 777 1
237 958 0
317 504 0
432 432 0
674 819 0
432 931 0
615 946 0
488 702 0
433 770 0
136 308 0
271 398 0
726 759 0
101 840 0
839 993 0
621 667 0
516 525 0
150 619 0
314 486 0
358 738 0
150 332 0
161 266 0
212 261 0
79 988 0
462 665 0
622 996 0
15 668 0
211 868 0
472 963 0
387 869 0
355 958 0
25 291 0
527 753 0
96 174 0
215 967 0
289 544 0
369 627 0
76 124 0
201 650 0
773 828 0
58 105 0
362 580 0
154 980 0
51 535 0
593 715 0
53 449 0
16 262 0
210 536 0
961 985 0
88 913 0
316 719 0
162 226 0
222 527 0
591 771 0
405 742 0
743 929 0
350 876 0
127 1004 0
71 554 0
526 850 0
129 604 0
479 747 0
356 373 0
227 602 0
557 973 0
698 783 0
11 177 0
42 987 0
399 588 0
33 45 0
185 196 0
221 283 0
753 916 0
498 530 0
717 920 0
284 619 0
205 416 0
333 629 0
474 819 0
93 708 0
163 170 0
638 651 0
215 877 0
98 219 0
432 614 0
238 349 0
65 993 0
528 551 0
414 916 0
436 637 0
262 332 0
109 361 0
506 863 0
569 889 0
323 880 0
99 558 0
530 684 0
46 581 0
374 787 0
627 990 0
190 486 0
200 733 0
96 892 0
769 919 0
489 676 0
209 683 0
789 875 0
738 768 0
209 859 0
197 493 0
436 950 0
466 617 0
166 972 0
86 894 0
36 410 0
597 598 0
211 1014 0
418 908 0
622 765 0
502 507 0
298 676 0
51 897 0
948 953 0
63 792 0
255 607 0
142 968 0
426 929 0
556 695 0
219 912 0
253 402 0
282 805 0
62 824 0
334 540 0
402 749 0
883 965 0
348 624 0
458 701 0
250 831 0
88 903 0
451 871 0
197 902 0
745 876 1
374 882 0
83 635 0
366 538 0
65 403 0
729 980 0
451 818 0
353 582 0
66 78 0
271 993 0
735 821 0
202 240 0
81 96 0
780 947 0
247 608 0
568 1015 0
340 415 1
258 547 0
568 808 0
190 486 0
612 733 0
228 729 0
250 826 0
361 657 0
548 990 0
105 857 0
123 517 0
135 562 0
359 513 0
587 745 0
230 850 0
125 669 0
208 675 1
145 239 0
118 1018 0
130 723 0
894 994 0
358 773 0
254 307 0
605 753 0
422 542 0
729 902 0
9 981 0
52 491 0
264 695 0
13 93 0
552 976 0
10 219 0
170 982 0
182 747 0
462 530 0
890 907 0
95 937 0
174 239 0
202 735 0
362 609 0
289 608 0
485 660 0
483 524 0
461 811 0
547 634 0
229 711 0
397 673 0
665 919 0
228 506 0
131 794 0
785 973 0
39 437 0
14 743 0
302 340 0
752 863 0
104 850 0
686 857 0
274 612 0
735 908 0
648 700 0
241 553 0
179 417 0
359 941 0
63 810 0
50 853 0
704 775 0
270 668 0
60 387 0
81 433 0
229 328 0
686 953 0
83 643 0
372 595 0
451 1023 0
568 648 0
77 303 0
456 730 0
657 817 0
166 672 0
387 568 0
414 753 0
620 629 0
288 426 0
53 298 0
49 955 0
673 809 0
163 911 0
531 722 0
665 721 0
267 534 0
478 914 0
21 815 0
15 436 0
51 819 0
170 614 0
83 375 0
90 215 0
620 841 0
314 355 0
863 922 0
120 554 0
716 927 0
431 954 0
603 644 0
190 843 0
515 658 0
287 657 0
623 977 0
330 797 0
78 576 0
129 897 0
65 215 0
77 591 0
112 735 0
319 433 0
918 1004 0
524 934 0
76 739 0
7 690 0
685 833 0
72 410 0
335 772 0
257 406 0
99 760 0
132 486 0
299 341 0
12 539 0
850 861 0
268 804 0
271 514 0
8 36 0
78 298 0
31 207 0
42 737 0
132 158 0
69 1013 0
70 621 0
463 975 0
65 160 0
344 573 0
433 622 0
305 841 0
75 917 0
270 276 0
347 711 0
355 745 0
301 486 0
25 1003 0
277 394 0
78 670 0
200 719 0
139 393 0
123 954 0
403 869 0
440 660 0
818 928 0
694 989 0
447 956 0
41 744 0
333 362 0
137 862 0
213 962 0
293 791 0
100 359 0
226 376 0
190 693 0
78 1023 0
455 784 0
805 896 0
154 855 0
608 634 0
915 947 0
782 816 0
379 755 0
172 530 0
497 559 0
137 1020 0
254 630 0
857 975 0
409 619 0
886 923 0
875 1001 0
303 320 0
618 885 0
344 950 0
309 1019 0
440 763 0
49 953 0
672 710 0
264 791 0
443 678 0
414 483 0
109 725 0
692 998 0
765 836 0
600 763 0
569 943 0
438 791 0
846 1009 0
930 959 0
663 882 0
556 566 0
176 661 0
960 1019 0
250 386 0
581 675 0
66 319 1
578 610 0
719 828 0
221 229 0
71 442 0
555 688 0
450 661 0
364 668 0
383 610 0
457 1014 0
205 809 0
779 804 0
380 867 0
524 700 0
792 941 0
39 754 0
472 846 0
82 554 0
197 801 0
134 506 0
376 744 0
395 920 0
215 553 0
387 857 0
799 893 0
436 615 0
34 353 0
295 792 0
112 432 0
854 905 0
301 908 0
465 731 0
499 858 0
500 700 0
583 762 0
311 845 0
51 92 0
5 798 0
11 956 0
75 121 0
48 63 0
589 826 0
683 921 0
599 719 0
387 516 0
213 499 0
124 499 0
267 537 0
438 663 0
60 970 0
350 907 0
572 787 0
660 918 0
384 921 0
37 112 0
507 793 0
311 317 0
185 292 0
286 463 0
284 850 0
104 110 0
432 870 0
269 790 0
739 769 0
49 569 0
383 565 0
132 835 0
241 882 0
105 105 0
85 350 0
593 866 0
457 715 0
930 978 0
358 391 0
48 498 1
773 879 0
156 951 0
656 668 0
810 904 0
287 697 0
869 976 0
56 517 0
74 461 0
874 915 0
75 862 0
292 446 1
346 707 0
632 842 0
488 865 0
636 696 0
543 631 0
41 61 0
112 619 0
116 965 0
774 778 0
637 760 0
920 929 0
207 415 0
307 541 0
219 883 0
227 994 0
20 172 0
261 848 0
156 1014 0
710 908 0
559 722 0
51 396 0
322 800 0
309 378 0
260 833 0
232 715 0
131 595 0
585 740 0
482 623 0
305 437 0
397 963 0
511 673 1
15 196 0
486 652 0
587 628 0
369 406 0
935 939 0
405 648 0
104 206 0
198 622 0
223 513 0
44 241 0
627 769 0
114 780 0
16 520 0
559 628 0
292 896 0
459 963 0
273 929 0
849 920 0
182 652 0
208 639 0
780 962 0
14 487 0
761 892 1
318 874 0
468 654 0
61 528 0
180 474 0
44 449 0
556 774 0
605 737 0
775 964 0
340 495 0
610 700 0
396 859 0
261 937 0
432 609 0
422 852 0
685 731 0
327 820 0
819 989 0
750 989 0
444 631 0
311 863 0
76 669 0
318 503 0
335 357 0
716 801 0
221 364 0
412 897 0
59 134 0
307 488 0
337 834 0
220 466 0
455 984 0
369 716 0
121 457 0
425 805 0
94 701 0
706 715 0
286 997 0
153 563 0
282 948 0
557 943 0
148 710 0
490 701 0
214 921 0
340 652 0
318 728 0
194 223 0
155 401 0
338 544 0
350 916 0
278 898 0
650 705 0
586 660 0
352 789 0
459 747 0
695 726 0
297 755 0
13 774 0
10 1009 0
310 738 0
742 768 0
162 661 0
570 694 0
7 102 0
30 60 0
113 1002 0
26 720 0
496 883 0
549 787 0
476 690 0
3 219 0
153 292 0
341 621 0
33 272 0
231 323 0
220 899 0
895 982 0
367 1004 0
30 581 0
963 1007 0
600 899 0
209 715 0
645 926 0
65 137 0
751 1002 0
545 803 0
18 758 0
646 713 0
529 880 0
466 596 0
290 868 0
555 738 0
449 502 0
124 447 0
106 705 0
474 995 0
920 980 0
183 687 0
492 800 0
705 880 0
493 791 0
462 679 0
70 977 0
223 776 0
351 551 0
184 994 0
352 948 0
922 1000 0
648 826 0
327 550 0
30 219 0
880 975 0
85 196 0
543 775 0
744 780 0
486 572 0
470 676 0
221 711 0
190 540 1
624 724 0
551 896 0
240 978 0
566 1007 0
487 780 0
668 776 0
460 980 0
117 652 0
197 859 0
396 450 0
266 446 0
180 224 0
309 553 0
79 229 0
92 229 0
443 834 0
167 270 0
107 169 0
372 664 0
312 873 0
584 732 0
107 568 0
787 834 0
784 954 0
62 1008 0
387 396 0
69 426 0
44 483 0
115 193 0
11 55 0
682 873 0
82 991 0
215 485 0
181 977 0
636 962 0
227 701 0
328 905 0
594 735 0
432 899 0
422 917 0
165 770 0
122 334 0
13 920 0
204 274 0
91 510 0
132 392 0
256 516 0
16 760 0
246 569 0
10 30 0
392 474 0
758 968 0
81 978 0
580 697 0
482 925 0
96 857 0
925 946 0
553 802 0
446 490 0
758 1007 0
400 859 0
447 590 0
65 490 0
208 230 0
396 661 0
638 736 0
47 689 0
44 421 0
89 147 0
783 968 0
129 818 0
82 140 0
483 912 0
59 908 0
245 774 0
674 693 0
899 995 0
306 427 0
200 988 0
232 657 0
292 989 0
829 999 0
384 435 0
374 454 0
432 1008 0
324 361 0
138 581 0
707 712 0
155 316 0
383 609 0
274 831 0
772 915 0
121 542 0
456 614 0
234 725 0
5 822 0
118 941 0
563 899 0
40 245 0
21 785 0
243 618 0
585 808 0
685 827 0
250 252 0
294 337 0
360 755 0
109 268 0
273 846 0
335 817 0
257 963 0
257 437 0
238 947 0
259 609 0
741 944 0
226 660 0
251 397 0
266 885 0
306 517 0
586 836 0
74 549 0
353 693 0
5 108 0
602 699 0
206 714 0
722 980 0
639 1005 0
97 889 0
111 151 0
437 671 0
222 920 0
149 456 0
97 424 0
37 788 0
13 249 0
539 847 1
322 874 0
796 878 0
386 518 0
558 640 0
871 1022 0
529 598 1
56 447 0
40 562 0
530 623 0
562 767 0
240 653 0
728 1018 0
279 990 0
472 539 0
315 415 0
78 298 0
109 1015 0
60 222 0
18 307 0
713 716 0
280 751 0
52 395 0
416 876 0
135 773 0
33 677 0
517 662 0
10 229 0
529 1023 0
23 51 0
191 745 0
197 246 0
140 810 0
425 718 0
324 514 0
596 801 0
367 658 0
471 1022 0
604 816 0
336 811 0
422 715 0
150 911 0
746 1000 0
268 516 0
412 945 0
547 870 0
716 984 0
699 701 0
15 390 0
433 574 0
567 702 0
10 25 0
302 389 0
297 832 0
103 893 0
688 781 0
893 950 0
82 574 0
151 301 0
549 867 0
485 745 0
678 832 0
157 541 0
867 903 0
393 966 0
289 439 0
9 809 0
581 798 0
154 482 0
320 1006 0
385 905 0
528 854 0
392 766 0
811 836 0
392 1005 0
581 702 0
309 632 0
386 908 0
524 980 0
630 828 0
419 472 0
31 803 0
101 993 0
481 918 0
515 898 0
229 494 0
189 649 0
481 708 0
577 778 0
144 826 0
313 916 0
866 989 0
298 497 0
187 886 0
480 677 0
59 522 0
428 742 0
618 1005 0
394 791 0
348 832 0
314 463 0
430 563 0
490 997 0
357 584 0
451 528 0
156 646 0
75 367 0
358 413 0
570 977 0
9 260 0
415 675 0
453 538 0
34 532 0
458 876 0
138 629 0
314 501 0
142 498 0
511 993 0
51 765 0
254 614 0
397 1014 0
685 943 0
751 752 0
484 603 0
275 897 0
577 639 0
695 864 0
762 915 0
275 949 0
35 435 0
283 967 0
91 298 0
179 693 0
120 1001 0
172 740 0
60 790 0
286 777 0
6 476 0
153 603 0
30 896 0
899 974 0
148 590 0
411 871 0
271 1016 0
56 208 0
512 567 0
869 1018 0
93 898 0
367 773 0
74 870 0
40 809 0
293 699 0
395 529 0
66 300 0
867 974 0
300 463 0
287 458 0
319 802 0
559 569 0
216 490 0
447 883 0
303 517 0
381 393 0
88 564 0
142 664 0
531 536 0
702 728 0
463 596 0
154 624 0
376 961 0
95 401 0
111 167 0
147 787 0
203 464 0
840 882 0
188 303 0
766 965 0
509 886 0
608 667 0
617 825 1
91 765 0
14 217 0
233 424 0
346 624 0
122 559 0
114 575 0
280 752 0
441 955 1
277 949 0
756 833 0
430 490 0
600 708 0
125 868 0
722 941 0
807 984 0
427 917 0
725 936 0
57 655 0
530 1011 0
641 661 0
455 768 0
509 937 0
170 931 0
74 80 0
176 846 0
191 351 0
2 647 0
232 244 0
74 102 0
309 625 0
2 1009 0
29 263 0
73 824 0
402 513 0
218 280 0
286 464 0
262 707 0
292 1023 0
242 754 0
470 500 0
281 989 0
752 925 0
74 324 0
137 372 0
435 828 0
356 912 0
323 849 0
653 674 0
182 234 0
530 680 0
378 836 0
734 1012 0
360 467 0
514 614 0
777 1023 0
527 778 0
355 848 1
243 772 0
912 924 0
679 869 0
632 758 0
590 994 0
216 697 0
463 748 0
374 788 0
689 956 0
379 610 0
852 878 0
692 695 1
165 878 0
448 895 0
334 552 0
98 206 0
122 397 0
455 904 0
74 697 0
123 232 0
375 615 0
238 377 0
847 968 0
25 845 0
201 446 0
192 388 0
19 806 0
442 817 0
186 517 0
721 796 0
67 561 0
362 852 0
206 454 0
407 504 0
396 713 0
200 830 0
101 947 0
51 345 0
863 975 0
188 945 0
45 872 0
223 503 0
622 690 0
706 823 0
804 823 0
527 697 0
759 866 0
417 953 0
40 110 0
61 397 0
536 992 0
554 983 0
74 867 0
265 1023 0
965 1016 0
365 782 0
448 504 0
179 563 0
127 877 0
365 673 0
107 109 0
15 574 0
172 901 0
535 618 0
50 742 0
290 324 0
694 911 0
336 424 0
311 461 0
554 703 0
288 470 0
622 1001 0
100 857 0
361 839 0
171 688 0
313 511 0
110 192 0
225 860 0
92 313 0
17 583 0
499 595 0
476 809 0
31 975 0
235 467 0
85 709 0
607 888 0
798 964 0
727 906 0
675 837 0
117 322 0
88 307 0
118 278 0
325 834 0
545 1013 0
551 675 0
137 151 0
454 670 0
475 739 1
421 599 0
806 1018 0
189 408 0
481 845 0
48 215 0
511 974 0
112 169 0
26 331 0
624 682 0
1 229 0
189 580 0
627 766 0
419 769 0
387 896 0
337 837 0
150 575 0
461 556 0
388 953 0
203 248 0
660 877 0
771 893 0
259 346 0
83 834 0
121 758 0
243 475 0
336 683 0
190 1021 0
707 1023 0
178 992 0
234 583 0
250 308 0
428 864 0
317 592 0
236 517 0
502 1003 0
654 657 0
397 628 0
207 211 0
636 982 0
133 451 0
19 922 0
152 899 0
785 972 0
655 743 0
511 618 0
496 887 0
338 990 0
7 40 0
270 410 0
133 951 0
274 662 0
687 770 0
580 859 0
167 1004 0
936 960 0
161 236 0
866 957 0
803 879 0
198 905 0
148 1012 0
45 110 0
587 882 0
125 856 0
30 596 0
71 820 1
2 257 0
639 733 0
692 783 0
298 471 0
328 423 0
454 980 0
316 906 0
398 796 0
176 337 0
236 536 0
104 722 0
97 405 0
117 276 0
616 667 0
608 923 0
343 799 0
579 1019 0
302 653 0
43 660 0
63 757 0
807 931 0
59 696 0
175 181 0
705 852 0
219 829 0
501 734 0
51 246 0
215 235 1
571 817 0
430 494 0
167 695 0
151 406 0
417 501 1
210 522 0
218 227 0
212 1006 0
356 672 0
439 531 0
144 265 0
335 1002 0
780 998 0
522 581 0
313 456 0
222 232 0
204 922 0
421 919 0
442 601 0
626 725 1
289 933 0
312 510 0
147 903 1
525 882 0
76 878 0
195 267 0
22 693 0
742 822 0
694 933 0
38 439 0
177 585 0
305 693 0
359 551 0
45 308 0
79 136 0
27 134 0
32 790 0
686 940 0
313 678 0
328 336 0
338 612 0
232 536 0
196 776 0
448 793 0
664 757 0
489 725 0
439 870 0
764 922 0
559 778 0
530 587 0
148 957 0
283 512 0
401 437 0
263 847 0
159 942 0
268 915 0
574 922 0
425 763 0
45 866 0
300 634 0
260 877 0
106 889 0
297 713 0
498 665 0
224 1014 0
620 914 0
432 936 0
599 833 0
535 976 0
491 615 0
748 870 0
145 724 0
404 585 0
247 284 0
216 673 0
378 800 0
553 824 0
272 467 0
617 632 0
314 865 0
214 302 0
74 201 0
694 731 0
368 946 0
119 407 0
587 850 0
503 748 0
746 781 0
142 482 0
439 593 0
17 502 0
108 916 0
53 527 0
344 462 1
246 951 0
583 977 0
8 118 0
690 802 0
485 489 0
333 836 0
763 793 0
105 110 0
527 926 0
684 1002 0
70 148 0
17 813 0
32 240 0
43 443 0
759 863 0
227 951 0
178 808 0
346 744 0
81 707 0
466 916 0
203 465 0
862 877 0
63 286 0
253 930 0
552 808 0
125 588 0
470 674 0
346 594 0
444 684 0
264 890 0
23 871 0
288 442 0
157 684 0
306 409 0
430 461 0
261 830 0
11 688 0
218 965 0
691 733 0
213 487 0
371 629 0
860 986 0
394 679 0
267 584 0
144 949 0
76 365 0
220 698 0
44 500 0
303 874 0
437 915 0
460 971 0
406 1021 0
598 760 0
832 888 0
553 559 0
492 793 0
640 816 0
75 852 0
456 527 0
17 305 0
923 1019 0
442 944 0
747 854 0
207 858 0
102 576 0
281 665 0
256 551 0
716 853 0
806 961 0
270 661 0
24 144 0
211 411 0
117 717 0
754 1000 0
22 939 0
335 844 0
249 479 0
81 770 0
250 313 0
496 844 0
32 446 0
688 811 0
165 573 0
76 742 0
653 729 0
538 923 0
421 657 0
422 543 0
664 924 0
233 525 0
223 842 0
32 844 0
680 913 0
478 788 0
667 1021 0
514 771 0
370 929 0
297 650 0
103 1019 0
601 772 0
769 985 0
633 674 0
67 196 0
57 175 0
25 329 0
275 953 0
459 755 0
740 755 0
220 821 1
123 799 0
215 966 0
186 811 0
542 873 0
532 817 0
215 623 0
147 860 0
258 693 0
562 912 0
146 585 0
589 880 0
144 309 0
526 602 0
226 781 0
410 843 0
191 731 0
40 548 0
258 1022 0
388 475 0
928 1019 0
728 931 0
240 456 0
1 886 0
515 874 0
374 991 0
262 950 0
786 998 0
208 390 0
335 868 0
320 347 0
666 730 0
377 449 0
42 925 0
596 777 0
352 555 0
16 864 0
57 807 0
98 190 0
460 783 0
623 642 0
503 812 0
272 322 0
892 934 0
601 709 0
207 727 0
879 998 0
886 993 0
296 448 0
514 648 0
549 940 0
427 565 0
556 708 0
396 542 0
223 603 0
260 933 0
285 992 0
339 743 0
524 848 0
251 726 0
370 500 0
163 332 0
735 811 0
278 812 0
223 511 0
309 863 0
581 1007 0
148 893 0
349 853 0
919 922 0
283 704 0
7 358 0
611 624 0
418 923 0
881 991 0
680 929 0
183 333 0
179 686 0
124 749 0
770 898 0
202 284 0
105 331 0
195 802 0
141 176 0
66 1003 0
79 309 0
27 830 0
143 653 0
95 525 0
529 605 0
211 500 0
53 89 0
188 395 0
176 448 0
497 578 0
148 1013 0
130 849 0
74 228 0
31 733 0
218 479 0
672 962 0
43 511 0
144 609 0
758 790 0
438 874 0
73 357 0
396 833 0
243 395 0
671 857 0
256 895 0
295 967 0
351 470 0
452 610 0
545 955 0
387 604 0
253 524 0
144 922 0
216 885 0
189 906 0
545 897 0
48 965 0
690 937 0
19 605 1
227 460 0
300 757 0
164 254 0
666 699 0
668 669 0
411 651 0
193 355 0
515 706 0
598 689 0
1 208 0
293 475 0
615 641 0
339 580 0
240 898 0
102 738 0
158 436 0
37 832 0
143 207 0
10 208 0
325 590 0
42 476 0
84 402 0
612 909 0
357 426 0
205 985 0
183 435 0
512 759 0
546 899 0
169 545 0
190 971 0
825 956 0
555 992 1
900 1018 0
287 820 0
135 806 0
282 766 0
54 123 0
237 308 0
210 977 0
534 700 0
158 873 0
750 866 0
533 670 0
755 854 0
665 922 0
107 297 0
70 720 0
78 837 0
157 775 0
674 950 0
64 561 0
232 986 0
305 437 0
347 481 0
775 996 0
778 851 0
137 988 0
542 960 0
303 818 0
574 628 0
389 630 0
664 982 0
210 560 0
727 1016 0
174 563 0
272 664 0
465 600 0
486 650 0
14 973 0
333 516 0
515 788 0
55 843 0
197 591 0
299 323 0
692 776 0
324 871 0
340 748 0
10 534 0
386 967 0
190 594 0
40 995 0
468 578 0
700 928 0
123 548 0
20 870 0
110 635 0
501 685 0
520 831 0
87 557 0
87 476 0
9 557 0
251 550 0
318 782 0
148 447 0
605 934 0
446 675 0
800 837 0
315 526 0
673 684 0
166 501 0
649 656 0
408 457 0
96 537 0
417 448 0
371 402 0
32 138 0
183 526 0
511 951 0
372 1001 0
636 829 0
106 1009 0
602 746 0
312 365 0
520 880 0
937 1022 0
314 510 0
676 1016 0
153 199 0
434 816 0
572 777 0
373 676 0
146 560 0
186 832 0
757 847 0
943 1016 0
243 422 0
316 985 0
475 508 0
393 658 0
158 797 0
293 438 0
610 952 0
338 510 0
98 756 0
534 822 0
353 725 0
634 648 0
942 1020 0
654 838 0
781 791 0
472 903 0
455 841 0
28 977 0
933 988 0
517 883 0
501 623 0
52 626 0
393 450 0
235 539 0
473 517 0
77 557 0
134 945 0
624 936 0
460 898 0
437 576 0
104 381 0
709 745 0
645 873 0
615 938 0
98 550 0
85 400 0
427 542 0
652 703 0
19 172 0
363 914 0
520 596 0
33 571 0
53 440 0
199 203 0
112 1007 0
22 308 0
557 636 0
417 491 0
305 907 0
311 650 0
164 647 0
28 435 0
288 859 0
332 568 0
133 250 0
307 376 0
876 997 0
82 972 0
178 772 0
472 661 0
676 685 0
153 958 0
125 772 0
227 1003 1
26 625 0
33 606 0
438 954 0
227 834 0
98 854 0
398 747 0
540 899 0
898 899 0
813 961 0
174 332 0
402 511 0
255 674 0
190 970 0
339 384 0
354 936 0
579 753 0
516 581 0
790 980 0
539 584 0
225 554 0
149 416 0
164 258 0
127 184 0
25 304 0
939 967 0
224 663 0
265 781 0
369 863 0
873 901 0
33 493 0
331 928 0
327 1012 0
462 862 0
194 499 0
446 527 0
75 183 0
268 788 0
305 454 0
330 744 0
52 952 0
519 947 0
15 747 0
78 531 0
333 578 0
110 468 0
86 556 0
890 940 0
432 872 0
587 779 0
149 522 0
423 949 0
143 293 0
662 873 0
103 542 0
6 404 0
164 786 0
165 258 0
287 774 0
411 414 0
575 950 0
194 260 0
100 919 0
6 926 0
84 896 0
483 550 0
53 101 0
237 367 0
36 768 0
492 760 0
525 718 0
887 942 0
735 968 0
303 878 0
16 381 0
41 167 0
590 959 0
2 659 0
568 852 0
145 315 0
58 490 0
730 908 0
614 762 0
605 698 0
770 879 0
786 1010 0
292 888 1
182 992 0
204 535 0
426 606 0
146 559 0
265 722 0
270 339 0
516 562 0
187 230 0
429 526 0
603 771 0
6 443 0
37 692 0
194 388 0
514 749 0
183 919 0
719 1017 0
310 563 0
94 339 0
335 630 0
804 821 0
475 918 0
297 532 0
428 805 0
463 991 0
571 939 0
8 641 0
57 475 0
639 829 0
303 361 0
553 729 0
199 443 0
820 848 0
677 864 0
750 935 0
266 905 0
181 792 0
403 676 0
427 478 0
212 310 0
828 847 0
242 447 0
45 280 0
178 977 0
415 557 0
487 559 0
148 710 0
518 1020 0
419 882 0
240 627 0
722 840 0
55 601 0
565 867 0
3 520 0
180 236 0
76 247 0
138 863 0
93 289 0
222 490 0
177 300 0
538 886 0
11 942 0
274 614 0
762 844 0
108 378 0
97 528 0
546 677 0
339 629 0
186 535 0
92 239 0
590 598 0
236 753 0
401 854 0
38 638 0
470 765 0
293 969 0
526 617 0
242 463 0
536 747 0
224 314 0
702 952 0
572 863 0
764 843 0
686 1004 0
565 903 0
749 909 0
106 170 0
3 68 0
82 820 0
3 645 0
267 925 0
566 785 0
98 119 0
208 898 0
573 654 0
234 851 0
289 343 0
247 306 0
140 960 0
273 773 0
448 878 0
451 1009 0
16 487 0
73 394 0
342 915 0
71 246 0
139 373 0
463 856 0
291 671 0
338 361 0
335 1017 0
60 916 0
389 508 0
375 626 0
487 887 0
115 560 0
245 505 0
164 852 0
686 814 0
418 998 0
88 210 0
59 473 0
220 320 0
191 1022 0
438 820 0
51 235 0
339 737 0
376 894 0
546 753 0
186 946 0
161 882 0
498 654 0
665 702 0
330 902 0
215 723 0
216 429 0
372 508 0
186 505 0
2 657 0
102 870 0
520 756 0
392 826 0
784 1000 0
114 134 0
535 740 0
84 578 0
577 926 0
600 906 0
553 865 0
309 633 0
359 578 0
819 856 0
669 825 0
248 555 0
484 640 0
261 968 0
220 589 0
88 624 0
306 742 0
791 998 0
20 663 0
684 870 0
174 357 0
271 708 0
490 911 0
138 253 0
395 782 0
33 567 0
82 249 0
37 162 0
846 948 0
191 563 0
387 481 0
340 994 0
339 605 0
410 760 0
940 1011 0
54 711 0
490 744 0
62 589 0
622 812 0
572 981 0
335 832 0
763 813 0
607 866 0
570 965 0
47 743 0
294 958 0
160 917 0
329 912 0
259 998 0
196 260 0
71 728 0
361 907 0
29 538 0
149 797 0
199 567 0
543 864 0
584 883 0
774 833 0
756 780 0
81 355 0
179 237 0
863 962 0
509 719 0
164 503 0
808 878 0
181 360 0
762 884 0
806 977 0
343 903 0
612 712 0
437 960 0
37 421 0
343 660 0
393 446 0
329 598 0
322 387 0
307 447 0
726 918 0
368 374 0
239 1001 0
160 950 0
217 945 0
567 594 0
735 940 0
64 295 0
258 587 0
408 903 0
133 925 0
587 655 0
113 611 0
220 559 0
199 674 0
90 308 0
286 331 0
547 688 0
37 243 0
257 648 0
239 872 0
188 374 0
165 743 0
315 979 0
374 527 0
286 972 0
676 1001 0
200 215 0
363 617 0
217 642 0
593 604 0
131 161 0
416 570 0
140 709 0
500 841 0
526 535 0
511 844 0
548 988 0
308 518 0
75 97 0
46 643 0
267 768 0
603 761 0
137 764 0
399 405 0
97 558 0
672 899 0
412 990 0
392 470 0
463 475 0
66 227 0
196 292 0
27 69 0
273 796 0
99 951 0
159 842 0
268 670 0
24 55 0
309 814 0
114 114 0
369 622 0
143 167 0
514 773 0
81 378 0
29 887 0
115 309 0
93 989 0
461 877 0
356 683 0
179 521 0
116 157 0
220 806 0
53 350 0
79 910 0
45 155 0
683 924 0
324 692 0
152 540 0
119 878 0
202 588 0
138 870 0
139 214 0
178 521 0
117 889 0
337 902 0
513 829 0
652 696 0
768 935 0
68 617 0
219 635 0
70 523 0
393 451 0
379 802 0
392 853 0
720 839 0
439 496 0
152 599 0
133 219 1
876 957 0
725 961 0
530 912 0
395 876 0
367 405 0
443 920 0
266 365 0
460 478 0
553 685 0
327 600 0
858 861 0
197 884 0
127 676 0
103 326 0
582 617 0
428 735 0
300 755 0
640 707 0
1 115 0
544 688 0
480 525 0
329 668 0
175 902 0
457 622 0
155 279 0
220 776 0
225 642 0
156 887 0
696 909 0
218 420 0
451 917 0
135 920 0
8 307 0
286 856 0
125 557 0
381 935 0
371 610 0
2 955 0
424 992 0
272 899 0
674 717 0
771 975 0
38 42 0
237 280 0
721 787 0
630 736 0
930 1010 1
188 220 0
625 683 0
241 359 0
2 392 0
281 718 0
507 647 0
196 506 0
444 797 0
738 952 0
90 165 0
99 416 0
295 858 0
667 930 0
127 630 0
63 560 0
42 749 0
455 761 0
143 500 0
323 505 0
265 434 0
180 1001 0
122 132 0
672 913 0
234 716 0
535 601 0
896 977 0
158 632 0
33 71 0
397 497 0
54 110 0
528 994 0
288 498 0
541 882 0
113 372 0
793 1022 0
348 847 0
383 680 0
140 200 0
88 381 0
3 374 0
804 863 0
192 520 0
391 755 0
811 872 0
214 536 0
353 573 0
197 544 0
147 1021 0
238 345 0
146 617 0
195 382 0
149 663 0
61 175 0
589 894 0
4 707 0
620 822 0
575 783 0
829 901 0
707 964 0
302 759 0
56 986 0
186 223 0
47 509 0
533 784 0
510 833 0
142 387 0
677 934 0
140 814 0
697 1000 0
796 838 0
223 400 0
173 430 0
447 466 0
451 803 0
340 790 0
341 991 0
463 800 0
564 644 0
436 976 0
301 1001 0
873 915 0
709 715 0
63 747 0
781 803 0
103 544 0
94 516 0
648 762 0
147 580 0
423 620 0
822 925 0
500 804 0
89 250 0
621 894 0
241 597 0
28 592 0
208 337 0
95 970 0
444 480 0
385 672 0
550 745 0
93 724 0
242 713 0
142 645 0
483 1021 0
434 515 0
140 711 0
9 76 0
331 701 0
148 271 0
125 613 0
647 662 0
663 831 0
395 463 0
221 594 0
28 167 0
185 313 0
116 982 0
765 930 0
903 1002 0
241 863 0
130 770 0
463 597 0
133 810 0
557 809 0
473 822 0
83 945 0
238 722 0
244 786 0
383 483 0
666 870 0
625 825 0
721 881 0
179 591 0
413 814 0
883 928 0
294 621 0
656 979 0
156 655 0
84 757 0
619 922 0
362 533 0
632 801 0
417 852 0
564 784 0
119 127 0
475 949 0
132 347 0
384 497 0
179 280 0
346 982 0
507 946 0
213 815 0
229 655 0
283 753 0
340 442 0
331 762 0
124 476 0
271 867 0
255 567 0
562 775 0
545 694 0
411 880 0
207 652 0
200 669 0
385 673 0
882 974 0
39 252 0
326 540 0
14 904 0
681 783 0
935 985 0
129 895 0
656 714 0
141 522 0
264 614 0
655 751 0
690 771 0
297 326 0
515 632 0
416 954 0
150 578 0
840 854 0
513 595 0
52 843 0
20 917 0
104 830 0
13 718 0
459 476 0
56 572 0
825 929 0
340 786 0
459 464 0
674 900 0
48 999 0
345 811 0
480 1010 0
47 972 0
663 939 0
658 977 0
494 627 0
103 554 0
289 614 0
660 806 0
40 1013 0
45 344 0
18 93 0
160 160 0
42 937 0
94 580 0
605 1017 0
313 924 0
279 598 0
719 925 0
504 562 0
658 734 0
888 932 0
236 496 0
835 845 0
210 960 0
174 269 0
221 1015 0
678 886 0
63 145 0
188 704 0
437 468 0
377 854 0
77 412 0
249 574 0
4 637 0
599 667 0
30 395 0
209 781 0
444 859 0
209 589 0
175 871 0
173 963 0
552 605 0
229 273 0
273 842 0
128 763 0
333 429 0
251 742 0
217 854 0
59 249 0
108 250 0
30 728 0
525 543 0
230 1021 1
96 318 0
113 429 0
93 604 0
435 688 0
354 374 0
440 742 0
245 436 0
273 417 0
2 762 0
253 344 0
450 846 0
241 965 0
622 772 0
707 832 1
23 531 0
142 995 0
32 600 0
10 104 0
101 179 0
789 819 0
156 897 0
564 684 0
108 657 0
231 954 0
225 603 0
814 859 0
124 887 0
281 1011 0
626 877 0
776 965 0
175 759 0
385 549 0
538 889 0
41 67 0
365 536 0
377 651 0
84 595 0
90 727 0
308 700 0
431 487 0
330 493 0
13 29 0
870 948 0
605 864 0
66 693 0
121 475 0
808 903 0
468 772 0
167 456 0
201 677 0
823 859 0
66 191 0
243 423 0
356 927 0
256 410 0
289 606 0
302 726 0
158 250 0
264 938 0
353 456 0
670 847 0
28 325 0
66 455 0
70 424 0
6 64 0
848 981 0
175 901 0
696 1020 0
95 470 0
554 566 0
648 716 0
102 928 0
297 363 0
622 741 0
285 683 0
800 998 0
403 835 0
324 719 0
387 757 0
324 467 0
59 974 0
390 431 0
83 128 0
288 1014 0
496 900 0
254 570 0
782 1007 0
241 598 0
558 776 0
4 872 0
9 288 0
321 884 0
86 612 0
611 716 0
153 724 0
88 168 0
745 846 0
267 393 0
272 737 0
362 427 0
608 997 0
94 704 0
17 350 0
425 638 0
550 1016 0
286 513 0
446 726 0
493 996 0
938 957 0
23 437 0
124 468 0
371 509 0
389 882 0
582 734 0
121 262 0
348 453 0
299 850 0
554 581 0
390 912 0
485 811 0
336 913 0
182 881 0
63 260 0
42 627 0
29 879 0
399 748 0
483 824 0
242 738 0
180 311 0
615 634 0
758 933 0
167 714 0
657 764 0
200 313 0
947 961 0
521 987 0
429 778 0
99 1021 1
293 585 0
699 986 0
493 684 0
303 1018 0
121 788 0
99 780 0
472 623 0
229 725 0
264 412 0
90 614 0
51 177 0
565 600 0
783 817 0
78 686 0
50 539 0
36 228 0
351 902 0
252 966 0
215 996 0
195 903 0
316 743 0
722 858 0
64 632 0
198 1006 0
48 1008 0
550 636 0
182 709 0
247 292 0
13 608 0
248 616 0
584 896 0
198 910 0
778 792 0
160 912 0
877 894 0
771 849 0
260 506 0
468 749 0
141 215 0
209 212 0
171 262 0
733 774 0
106 951 0
21 389 0
329 443 0
916 947 0
402 837 0
836 956 0
212 608 0
388 807 0
323 384 0
118 764 0
532 694 0
196 684 0
434 581 0
227 906 0
78 752 0
25 261 0
51 792 0
54 483 0
340 726 0
20 603 0
460 702 0
36 371 0
71 165 0
749 1005 0
309 834 0
256 431 0
93 395 0
186 914 0
328 526 0
562 644 0
301 348 0
88 755 0
876 931 0
179 477 0
679 900 0
819 952 0
289 550 0
62 468 0
380 1014 0
285 986 0
411 869 0
688 755 0
87 247 0
565 934 0
460 555 0
393 904 0
57 90 0
510 511 0
840 988 0
427 887 0
200 877 0
354 476 0
11 718 0
319 1023 0
599 876 1
278 543 0
39 436 0
247 730 0
300 539 0
10 337 1
358 537 0
548 699 0
168 415 0
169 373 0
22 189 0
67 603 0
448 507 0
574 713 0
665 980 0
120 949 0
215 320 0
79 958 0
95 187 0
752 849 0
322 910 0
78 269 0
317 444 0
679 705 0
542 917 0
439 582 0
172 580 0
132 377 0
806 975 0
294 599 0
537 569 0
163 288 0
49 796 0
468 840 0
477 899 0
1 715 1
98 491 0
444 633 0
227 992 0
407 461 0
817 883 0
356 759 0
593 896 0
371 609 0
220 834 0
645 816 0
487 627 0
415 629 0
39 895 0
225 583 0
130 308 0
319 597 0
724 973 0
200 449 0
232 358 1
270 944 0
318 702 0
787 856 0
429 452 0
655 841 0
202 922 0
577 804 0
136 187 0
114 403 0
225 738 0
222 528 0
479 1008 0
140 564 0
169 342 0
576 857 0
16 600 0
496 945 0
315 851 0
737 903 0
291 463 0
640 998 0
867 896 0
258 1015 0
172 669 0
434 735 0
353 612 0
610 765 1
27 370 0
435 1003 0
521 768 0
548 958 0
248 515 1
794 798 0
12 978 0
774 793 0
428 903 0
28 904 0
884 1023 0
126 525 0
73 351 0
44 58 0
302 729 0
99 994 0
702 703 0
23 60 0
244 693 0
671 706 0
348 471 0
243 794 0
176 686 0
172 200 0
291 810 0
94 793 0
528 981 0
121 358 0
520 703 0
227 602 0
140 448 0
265 413 0
155 461 0
138 162 0
225 850 0
185 440 0
602 729 0
116 790 0
393 474 0
43 635 0
252 683 0
34 643 0
225 976 0
844 985 0
419 648 0
81 315 0
219 448 0
634 695 0
58 313 0
151 952 0
32 543 0
75 363 0
245 868 0
673 694 0
204 786 0
308 460 0
4 60 0
28 77 0
10 57 0
527 861 0
145 981 0
181 762 0
458 620 0
51 667 0
101 958 0
337 410 0
690 719 0
591 703 0
220 540 0
70 963 0
506 952 0
181 615 0
60 986 0
496 998 0
462 958 0
60 166 0
465 866 0
221 720 0
103 573 0
626 670 0
92 982 0
755 1010 0
105 180 0
602 880 0
492 670 0
685 700 0
420 427 0
169 758 0
267 410 0
689 711 0
168 176 0
632 789 0
201 603 0
229 390 0
707 983 0
390 768 0
124 812 0
1 565 0
120 447 0
896 985 0
229 627 0
56 946 0
617 873 0
61 270 0
146 1012 0
59 617 0
105 694 0
75 374 0
583 915 0
100 251 0
134 620 0
585 833 0
576 662 0
77 546 0
43 783 0
150 198 0
17 712 0
533 542 0
764 803 0
77 422 0
441 468 0
488 803 0
137 856 0
227 884 0
66 441 0
14 969 0
43 392 0
280 818 0
567 989 0
384 704 0
772 915 0
136 536 0
57 271 0
726 998 0
103 306 0
306 846 0
186 535 0
231 809 0
399 971 0
114 766 0
287 472 0
544 634 0
289 981 0
638 833 0
186 345 0
280 436 0
641 901 0
208 602 0
109 371 0
123 127 0
1 826 0
20 423 0
784 867 0
738 910 0
269 948 0
780 933 0
616 715 0
114 721 0
316 666 0
317 608 0
151 741 0
35 763 0
304 992 0
90 664 0
50 645 0
73 705 0
309 892 0
536 649 0
251 704 0
76 348 0
587 917 0
237 268 0
320 691 0
730 749 0
981 992 0
421 894 0
394 927 0
163 827 0
477 655 0
333 759 0
66 612 0
438 869 0
213 572 0
86 646 0
411 881 0
400 939 0
71 466 0
98 809 0
288 552 0
594 926 0
528 668 0
92 839 0
60 458 0
324 840 0
420 818 0
590 972 0
278 595 0
507 735 0
373 627 0
493 863 0
171 283 0
734 922 0
810 1015 0
232 508 0
230 303 0
268 435 0
153 596 0
50 606 0
595 675 0
23 235 0
133 364 0
62 668 0
85 830 0
840 964 0
602 1005 0
316 803 0
617 1021 0
51 909 0
21 582 0
56 675 0
459 547 0
218 324 0
49 896 0
468 676 0
36 210 0
138 140 0
111 236 0
818 863 0
427 676 0
237 1023 0
365 573 0
16 152 0
320 789 0
107 966 0
256 605 0
371 731 0
348 483 0
570 923 0
132 376 0
157 633 0
449 793 0
267 719 0
534 894 0
432 981 0
163 762 0
529 907 0
344 936 0
366 468 0
611 918 0
66 624 0
284 541 0
382 774 0
81 685 0
167 280 0
64 901 0
120 924 0
200 719 0
359 462 0
35 218 0
712 981 0
559 1011 0
368 582 0
934 966 0
753 892 0
275 393 0
143 354 0
438 449 0
347 604 0
386 891 0
2 165 0
171 562 0
523 832 0
140 844 0
418 439 0
450 774 0
129 378 0
59 237 0
790 902 0
492 952 0
690 804 0
103 524 0
154 741 0
32 162 0
239 629 0
160 749 0
688 842 0
474 1023 0
52 275 0
173 945 0
56 489 0
436 604 0
223 610 0
424 760 0
512 559 0
521 634 0
124 662 0
87 576 0
195 697 0
690 897 0
514 784 0
291 648 0
895 968 0
408 910 0
415 604 0
195 712 0
182 484 0
6 654 0
516 559 0
518 755 0
699 868 0
361 706 0
23 559 0
495 765 0
181 809 0
41 1015 0
227 905 0
43 694 0
33 391 0
378 640 0
247 474 0
133 837 0
191 1006 0
361 648 0
378 430 0
685 693 0
44 780 0
369 920 0
79 555 0
17 19 0
278 763 0
860 954 0
211 278 0
522 822 0
185 646 0
492 828 0
119 254 0
2 793 0
64 1014 0
212 431 0
528 852 0
58 300 0
66 269 0
257 976 0
162 372 0
461 497 0
47 60 0
308 411 0
407 969 0
898 1006 0
576 625 0
327 780 0
550 1016 0
39 818 0
439 776 0
5 552 0
190 256 0
374 424 0
276 302 0
83 735 0
100 754 0
158 855 0
38 362 0
656 704 0
500 581 0
299 856 0
294 358 0
168 538 0
49 519 0
54 503 0
549 701 0
206 706 0
99 663 0
440 872 0
104 306 0
887 964 0
278 947 0
723 727 0
79 934 0
674 760 0
448 617 0
80 942 0
181 537 0
307 790 0
127 551 0
445 767 0
35 444 0
790 1009 0
648 954 0
418 708 0
663 931 0
356 660 0
210 252 0
94 542 0
374 471 0
286 459 0
545 849 0
101 870 0
638 1015 0
347 808 0
498 608 0
126 919 0
133 582 0
7 845 0
43 374 0
140 452 0
107 806 0
666 742 0
818 959 0
272 934 0
175 365 0
958 971 0
97 306 0
664 947 0
81 616 0
294 574 0
414 760 0
435 757 0
344 777 0
362 912 0
180 478 0
730 977 0
219 568 0
217 315 0
328 340 0
162 638 0
597 712 0
344 601 0
124 262 0
344 734 0
103 613 0
278 385 0
507 1019 1
746 970 0
452 628 0
530 715 0
206 885 0
200 205 0
636 864 0
153 613 0
410 951 0
478 846 0
152 547 0
542 694 0
322 803 0
73 576 0
431 868 0
728 848 0
235 828 0
209 267 0
6 109 0
441 463 0
238 365 0
451 956 0
2 545 0
525 867 0
610 996 0
851 922 0
47 611 0
244 834 0
693 796 0
486 683 0
488 736 0
601 876 0
5 222 0
173 212 0
25 741 0
461 505 0
100 682 0
383 919 0
125 1023 0
456 462 0
10 964 0
549 689 0
261 949 0
764 799 0
242 897 0
748 765 0
170 682 0
448 941 0
62 1007 0
538 565 0
329 968 0
53 474 0
183 308 0
500 848 0
696 732 0
27 375 0
436 530 0
433 569 0
580 843 0
270 940 0
167 937 0
145 980 0
697 835 0
831 852 0
92 166 0
259 885 0
799 972 0
896 930 0
258 319 0
111 721 0
427 453 0
130 501 0
17 42 0
618 834 0
387 877 0
333 470 0
627 775 0
531 1018 0
820 970 0
303 1001 0
617 808 0
26 940 0
101 652 0
396 400 0
49 326 0
631 996 0
2 789 0
534 782 0
971 1008 0
116 894 0
189 243 0
251 865 0
702 922 0
345 398 0
262 619 0
137 909 0
208 771 0
340 499 0
413 964 0
423 733 0
637 766 0
583 977 0
695 836 1
469 873 0
146 312 0
535 750 0
511 837 0
44 484 0
88 485 0
899 1013 0
40 70 0
32 778 0
130 374 0
297 584 0
378 551 0
234 561 0
409 531 0
393 652 0
44 778 0
561 562 0
214 655 0
269 643 0
93 677 0
324 673 0
362 606 0
746 798 0
473 716 0
276 502 0
20 746 0
489 550 0
125 879 0
53 734 0
301 388 0
563 992 1
155 224 0
171 567 0
47 858 0
5 655 0
298 666 0
581 988 0
298 585 0
346 966 0
755 760 0
740 1001 0
191 557 0
137 961 0
179 976 0
353 578 0
664 691 0
465 511 0
479 550 0
29 168 0
281 651 0
525 825 0
8 296 0
97 140 0
588 944 0
569 793 0
795 872 0
284 943 0
338 581 0
218 444 0
250 616 0
25 605 0
240 1005 0
19 257 0
237 927 0
260 457 0
444 535 0
419 420 0
441 942 0
377 396 0
9 721 0
67 737 0
303 380 0
334 538 0
253 986 0
191 982 0
507 933 0
726 847 0
928 1007 0
200 742 0
307 786 0
328 561 0
195 784 0
104 1013 0
94 504 0
463 793 0
261 461 0
584 728 0
234 334 0
195 415 0
549 753 0
330 476 0
746 1018 0
509 960 0
892 963 0
140 212 0
129 359 0
458 501 0
772 1017 0
129 1017 0
17 315 0
398 522 0
269 275 0
569 903 0
467 1020 0
121 741 0
565 950 0
108 523 0
487 774 0
904 933 0
190 709 0
85 396 0
813 849 0
385 756 0
586 711 0
437 553 0
20 545 0
137 841 0
304 587 0
517 880 0
482 688 0
939 951 1
85 1018 0
720 741 0
370 381 0
687 1021 0
212 917 0
372 860 0
260 623 0
248 482 0
710 962 0
128 607 0
955 961 0
575 694 0
565 968 0
143 1000 0
394 984 0
35 821 0
358 995 0
273 571 0
6 302 0
114 213 0
504 751 0
112 804 0
409 549 0
718 764 0
393 893 0
673 822 0
580 723 0
374 575 0
146 849 0
407 876 0
523 671 0
92 213 0
267 349 0
577 627 0
28 45 0
352 768 0
603 711 0
112 813 0
523 852 0
790 922 0
440 588 0
15 325 0
249 837 0
188 194 0
33 232 0
59 205 0
690 701 0
433 841 0
68 439 0
780 882 0
466 775 0
362 666 0
18 299 0
178 815 0
244 480 0
270 338 1
72 197 0
661 843 0
154 563 0
384 408 0
559 779 0
125 966 0
74 714 0
175 250 0
334 649 1
258 837 0
809 954 0
19 629 0
61 821 0
912 986 0
72 141 0
674 900 0
398 681 0
86 998 0
163 527 0
254 744 0
116 635 0
105 476 0
105 605 0
791 796 0
537 919 0
368 788 0
543 814 0
135 625 0
822 909 0
189 528 0
67 769 0
512 730 0
619 627 0
33 159 0
179 235 0
258 898 0
132 215 0
24 43 0
471 757 0
89 532 0
236 669 0
626 639 0
2 296 0
251 866 0
78 288 0
277 347 0
341 491 0
355 572 0
704 793 0
60 989 0
242 814 0
145 391 0
908 969 0
401 438 0
281 287 0
21 1016 0
286 781 0
753 760 0
453 980 0
251 937 0
51 823 0
506 592 0
121 941 0
237 518 0
646 903 0
237 473 0
478 921 0
553 739 0
551 853 0
166 324 0
64 498 0
174 751 0
599 871 0
851 931 0
112 585 0
935 1007 0
586 617 0
781 803 0
550 793 0
422 546 0
547 705 0
626 671 0
214 501 0
296 780 0
547 689 0
66 554 0
287 615 0
530 898 0
600 942 0
801 824 0
515 922 0
129 319 0
150 859 0
144 723 0
885 968 0
314 761 0
182 511 0
389 422 0
123 593 0
227 716 0
91 231 0
330 858 0
623 938 0
71 735 0
29 746 0
299 1021 0
133 747 0
39 843 0
523 725 0
351 355 0
478 949 0
560 646 0
584 789 0
36 268 0
432 870 0
321 653 0
131 899 0
436 614 0
488 624 0
325 484 0
306 592 0
332 555 0
12 276 0
456 514 0
699 1022 0
495 753 0
230 809 0
239 1023 0
538 619 0
240 533 0
163 260 0
407 649 0
204 310 0
545 925 0
72 119 0
121 751 0
326 525 0
265 735 0
707 986 0
156 768 0
169 565 0
84 336 0
227 853 0
520 721 0
263 338 0
259 822 0
460 663 0
682 983 0
143 493 0
250 279 0
390 438 0
48 268 0
487 527 0
469 569 0
228 441 0
555 585 0
794 994 0
142 523 0
179 534 0
194 207 0
98 869 0
330 748 0
38 87 0
78 399 0
670 694 0
864 950 0
738 992 0
294 376 0
485 790 0
260 792 0
185 253 0
426 452 0
209 773 0
290 929 0
671 673 0
738 851 0
303 1013 0
200 328 0
493 545 0
40 297 0
22 421 0
72 500 0
826 886 0
2 832 0
415 724 0
338 429 0
106 469 0
256 869 0
285 627 0
705 938 0
105 710 0
538 787 0
20 603 0
272 872 0
6 881 0
830 983 0
187 953 0
5 598 0
242 848 0
47 321 0
320 609 0
10 565 0
87 818 0
421 772 0
196 878 0
483 923 0
371 627 0
33 205 0
114 930 0
247 256 0
32 136 0
143 744 0
205 389 0
138 283 0
322 738 0
37 749 0
366 402 0
19 536 0
389 951 0
51 519 0
746 818 0
458 849 0
214 743 0
101 136 0
168 601 0
294 828 0
209 578 1
149 834 0
233 533 0
31 943 0
19 944 0
95 523 0
305 529 0
706 708 0
395 414 0
39 616 0
799 875 0
969 1015 0
490 964 0
241 458 0
94 306 0
540 852 0
135 551 0
401 1006 0
857 907 0
27 920 0
136 605 0
112 764 0
92 257 0
442 1003 0
200 934 0
483 950 0
692 835 0
111 206 0
299 888 0
845 892 0
947 1004 0
94 480 0
413 507 0
101 120 0
99 430 0
108 282 0
424 883 0
443 706 0
30 813 0
209 424 0
269 515 0
532 724 0
272 418 0
366 849 0
420 905 0
11 394 0
830 1021 0
400 505 0
156 275 0
148 920 0
221 479 0
14 188 0
196 624 0
927 955 0
73 1022 0
634 1021 0
414 471 0
626 964 0
414 426 0
223 441 0
3 683 0
360 815 0
93 159 0
609 745 0
414 536 0
12 677 0
241 625 0
570 1019 0
384 816 0
615 999 0
185 191 0
83 551 0
399 590 0
114 658 0
65 156 1
772 833 0
389 929 0
296 476 0
225 970 0
312 538 0
367 466 0
85 813 0
594 807 0
114 320 0
656 692 0
469 789 0
217 362 0
209 251 0
206 769 0
735 1019 0
215 249 0
440 747 0
134 475 0
119 667 0
604 804 0
275 891 0
179 779 0
177 997 0
438 583 0
362 747 0
220 350 0
90 233 0
465 777 0
221 347 0
384 535 0
116 574 0
482 602 0
109 290 0
336 587 0
42 664 0
266 430 0
238 650 0
187 345 0
48 406 0
423 1009 0
91 495 0
183 870 0
29 95 0
826 893 0
255 745 0
419 538 0
443 578 0
386 675 0
42 473 0
319 421 0
11 228 0
303 734 0
526 981 0
20 67 0
265 661 0
429 461 0
616 656 0
369 638 0
286 793 0
499 750 0
408 922 0
167 991 0
370 492 0
141 468 0
780 801 0
485 687 0
754 809 0
705 891 0
239 998 0
312 934 0
78 580 0
114 778 0
597 604 0
374 858 0
25 832 0
414 826 0
103 675 0
549 817 0
237 687 0
696 992 0
362 451 0
605 685 0
653 794 0
901 964 0
16 203 0
533 995 0
693 743 0
176 569 0
367 389 0
409 965 0
817 936 0
473 668 0
515 608 0
378 697 0
557 670 0
5 533 0
632 727 0
39 355 0
725 955 0
182 633 0
104 319 0
541 829 0
53 385 0
482 696 0
416 660 0
362 986 0
100 679 0
747 998 0
827 874 0
644 742 0
919 947 0
757 817 0
441 995 0
114 477 0
550 640 0
122 979 0
190 347 0
915 1007 0
110 959 0
321 655 0
576 915 0
83 580 0
297 814 0
169 1017 0
549 803 0
716 968 0
49 572 0
55 572 0
395 728 0
436 525 0
629 694 0
302 664 0
376 753 0
150 694 0
629 978 0
611 1017 0
222 871 0
287 569 0
106 999 0
484 690 0
77 469 0
325 330 0
259 714 0
396 527 0
848 868 0
56 946 0
94 985 0
162 332 0
9 465 0
558 815 0
49 882 0
356 480 0
244 1002 0
106 659 0
149 512 0
477 539 0
121 144 0
281 935 0
161 366 0
498 945 0
278 889 0
188 820 0
474 879 0
222 561 0
123 644 0
223 688 0
94 315 0
618 697 0
138 818 0
239 738 0
624 893 0
374 402 0
446 600 0
391 722 0
229 782 0
28 581 0
823 918 0
618 826 0
3 148 0
185 721 0
121 732 0
320 839 0
668 875 0
477 740 0
641 889 0
454 677 0
389 920 0
633 734 0
74 788 0
5 51 0
858 976 0
316 739 0
420 917 0
339 922 0
354 588 0
415 722 0
691 750 0
784 1019 0
71 529 0
230 619 0
135 741 0
390 983 0
410 580 0
92 610 0
523 773 0
744 776 0
157 722 1
74 884 0
521 561 0
62 227 0
2 712 0
331 712 0
238 657 0
615 803 0
125 480 0
10 316 0
69 131 0
695 890 0
504 515 0
100 678 0
588 818 0
174 259 0
158 247 0
191 728 0
28 792 0
786 923 0
542 860 0
211 384 0
704 771 0
492 947 0
221 642 0
35 55 0
639 751 0
302 604 0
595 997 0
203 625 0
777 979 0
107 239 0
654 911 0
173 258 0
668 926 0
246 897 0
337 645 0
419 907 0
110 959 0
255 636 0
213 593 0
162 436 0
615 828 0
142 883 0
865 950 0
414 1016 0
534 840 0
351 732 0
83 94 0
721 837 0
307 726 0
631 732 0
411 416 0
553 783 0
527 828 0
442 926 0
29 696 0
113 769 0
296 765 0
530 996 0
70 1004 0
56 473 0
392 416 0
135 492 0
845 896 0
4 452 0
430 597 0
468 936 0
204 709 0
568 984 0
201 540 0
886 893 0
590 903 0
332 903 0
458 710 0
507 756 0
303 924 0
21 733 0
17 69 0
241 849 0
135 535 0
407 815 0
205 904 0
431 628 0
226 770 0
89 626 0
618 764 0
324 990 0
432 874 0
305 471 0
361 928 0
159 631 0
275 532 0
425 940 0
336 393 0
104 361 0
47 523 0
252 911 0
95 863 0
35 157 0
142 819 0
796 870 0
270 804 0
51 229 0
448 991 0
33 39 0
246 854 0
811 863 0
428 904 0
84 294 0
816 839 0
807 815 0
188 478 0
772 1002 0
347 543 0
506 685 0
223 741 0
427 780 0
529 884 0
103 937 0
236 750 0
199 658 0
71 899 0
59 758 0
619 816 0
317 518 0
63 139 0
185 802 0
714 901 0
117 931 0
188 197 0
436 705 0
871 913 0
139 367 0
617 1011 0
13 669 0
20 593 0
494 943 0
60 285 0
113 854 0
281 990 0
806 921 0
584 765 0
716 926 0
565 632 0
431 926 0
680 892 0
17 373 0
153 758 0
349 667 0
47 603 0
191 913 0
536 766 0
472 992 0
30 318 0
153 778 0
95 489 0
280 931 0
420 880 0
207 771 0
94 120 0
927 940 0
272 331 0
331 552 0
477 504 0
765 889 0
47 85 0
354 378 0
446 534 0
767 810 0
9 185 0
484 548 0
208 922 0
315 430 0
317 451 0
13 695 0
367 756 0
70 130 0
549 860 0
44 349 0
250 595 0
181 689 0
103 293 0
720 809 0
100 384 0
330 549 0
113 621 0
712 721 0
134 591 0
249 934 0
464 474 0
134 546 0
709 990 0
217 1011 0
99 757 0
272 812 0
303 637 0
329 595 0
558 857 0
749 918 0
338 796 0
282 452 0
380 502 0
214 307 0
13 650 0
56 782 0
96 238 0
839 925 0
122 801 0
613 771 0
39 507 0
197 505 0
429 1001 0
353 438 0
192 590 0
54 512 0
186 277 0
550 671 0
2 147 0
324 1023 0
861 1000 0
317 361 0
293 679 0
72 508 0
328 360 0
706 802 0
406 730 0
498 570 0
1 469 0
533 925 0
204 621 0
332 429 0
416 695 0
184 615 0
32 203 0
787 1023 0
91 951 0
174 226 1
257 905 0
300 366 0
53 446 0
46 346 0
118 689 0
149 176 0
636 949 0
841 1018 0
493 997 0
88 513 0
466 945 0
247 749 0
440 877 0
274 907 0
476 714 0
777 823 0
327 346 0
350 708 0
464 767 0
514 956 0
78 823 0
111 386 0
774 876 0
548 605 0
526 803 0
134 145 0
52 107 0
71 884 0
163 456 0
662 818 0
555 1015 0
191 547 0
822 861 0
29 230 0
3 849 0
379 841 0
109 153 0
303 319 0
165 199 0
64 724 0
152 375 0
846 852 0
209 310 0
410 646 0
61 1000 0
779 926 0
94 966 0
523 1000 0
778 893 0
17 158 0
287 958 0
425 620 0
235 643 0
489 826 0
629 837 0
93 555 0
416 550 0
387 718 0
537 985 0
665 892 0
170 325 0
522 796 0
121 299 0
292 406 0
51 441 0
260 642 0
216 636 0
774 993 0
329 886 0
459 514 0
758 1010 0
454 606 0
400 657 0
138 204 0
158 758 0
497 674 0
689 731 0
147 427 0
263 275 0
80 403 0
130 334 0
29 524 0
516 975 0
214 946 0
100 683 0
549 732 0
244 390 0
46 938 0
366 472 0
538 913 0
190 813 0
141 620 0
549 734 0
321 627 0
61 490 0
131 344 0
202 966 0
98 141 0
277 735 0
182 570 0
287 408 0
605 918 0
410 797 0
302 899 0
108 878 0
156 333 0
574 642 0
920 986 0
231 921 0
473 872 0
401 876 0
841 1018 0
652 878 0
903 1003 0
27 132 0
91 237 0
284 771 0
337 554 0
648 805 0
129 152 0
261 445 0
182 478 0
447 499 0
653 804 0
330 731 0
153 440 0
355 898 0
590 811 0
314 495 0
160 899 0
91 119 0
609 977 0
203 263 0
321 655 0
159 412 0
920 1003 0
194 645 0
257 698 0
491 844 0
112 149 0
798 820 0
396 461 0
122 1018 0
843 948 0
33 617 0
68 805 0
353 448 0
5 614 0
80 540 0
134 894 0
534 757 0
59 619 0
356 431 0
258 814 0
389 489 0
252 534 0
518 841 0
163 687 0
111 799 0
189 350 0
43 945 0
177 703 0
597 936 0
344 462 0
713 920 0
109 235 0
119 739 0
160 405 0
176 319 0
566 787 0
19 252 0
206 374 0
427 992 0
48 269 0
109 969 0
51 208 0
465 597 0
287 627 0
412 434 0
41 108 0
824 834 0
17 719 0
706 869 0
380 458 0
245 260 0
136 407 0
574 651 0
507 590 0
28 802 0
435 959 0
363 580 0
73 597 0
593 803 0
84 824 0
374 400 0
33 94 0
84 219 0
784 943 0
119 690 0
378 816 0
17 887 0
19 767 0
353 585 0
157 983 0
51 163 0
228 640 0
218 610 0
37 706 0
884 995 0
124 702 0
786 804 0
7 91 0
119 139 0
334 670 0
635 806 0
937 989 0
124 134 0
53 310 0
462 670 0
130 434 0
229 908 0
762 984 0
560 795 0
397 433 0
33 572 0
607 980 0
515 1021 0
19 40 0
228 388 0
77 789 0
3 850 0
348 616 0
332 466 0
123 556 0
748 914 0
55 884 0
664 921 0
482 901 0
256 373 0
142 675 0
332 715 0
223 462 0
809 908 0
434 818 0
524 903 0
5 453 0
673 797 0
318 831 0
301 866 0
482 515 0
399 793 0
148 882 0
217 302 0
440 609 0
758 819 0
273 910 0
246 616 0
691 745 0
82 574 0
785 900 0
414 787 0
542 677 0
815 929 0
326 842 0
660 921 1
38 369 0
139 999 0
656 887 0
47 392 0
497 692 0
500 543 0
14 80 0
159 878 0
543 935 0
605 636 0
7 807 0
182 252 0
13 159 0
84 410 0
123 620 0
720 1011 0
9 696 0
401 772 0
247 375 0
14 712 0
94 703 0
517 678 0
325 358 0
241 524 0
174 678 1
319 920 0
22 213 0
475 618 0
10 401 0
606 664 0
173 638 0
385 473 0
516 652 0
316 849 0
163 494 0
72 114 1
250 621 0
749 909 0
91 841 0
653 932 0
78 766 0
574 618 0
33 174 0
302 690 0
444 946 0
123 212 0
695 862 0
324 376 0
187 273 0
781 1019 0
808 883 0
292 345 0
25 606 0
290 433 0
182 765 0
150 987 0
237 549 0
241 895 0
85 162 0
35 393 0
475 740 0
36 122 0
199 288 0
676 800 0
188 400 0
344 998 0
535 572 0
228 1001 0
190 840 0
308 465 0
149 899 0
110 288 0
192 776 0
601 709 0
366 457 0
32 610 0
436 758 0
7 497 0
368 370 0
312 520 0
110 496 0
69 350 0
348 1013 0
89 975 0
360 633 0
555 772 0
20 844 0
124 453 0
589 916 0
194 711 1
124 784 0
282 962 0
474 608 0
37 682 0
388 641 0
78 893 0
645 996 0
200 593 0
535 858 0
111 567 0
315 600 0
672 693 0
54 407 0
441 615 0
572 593 0
871 998 0
266 386 0
39 705 0
38 386 0
118 872 0
338 414 0
86 428 0
51 539 0
16 960 0
458 969 0
641 867 0
168 759 0
253 286 0
60 391 0
52 372 0
37 271 0
82 384 0
370 628 0
484 651 0
515 570 0
643 925 0
299 980 0
1 554 0
505 735 0
172 865 0
575 923 0
556 761 0
65 240 0
780 785 0
370 789 0
721 837 0
114 603 0
586 749 0
197 1003 0
267 892 0
516 841 0
34 962 0
294 556 0
290 344 0
911 912 0
101 309 0
62 1008 0
147 691 0
366 501 1
44 89 0
286 291 0
558 842 0
18 391 0
95 781 0
678 919 0
311 766 0
680 887 0
104 298 0
933 988 0
161 587 0
340 744 0
121 448 0
210 481 0
62 83 0
478 769 0
250 317 0
811 961 0
38 115 0
229 386 0
44 203 0
140 946 0
273 653 0
416 908 0
127 578 0
296 679 0
89 184 0
344 849 0
276 487 0
97 471 0
438 775 0
25 291 0
783 984 0
711 970 0
596 703 0
665 888 0
93 949 0
411 429 0
298 873 0
440 462 0
881 988 0
291 748 0
134 984 0
569 868 0
793 1005 0
590 638 0
385 922 0
123 532 0
139 311 0
568 872 0
274 1022 0
511 784 0
115 809 0
218 671 0
481 630 0
814 833 0
361 690 0
692 773 0
86 391 0
2 134 0
229 451 0
320 772 0
706 906 0
848 878 0
309 349 0
561 905 0
893 1004 0
324 409 0
235 259 0
267 441 0
180 194 0
582 703 0
52 1010 0
413 755 0
471 622 0
741 995 0
614 965 0
309 789 0
625 1001 0
503 808 1
302 395 0
736 798 0
322 628 0
608 764 0
455 609 0
321 585 0
211 285 0
393 943 0
399 1002 0
389 401 0
215 773 0
13 192 0
339 933 0
647 732 0
251 445 0
986 1004 0
784 808 0
210 649 0
253 279 0
348 804 0
46 158 0
36 683 0
32 240 0
646 786 0
779 791 0
878 891 0
775 911 0
574 899 0
25 122 0
93 691 0
679 876 0
55 266 0
316 844 0
488 870 0
336 452 0
596 827 0
52 679 0
14 790 0
402 1007 0
10 740 0
644 695 0
70 289 0
214 776 0
213 564 0
50 775 0
736 864 0
279 351 0
143 295 0
424 979 0
556 1017 1
88 948 0
729 1011 0
495 741 0
737 977 0
61 745 0
424 934 0
396 565 0
424 608 0
224 981 0
45 869 0
9 866 0
152 877 0
374 438 0
451 752 0
784 879 0
213 712 0
763 952 0
321 399 0
240 715 0
205 282 0
596 724 0
680 825 0
529 924 0
545 699 0
56 852 0
304 559 0
220 386 0
22 963 0
714 1013 0
178 421 0
154 705 0
370 471 0
536 780 0
368 657 0
514 980 0
501 1009 0
208 782 0
414 686 0
862 899 0
245 545 0
544 556 0
261 549 0
341 489 0
577 988 0
283 948 0
47 227 0
89 741 0
32 728 0
778 781 0
119 904 0
565 947 0
60 719 0
290 452 0
354 682 0
282 758 0
202 641 0
297 806 0
416 501 0
686 865 0
256 448 0
551 563 0
336 386 0
190 233 0
482 884 0
20 119 0
23 845 0
704 839 0
279 545 1
809 959 0
581 961 0
370 599 0
393 694 0
748 877 0
516 687 0
52 638 0
150 702 0
381 985 0
875 876 0
403 479 0
21 546 0
206 807 0
443 787 0
279 377 0
299 866 0
130 831 0
111 401 0
929 973 0
827 973 0
277 359 0
502 979 0
373 615 0
679 842 0
183 558 0
103 619 0
458 492 0
187 624 0
405 654 0
397 812 0
121 195 0
276 661 0
270 327 0
121 903 0
232 815 0
295 688 0
696 879 0
119 988 0
687 810 0
422 464 0
63 259 0
330 826 0
306 953 0
50 976 0
73 216 0
228 974 0
439 556 0
257 294 0
218 447 0
626 911 0
968 992 0
65 482 0
478 584 0
444 547 0
573 949 0
627 901 0
406 530 0
858 1017 0
663 775 0
224 551 0
406 439 0
320 460 0
258 688 0
6 341 0
460 993 0
587 692 0
464 1014 0
109 223 0
339 794 0
55 249 0
241 1022 0
30 840 0
148 458 0
14 371 0
73 361 1
598 892 0
249 591 0
636 914 0
202 813 0
123 995 0
53 818 0
48 717 0
508 699 0
524 793 0
163 919 0
562 1000 0
712 928 0
56 916 0
462 719 0
136 323 0
285 490 0
519 892 0
711 822 0
93 849 0
57 250 0
362 366 0
583 663 0
22 975 0
195 414 0
203 356 0
181 353 0
564 603 0
278 620 0
108 905 0
788 897 0
403 867 0
849 885 0
89 733 0
200 936 0
59 165 0
274 765 0
151 695 0
744 790 0
337 578 0
106 235 0
730 890 0
427 1001 0
243 364 0
69 442 0
80 912 0
179 696 0
58 740 0
24 542 0
474 710 0
31 951 0
87 221 0
201 867 0
644 833 0
138 759 0
113 606 1
36 379 0
435 875 0
11 870 0
189 1015 0
8 832 0
402 897 0
805 997 0
393 938 0
326 581 0
180 934 0
34 354 0
554 1002 0
123 726 0
697 824 0
547 764 0
7 268 0
252 275 0
133 1017 0
40 384 0
93 729 0
315 532 0
350 983 0
206 920 0
743 940 0
84 713 0
773 911 0
91 664 0
724 944 0
487 614 0
218 296 0
54 802 0
615 893 0
571 659 0
77 139 0
884 951 0
371 621 0
415 448 0
255 888 0
111 686 0
782 838 0
494 614 0
398 975 0
152 251 0
71 522 0
42 463 0
556 710 0
551 864 0
178 434 0
565 586 0
73 448 0
448 566 0
738 901 0
586 836 0
182 887 0
633 829 0
533 710 0
77 540 0
101 197 0
40 728 0
611 874 0
103 414 0
352 877 0
17 948 0
47 628 0
621 755 0
309 521 0
12 284 0
162 734 0
814 1007 0
35 223 0
209 651 0
495 879 0
503 936 0
43 283 0
328 884 0
642 652 0
390 693 0
34 380 0
67 178 0
327 494 0
208 310 0
346 679 0
524 683 0
180 994 0
160 828 0
90 355 0
217 306 0
255 558 0
494 589 0
534 574 0
447 668 0
157 758 0
510 822 0
96 795 0
219 942 1
222 442 0
360 760 0
268 819 0
220 225 0
61 701 0
21 245 0
9 371 0
233 918 0
106 738 0
223 592 0
373 873 0
365 472 0
426 496 0
179 182 0
56 250 0
398 877 0
348 354 0
837 917 0
349 954 0
374 663 0
277 669 0
471 577 0
198 379 0
91 922 0
130 377 0
18 866 0
396 1016 0
165 573 0
463 972 0
149 911 0
179 505 0
5 256 0
130 517 0
514 819 0
51 195 0
346 806 0
820 903 0
706 829 0
39 878 0
216 420 0
137 890 0
94 612 0
131 342 0
391 730 0
186 816 0
702 990 0
30 853 0
37 543 0
212 556 0
61 284 0
52 70 0
527 686 0
8 626 0
100 373 0
490 707 0
51 98 0
296 811 0
80 81 0
311 328 0
541 722 0
171 338 0
6 710 0
486 846 1
729 1006 0
46 287 0
21 129 0
101 558 0
400 458 0
264 573 0
183 858 0
32 764 0
120 779 0
432 936 0
50 788 0
182 266 0
30 345 0
258 758 0
197 396 0
759 783 0
197 633 0
325 605 0
279 849 0
592 710 0
257 657 0
855 929 0
17 340 0
63 270 0
754 1001 0
62 587 0
2 200 0
415 673 0
85 587 0
724 835 0
532 880 0
277 526 0
52 201 0
305 482 0
91 852 0
390 965 0
559 861 0
520 545 0
663 800 0
573 662 0
62 673 0
510 1008 0
127 859 0
637 651 0
37 206 0
262 844 0
114 541 0
884 962 0
294 624 0
108 125 0
276 530 0
355 763 0
580 984 0
62 430 0
105 667 0
326 938 0
173 408 0
534 859 0
562 674 0
698 933 0
529 640 0
461 967 0
274 803 0
14 198 0
164 670 0
44 1004 0
337 421 0
935 1008 0
708 1014 0
334 426 0
295 857 0
78 270 0
188 881 0
18 113 0
229 460 0
656 867 0
114 234 0
211 671 0
356 883 0
113 152 0
32 647 0
266 442 0
139 708 0
407 955 0
579 875 0
122 267 0
492 907 0
247 800 0
772 797 0
509 862 0
204 840 0
88 318 0
254 476 0
381 1007 0
101 246 0
177 289 0
508 694 0
120 855 0
609 776 0
47 201 0
41 418 0
262 342 0
336 770 0
426 711 0
42 506 0
63 619 0
89 975 0
273 643 0
225 856 0
148 1021 0
112 1006 0
264 856 0
129 591 0
2 1009 0
240 945 0
445 506 0
816 851 0
325 838 0
519 885 0
567 794 0
157 988 0
390 842 0
328 613 0
106 703 0
262 829 0
124 605 0
18 209 0
344 647 0
23 673 0
360 598 0
263 588 0
460 822 0
6 1002 0
118 124 0
10 595 0
269 689 0
51 400 0
405 561 0
49 416 0
14 216 0
409 941 0
858 861 0
171 206 0
141 792 0
143 999 0
583 610 0
163 804 0
792 955 0
804 889 0
553 815 0
513 632 0
5 286 0
62 175 0
329 684 0
463 879 0
43 861 0
410 897 0
93 537 0
321 497 0
164 329 0
25 65 0
271 429 0
501 877 0
682 955 0
428 530 0
363 777 0
50 1000 0
213 294 0
383 936 0
476 626 0
112 200 0
287 703 0
622 711 0
312 647 0
516 635 0
650 926 0
487 762 0
685 826 0
545 809 0
11 129 0
498 750 0
260 978 0
424 489 0
1 55 0
263 728 0
411 432 0
568 1014 0
691 757 0
773 854 0
296 500 0
281 813 0
98 765 0
450 805 0
139 808 0
311 641 0
105 417 0
348 698 0
282 929 0
202 344 0
61 383 0
85 615 0
190 995 0
368 436 0
392 634 0
270 976 0
70 772 0
571 656 0
224 505 0
406 958 0
544 588 0
424 744 0
400 709 0
384 621 0
598 769 0
31 675 0
189 530 0
438 955 0
702 999 0
248 365 0
481 994 0
336 792 0
394 854 0
711 981 0
2 652 0
228 617 0
534 692 0
266 935 0
117 343 0
200 628 0
704 966 0
282 596 0
509 677 0
401 634 0
297 701 0
321 335 0
68 447 0
413 639 0
479 986 0
422 535 0
93 785 0
125 394 0
57 822 0
338 386 0
35 561 0
667 692 0
146 336 0
121 839 0
113 845 0
393 735 0
318 813 0
383 523 0
206 935 0
742 890 0
355 736 0
56 520 0
288 791 0
301 946 0
169 395 0
221 874 0
416 541 0
608 851 0
738 974 0
520 560 0
156 444 0
467 758 0
266 590 0
361 529 0
264 286 0
69 159 0
169 662 0
449 480 0
214 661 0
4 293 0
200 805 0
154 439 0
58 517 0
321 778 0
422 839 0
433 846 0
84 711 0
327 1022 0
432 687 0
291 688 0
90 343 0
234 1001 0
2 242 0
201 725 0
186 414 0
494 601 0
563 842 0
59 634 0
459 826 0
35 304 0
605 701 0
357 932 0
78 782 0
673 860 0
557 737 0
578 984 0
271 714 0
669 958 0
879 884 0
7 761 0
213 539 0
568 898 0
68 854 0
519 783 0
20 605 0
551 762 0
314 594 0
455 775 0
210 223 0
129 168 0
1 671 0
306 1021 0
187 797 0
420 868 0
609 681 0
814 926 0
245 521 0
532 707 0
143 927 0
222 701 0
613 627 0
530 576 0
8 977 0
96 294 0
329 785 0
48 161 0
794 1014 0
207 255 0
400 656 0
921 1008 0
43 340 0
299 501 0
53 442 0
86 658 0
225 745 0
323 732 0
302 421 0
152 805 0
310 801 0
401 641 0
60 891 0
432 847 0
356 361 0
504 533 0
306 344 0
223 736 0
102 873 0
255 327 0
75 862 0
523 796 0
319 482 0
106 160 0
74 861 0
5 45 0
466 1005 0
480 481 0
464 764 0
116 287 1
164 403 0
258 765 0
259 1015 0
2 675 0
281 888 0
120 772 0
38 723 0
335 337 0
60 65 0
588 1011 0
497 502 0
146 596 0
17 607 0
484 947 0
398 569 0
175 940 0
240 512 0
338 370 0
630 850 0
533 567 0
269 968 0
572 1004 0
456 553 0
96 503 0
602 747 0
189 418 0
31 438 0
249 998 0
33 458 0
835 967 0
609 1004 0
762 1005 0
148 207 0
321 532 0
24 43 0
37 966 0
691 732 0
542 616 0
10 643 0
104 136 0
274 582 0
345 477 0
142 342 0
182 674 0
460 684 0
403 871 0
539 1013 0
409 764 0
632 1003 0
135 873 0
364 933 0
97 849 0
256 544 0
853 928 0
79 123 0
134 621 0
54 638 0
235 636 0
370 413 0
31 854 0
643 995 0
138 579 0
878 989 0
295 863 0
237 881 0
149 499 0
83 599 0
303 926 0
224 975 0
797 903 0
129 295 0
677 1020 0
115 596 0
787 917 0
256 633 0
757 890 0
24 926 0
136 228 0
86 737 0
21 914 0
129 152 0
96 442 0
38 486 0
360 505 0
263 708 0
247 972 0
192 624 0
251 265 0
39 933 0
68 788 1
366 896 0
480 910 0
254 610 0
198 302 0
668 963 0
772 879 0
302 425 0
9 879 0
75 632 0
44 620 0
132 854 0
83 259 0
8 302 0
27 142 0
333 857 0
827 990 0
125 152 0
412 993 0
170 591 0
597 679 0
291 555 0
284 540 0
708 887 0
8 591 0
432 559 0
15 108 0
151 213 0
15 545 0
948 981 0
157 348 0
92 923 0
303 683 0
128 449 0
445 495 0
520 1006 0
138 232 0
609 658 0
366 611 0
192 683 0
575 1011 0
231 780 0
716 796 0
191 290 0
519 1014 0
500 716 0
183 545 0
107 347 0
325 928 0
128 801 0
288 909 0
36 350 0
333 575 0
9 250 0
117 836 0
240 676 0
282 588 0
98 410 0
751 944 0
827 896 0
406 434 0
391 732 0
37 936 0
380 869 0
393 573 0
557 961 0
603 738 0
902 1013 0
290 663 0
169 482 0
666 870 0
51 609 0
240 760 0
65 324 0
153 165 0
548 817 0
368 462 0
172 241 0
280 461 0
274 862 0
450 918 0
448 507 0
746 753 0
677 918 0
194 233 0
151 965 0
290 540 0
381 694 0
520 642 0
32 798 0
144 649 0
586 930 0
218 996 0
648 764 0
115 339 0
463 905 0
29 633 0
34 469 0
17 689 0
36 994 0
268 579 0
113 793 0
138 782 0
694 783 0
146 329 0
456 954 0
463 641 0
142 761 0
114 773 0
635 847 0
109 800 0
96 847 0
84 354 0
365 792 0
64 932 0
70 576 0
448 493 0
493 1021 1
160 1017 0
351 584 0
366 887 0
232 996 0
401 552 0
387 456 0
63 618 0
797 982 0
112 600 0
12 70 0
94 667 0
665 1002 0
403 853 0
669 880 0
582 966 0
334 800 0
165 691 0
313 318 1
290 848 0
289 738 0
806 931 0
105 854 0
303 778 0
376 404 0
429 459 0
773 818 0
122 374 0
348 385 0
11 306 0
623 744 0
452 754 0
77 371 0
787 814 0
459 782 0
531 997 0
654 684 0
522 957 0
527 637 0
954 995 0
327 692 0
430 861 0
36 968 0
200 327 0
26 169 0
377 614 0
529 713 0
243 796 0
556 630 0
388 438 0
63 146 0
241 363 0
189 290 0
97 798 0
553 940 0
625 661 0
520 1013 0
338 766 0
440 924 0
88 945 0
93 958 0
184 693 0
282 291 0
615 819 0
625 1014 0
26 341 0
640 691 0
259 533 0
333 526 0
468 912 0
405 532 0
492 502 0
623 944 0
442 920 0
190 995 0
706 948 0
519 1017 0
587 970 0
298 670 0
195 514 0
135 247 0
127 749 0
302 496 0
93 738 0
149 801 0
307 552 0
95 305 0
721 916 0
70 123 0
683 753 0
366 694 0
254 486 0
416 933 1
459 988 0
90 960 0
209 820 0
194 800 0
537 753 0
340 562 0
255 828 0
38 350 0
193 834 0
18 487 0
411 635 0
23 1003 0
123 335 0
469 487 0
22 748 0
233 474 0
402 455 0
119 226 0
457 503 0
32 344 0
348 1018 0
473 670 0
101 660 0
605 695 0
185 916 0
92 303 0
366 899 0
629 993 0
383 617 0
766 831 0
647 691 0
689 833 0
50 970 0
512 677 0
654 718 0
202 466 0
218 979 0
802 963 0
558 685 0
113 980 0
98 860 0
282 461 0
289 831 0
279 927 0
273 1020 0
868 919 0
638 901 0
601 798 0
134 829 0
754 777 0
351 667 0
853 894 0
231 424 0
387 605 0
513 646 0
306 576 0
375 728 0
636 911 0
494 578 0
121 246 0
58 870 0
827 997 0
376 800 0
219 651 0
268 322 0
9 782 0
679 799 0
82 610 0
318 607 0
725 841 0
355 445 0
466 966 0
184 416 0
378 506 0
242 651 0
123 471 0
115 184 0
900 947 0
84 999 0
9 469 0
847 878 0
16 817 0
114 563 0
86 664 0
32 934 0
161 704 0
417 887 0
529 772 0
454 719 0
300 778 0
531 941 0
4 890 0
390 705 0
293 908 0
234 958 0
253 636 0
885 1015 0
262 483 0
402 411 0
12 619 0
172 829 0
601 968 0
881 913 0
995 1017 0
80 965 0
466 744 0
457 991 0
508 863 0
159 532 0
331 544 0
976 983 0
305 637 0
759 798 0
195 495 0
7 11 0
471 848 0
54 981 0
79 644 0
147 587 0
341 705 0
100 985 0
352 920 0
266 814 0
368 569 0
354 458 0
338 386 0
195 238 0
197 696 0
458 518 0
934 959 0
382 734 0
556 966 0
541 807 0
27 335 0
477 761 0
197 997 0
167 547 0
171 643 0
451 460 0
918 988 0
232 674 0
24 935 0
269 451 0
462 1013 0
466 785 0
557 720 0
320 962 0
507 970 0
232 685 0
808 978 0
210 897 0
516 879 0
131 782 0
504 532 0
655 912 0
722 773 0
148 529 0
108 346 0
98 923 0
80 850 0
360 877 0
1 608 0
129 808 0
165 241 0
28 1009 0
355 387 0
411 821 0
397 638 0
371 865 0
519 916 0
667 737 0
125 499 0
269 299 0
401 769 0
211 700 0
523 785 0
89 548 0
560 659 0
85 290 0
607 690 0
288 394 0
212 970 0
877 909 0
96 930 0
292 452 0
130 642 0
59 257 0
83 347 0
573 704 0
193 220 0
71 629 0
503 902 0
182 774 0
362 437 0
731 896 0
310 1011 0
548 577 0
281 968 0
537 895 0
354 534 0
386 719 0
329 682 0
96 446 0
106 775 0
491 675 0
19 335 0
721 868 0
973 1022 0
653 799 0
54 391 0
318 620 0
633 1001 0
23 226 0
137 733 0
721 957 0
77 823 1
116 308 0
79 977 0
542 749 0
24 370 0
115 769 0
68 200 0
870 944 0
283 570 0
11 132 0
158 228 0
49 817 0
20 802 0
585 734 0
340 709 0
379 557 0
452 750 0
634 832 0
207 474 0
88 369 0
635 878 0
225 522 0
88 902 0
453 628 0
148 876 0
308 606 0
52 876 0
781 1022 0
800 963 0
93 1003 0
468 766 0
48 938 0
348 546 0
12 327 0
669 745 0
623 981 0
537 864 0
355 958 0
259 903 0
188 553 0
99 671 0
576 719 0
433 814 0
266 393 0
36 860 0
54 645 0
284 400 0
429 591 0
95 103 0
188 661 0
385 957 0
14 318 0
604 1018 0
53 726 0
211 521 0
49 912 0
110 670 0
253 380 0
521 823 0
369 496 0
64 146 0
148 751 0
424 451 0
987 1018 0
238 366 0
211 939 0
250 796 0
665 767 0
203 402 0
257 322 0
384 921 0
245 796 0
451 824 0
197 833 0
410 427 0
114 745 0
225 400 0
268 353 0
195 614 0
56 758 0
20 802 0
77 881 0
568 891 0
406 829 0
700 720 0
74 741 0
121 238 0
40 540 0
473 624 0
395 910 0
374 518 0
394 546 0
58 568 0
190 296 0
78 341 0
718 972 0
343 765 0
143 310 0
6 643 0
219 460 0
476 736 0
768 984 0
64 811 0
124 716 0
54 815 0
433 562 0
115 934 0
340 693 0
992 1020 0
45 244 0
164 766 0
534 652 0
477 765 0
424 936 0
868 995 0
353 500 0
154 782 0
280 1001 0
561 879 0
69 803 0
481 608 0
677 751 0
96 993 0
624 726 0
410 878 0
23 447 0
526 676 0
781 876 0
834 864 0
862 899 0
154 961 0
128 680 0
103 891 0
25 482 0
111 638 0
245 578 0
415 834 0
590 960 0
90 792 0
24 153 0
648 909 0
226 398 0
416 717 0
560 777 0
744 1009 0
106 131 0
514 879 0
427 869 0
742 1022 0
415 784 0
463 553 0
227 923 0
327 592 0
329 739 0
362 1012 0
188 495 0
442 480 0
134 864 0
96 906 0
122 579 0
658 923 0
239 703 0
289 961 1
726 757 0
43 166 0
510 673 0
81 98 0
29 831 0
287 672 0
617 832 0
82 155 0
7 514 0
364 890 0
956 1019 0
125 743 0
767 898 0
14 424 0
603 691 0
354 429 0
274 448 0
127 592 0
274 699 0
180 303 0
227 554 0
12 491 0
13 676 0
414 589 0
178 498 0
629 1020 0
599 903 0
211 665 0
30 720 0
218 531 0
360 906 0
194 349 0
512 842 0
72 278 0
259 941 0
62 568 0
59 726 0
458 790 0
141 523 0
755 923 0
247 958 0
13 134 0
269 486 0
816 911 0
637 851 0
214 915 0
281 938 0
566 760 0
600 688 0
235 560 0
114 1000 0
537 775 0
493 549 0
648 702 0
57 742 0
105 630 0
63 791 0
536 915 0
105 353 0
928 963 0
84 366 0
232 388 0
434 505 0
415 604 0
287 581 0
178 578 0
365 682 0
587 859 0
485 720 0
152 564 0
402 826 0
29 1020 0
146 876 0
468 783 0
42 425 0
21 38 0
194 541 0
164 645 0
278 367 0
627 977 0
56 581 0
717 1023 0
20 960 0
261 388 0
44 701 0
10 97 0
719 1003 0
630 981 0
580 714 0
482 650 0
510 717 0
749 971 0
405 613 0
336 516 0
42 944 0
112 704 0
993 1014 0
530 959 1
287 648 0
673 954 0
226 920 0
29 140 0
761 979 1
483 989 0
260 1022 0
52 998 0
382 847 0
152 848 0
148 683 0
68 595 0
183 761 0
333 923 0
287 628 0
246 538 0
613 967 0
610 715 0
297 793 0
819 823 0
519 840 0
670 956 0
686 691 0
428 537 0
141 456 0
243 361 0
21 883 0
381 644 0
248 688 0
151 899 0
18 848 0
66 938 0
255 310 0
643 953 0
237 612 0
577 750 0
407 914 0
25 805 0
68 342 0
69 429 0
544 998 0
95 743 0
490 794 0
111 561 0
786 987 0
353 469 0
569 784 0
202 407 0
318 916 0
555 788 0
522 845 0
548 862 0
12 959 0
77 476 0
263 286 0
236 256 0
372 373 0
218 848 0
245 394 0
531 949 0
683 899 0
599 962 0
824 921 0
5 1002 0
236 639 0
243 734 0
610 984 0
584 864 0
341 966 0
6 747 0
297 582 0
269 398 0
9 64 0
176 912 0
739 806 0
596 860 0
405 518 0
56 304 0
422 581 0
345 538 0
550 871 0
37 761 0
334 347 0
46 437 0
275 615 0
196 553 0
549 620 0
480 756 0
98 791 0
16 470 0
639 932 0
272 700 0
229 473 0
660 924 0
109 368 0
264 829 0
291 486 0
112 177 1
590 721 0
317 978 0
123 851 0
205 985 0
753 984 0
98 370 0
258 276 0
155 923 0
731 961 0
333 528 0
280 906 0
450 857 0
686 958 0
18 22 0
599 869 0
628 987 0
44 737 0
479 784 0
481 832 0
288 465 0
489 530 0
189 235 0
260 734 0
96 1004 0
487 977 0
10 490 0
363 566 0
20 551 0
704 929 0
47 495 0
963 997 0
258 488 0
492 953 0
766 999 0
35 249 0
540 681 0
640 869 0
651 811 0
419 775 0
756 996 0
468 785 0
438 534 0
55 854 0
243 828 0
80 220 0
285 898 0
332 945 0
277 896 0
215 531 0
308 759 0
269 655 0
297 846 0
334 963 0
381 473 0
654 982 0
743 757 0
81 383 0
464 616 0
600 749 0
233 751 0
141 681 0
204 897 0
744 779 0
946 1017 0
266 374 0
213 393 0
743 1020 0
173 656 0
159 779 0
664 884 0
50 715 0
397 1006 0
921 984 0
726 874 0
54 796 0
151 803 0
610 732 0
225 356 0
175 1017 0
286 944 0
63 663 0
440 608 0
376 462 0
246 978 0
231 979 0
120 400 0
28 591 0
676 897 0
203 567 0
121 182 0
471 845 0
97 812 0
909 911 0
301 344 0
194 676 0
184 438 0
714 850 0
497 846 0
364 570 0
284 372 0
210 495 0
342 379 0
395 785 0
503 932 0
416 790 0
368 825 0
297 636 0
303 544 0
788 991 0
297 380 0
136 451 0
746 806 0
47 722 0
431 464 0
446 779 0
226 637 0
276 512 0
600 851 0
336 562 0
187 999 0
117 154 0
684 720 0
286 942 0
234 655 0
323 692 0
388 649 0
11 366 0
40 469 0
530 995 0
744 1011 0
100 376 0
138 582 0
348 829 0
451 524 0
111 122 0
258 850 0
77 335 0
760 777 0
381 586 0
460 471 0
58 304 0
64 615 0
32 732 0
791 889 0
719 770 0
130 407 0
469 575 0
217 973 0
105 586 0
631 703 0
448 723 0
231 714 0
145 346 0
687 973 0
74 150 0
818 906 0
418 1021 0
143 631 0
278 921 0
991 995 0
456 886 0
350 470 0
209 493 0
483 666 0
476 649 0
792 995 0
79 419 0
631 663 0
39 144 0
86 377 0
135 239 0
196 270 0
357 927 0
525 824 0
772 850 0
840 873 0
16 798 0
988 1017 0
55 808 0
630 660 0
898 934 0
485 978 0
104 532 0
400 516 0
213 966 0
15 390 0
200 831 0
313 741 0
486 775 0
72 758 0
110 769 0
153 586 0
345 727 0
174 301 0
371 1016 0
60 897 0
581 979 0
451 577 0
907 971 0
281 920 0
341 1013 0
360 383 0
391 663 0
96 458 0
714 1015 0
278 471 0
678 682 0
323 702 0
239 602 0
289 657 0
255 357 0
323 714 0
532 638 0
498 811 0
305 600 0
423 989 0
213 897 0
230 467 0
245 307 0
641 717 0
73 642 0
129 181 0
422 860 0
861 960 0
231 498 0
497 787 0
87 357 0
158 654 0
153 225 0
9 768 0
655 790 0
183 958 0
270 295 0
180 451 0
7 924 0
97 746 0
265 563 0
381 670 0
661 715 0
463 639 0
648 835 0
324 405 0
424 845 0
933 937 0
93 432 0
117 216 0
566 996 0
139 532 0
310 549 0
134 904 0
866 932 0
207 227 0
362 433 0
654 692 0
490 732 0
229 781 0
135 942 0
310 839 0
311 582 0
57 742 0
394 882 0
204 671 0
566 691 0
593 729 0
456 822 0
810 989 0
359 563 0
66 247 0
175 182 0
65 78 0
75 795 0
543 592 0
496 705 0
237 665 0
232 399 0
680 707 0
24 276 0
27 804 0
466 508 0
237 509 0
754 842 0
5 90 0
131 279 0
99 263 0
471 493 0
33 571 0
263 1004 0
191 682 0
76 193 0
403 792 0
602 699 0
98 995 0
583 673 0
35 832 0
469 557 0
642 851 0
455 788 0
211 674 0
768 788 0
217 826 0
197 263 0
708 892 0
846 889 0
254 635 0
155 727 0
241 778 0
99 1019 0
455 813 0
251 945 0
510 986 0
182 954 0
246 873 0
181 451 1
227 379 0
46 701 0
282 890 0
984 986 0
31 302 0
618 851 0
657 714 0
48 763 0
191 210 0
85 689 0
115 645 0
715 885 0
87 514 0
103 785 0
224 560 0
682 716 0
746 828 0
32 672 0
51 846 0
571 837 0
8 128 0
223 872 0
9 431 0
40 431 1
617 852 0
192 239 0
183 761 0
309 605 0
451 815 0
109 156 0
741 765 0
238 245 0
975 982 0
612 676 0
159 353 0
43 426 0
106 785 0
502 596 0
695 910 0
353 709 0
226 239 0
782 881 0
140 362 0
457 1023 0
350 765 0
208 956 0
227 244 0
238 366 0
251 676 0
692 811 0
471 880 1
130 144 0
823 903 0
146 153 0
123 779 0
274 496 0
317 804 0
693 736 0
131 214 0
230 841 0
555 586 0
191 528 0
785 821 0
121 219 0
257 651 0
591 974 0
675 896 0
85 971 0
98 468 0
218 231 0
98 465 0
381 767 0
638 817 0
292 863 0
62 380 0
270 522 0
59 162 0
