1000 2
35
54
61
59
88
56
12
44
34
29
82
31
68
94
77
16
22
59
91
87
82
17
22
76
62
82
74
67
52
61
15
37
57
84
91
34
49
17
55
45
52
87
27
64
97
98
84
55
82
44
81
29
38
62
62
43
83
17
81
45
41
45
84
52
67
16
82
13
63
63
21
64
23
61
24
98
46
91
28
68
23
97
14
32
24
87
18
95
54
71
89
26
23
76
99
45
57
84
73
29
22
31
78
75
64
63
21
44
88
95
21
45
27
36
73
21
82
89
88
23
39
28
55
85
61
54
84
45
96
22
49
43
65
23
83
35
21
38
68
37
25
29
77
42
57
89
85
69
51
79
28
63
44
82
17
75
91
47
81
77
51
39
89
87
34
68
73
27
87
81
42
66
56
28
12
47
89
43
14
92
27
48
65
59
33
25
86
28
88
34
59
32
33
85
44
66
77
12
91
99
83
56
83
95
96
32
68
17
94
47
92
84
19
14
33
63
75
52
78
55
38
84
74
43
67
97
95
93
25
46
69
69
32
62
44
75
67
68
23
86
49
65
49
83
52
24
21
88
52
59
72
18
59
93
58
22
76
58
32
98
67
51
11
32
27
29
87
93
75
45
79
37
86
53
41
68
93
13
99
34
84
35
37
76
92
29
48
43
39
41
42
21
99
21
33
75
96
27
58
54
25
55
72
94
75
42
14
37
52
62
46
38
47
87
22
41
92
28
13
15
49
95
52
65
95
69
55
15
65
77
38
99
44
45
68
32
67
98
98
12
98
64
28
12
58
83
71
39
92
94
84
52
66
57
26
91
94
86
31
59
41
62
33
31
86
33
62
63
96
78
88
75
17
22
82
31
89
82
71
26
35
74
53
82
99
89
85
19
98
79
97
15
91
66
46
82
48
23
78
52
87
63
95
52
56
69
11
26
65
12
48
35
25
58
91
93
44
96
73
46
75
22
21
22
63
45
91
64
21
99
74
32
41
81
46
51
38
23
26
23
66
77
14
47
98
23
35
33
51
53
43
72
55
19
21
21
76
29
26
68
73
44
72
95
92
67
61
42
23
57
32
77
82
35
76
91
35
99
22
61
86
59
28
11
84
73
28
98
62
95
75
92
36
11
91
93
25
78
73
77
49
38
75
47
11
95
37
13
29
94
87
52
73
12
12
59
74
49
95
97
48
55
61
67
36
38
34
22
85
18
61
53
14
41
11
66
46
72
26
17
71
25
39
49
13
82
51
11
69
49
51
65
32
24
27
12
21
54
39
38
11
97
61
55
83
49
63
15
87
13
13
44
43
31
66
44
44
47
74
18
94
52
57
36
33
96
33
49
44
21
97
98
32
67
97
18
25
17
85
83
35
84
28
42
42
56
92
98
25
73
46
32
66
33
68
54
66
51
25
25
35
83
29
96
32
33
21
63
12
18
17
57
38
28
74
25
24
59
93
14
94
56
32
18
87
93
32
15
28
81
47
91
35
57
59
76
18
97
35
96
31
15
89
76
52
71
36
85
42
43
49
84
53
25
96
78
87
96
57
95
11
17
34
81
44
77
87
19
56
49
58
46
14
12
73
35
83
19
48
39
43
92
93
64
96
22
57
46
83
59
38
89
93
84
77
54
77
87
84
56
96
44
43
81
63
44
74
97
99
75
51
62
11
83
27
64
26
53
16
35
65
76
61
24
63
72
71
41
44
72
24
84
45
75
34
86
29
19
78
62
81
94
16
62
11
55
54
64
64
32
32
32
98
71
67
62
35
94
31
67
11
66
81
29
12
32
58
62
42
85
53
91
38
69
53
68
19
76
86
63
34
61
35
15
29
83
42
48
29
18
66
67
89
85
63
44
95
47
69
76
37
85
19
78
87
84
56
18
44
99
79
98
48
94
69
56
73
37
83
11
97
54
93
35
81
73
19
72
92
18
11
18
32
97
66
51
43
31
47
29
81
19
61
57
95
82
83
99
53
88
73
61
73
54
33
32
59
26
92
59
36
41
68
18
39
73
77
53
97
46
99
54
92
34
55
51
47
43
51
28
44
25
59
16
56
59
15
73
71
69
93
38
88
58
29
79
94
64
95
71
97
81
46
79
95
41
29
84
31
31
76
83
53
62
63
54
44
56
24
56
87
75
15
34
12
42
87
44
76
35
59
23
24
83
62
55
19
38
57
43
11
12
36
99
58
98
12
22
22
64
32
56
86
17
66
95
97
55
63
23
55
31
64
32
75
28
85
46
19
27
61
84
36
16
44
77
74
53
46
88
