1000 2
61
22
19
21
97
11
49
62
76
97
52
89
77
55
66
69
39
26
11
33
66
28
17
99
15
87
38
28
75
56
75
92
44
72
57
82
39
48
83
64
84
58
82
12
47
33
48
95
42
32
79
49
22
85
68
99
22
79
56
97
23
14
84
11
45
26
79
83
46
43
85
55
65
26
24
36
99
71
21
66
21
55
74
92
14
47
94
15
34
34
11
68
13
33
27
67
76
97
47
73
64
41
93
48
52
92
33
62
74
32
84
86
25
25
17
72
75
78
13
99
44
91
75
34
24
43
64
46
21
13
57
14
29
57
35
91
49
73
95
57
13
51
98
46
94
59
95
17
84
39
93
12
92
98
73
56
77
46
94
85
33
82
64
79
24
38
72
78
87
64
36
77
52
21
94
76
43
15
17
46
74
18
54
76
19
24
68
68
58
62
24
32
41
82
99
56
96
22
65
99
79
81
88
35
45
81
92
38
51
59
87
49
38
45
19
49
29
15
34
87
35
26
68
18
75
19
72
93
43
76
57
92
55
69
81
58
75
21
22
81
95
86
97
14
11
79
57
96
43
29
15
22
19
99
61
71
57
18
57
28
94
27
79
21
11
93
21
37
75
48
56
21
55
81
12
81
39
27
45
89
13
68
74
15
91
44
13
39
63
87
51
93
84
24
58
82
99
96
85
66
77
89
38
61
54
99
49
14
33
33
64
52
92
89
23
98
97
48
22
49
94
27
64
22
89
77
43
77
28
22
82
24
89
28
84
32
52
95
51
71
45
31
27
87
28
84
48
69
42
49
62
55
51
54
92
39
35
79
63
19
53
31
77
74
87
55
94
27
54
17
15
38
96
23
33
22
45
97
21
73
22
25
16
92
39
36
65
89
43
65
49
77
23
22
45
76
88
69
23
52
92
44
77
25
59
21
67
37
97
65
49
95
53
81
22
24
83
31
52
85
42
84
66
64
44
22
34
75
36
25
25
26
26
46
39
86
79
21
18
12
84
12
26
22
93
55
73
51
76
91
81
73
56
66
99
43
97
86
69
68
96
58
71
91
22
22
81
73
57
96
27
24
81
89
96
74
22
18
14
98
64
34
78
55
17
54
14
35
77
64
43
35
43
66
14
66
54
72
58
13
97
83
51
77
14
66
88
49
21
34
15
83
73
64
25
51
74
46
46
54
53
76
86
55
62
82
95
33
84
76
85
14
38
24
41
22
74
28
58
29
78
59
58
26
92
71
72
86
33
44
97
56
87
95
93
96
65
23
28
55
17
14
17
77
68
37
78
97
54
75
59
97
19
34
55
73
44
88
39
92
55
36
33
79
99
55
35
36
17
87
37
91
25
42
71
64
32
77
94
59
68
99
47
78
58
62
41
26
65
81
32
64
73
87
34
44
93
59
65
51
18
56
79
22
13
61
89
39
78
56
81
35
23
36
37
93
27
17
33
15
46
78
67
59
34
86
51
71
48
37
16
59
51
51
44
14
34
45
67
83
83
95
52
23
86
74
18
33
18
73
75
75
66
55
61
25
95
75
54
43
76
71
22
74
72
75
28
73
12
76
54
48
89
73
76
19
33
24
75
52
25
36
45
39
48
26
97
98
34
46
91
77
73
44
39
87
85
77
45
34
86
66
31
33
74
94
71
66
86
86
58
91
79
98
25
15
46
64
25
39
66
56
93
23
77
25
71
54
54
35
68
62
44
27
65
37
69
33
91
63
19
69
62
21
56
68
52
21
91
58
86
88
95
56
99
64
96
97
88
31
39
37
88
58
63
52
48
53
91
74
26
89
37
98
94
72
53
91
34
26
78
72
18
22
39
42
36
88
14
43
55
68
13
64
51
16
47
94
11
62
91
64
45
15
18
95
84
86
61
11
74
22
58
51
72
31
24
97
14
59
46
57
33
36
27
14
19
36
36
45
21
83
99
29
44
54
35
25
73
32
88
29
42
48
54
31
42
93
67
11
71
22
87
52
86
74
95
34
73
64
43
19
34
34
37
99
34
31
32
27
99
78
93
77
58
85
76
27
22
77
55
63
94
91
51
31
28
78
63
79
17
92
75
31
44
76
53
53
29
92
57
27
23
43
14
23
89
17
19
84
79
22
49
95
15
84
49
29
29
36
63
56
45
85
33
97
81
87
79
33
36
85
68
86
45
25
23
95
14
42
83
52
83
69
89
57
84
65
99
55
67
32
75
26
15
91
54
89
86
69
68
55
84
38
71
34
82
53
28
32
75
44
54
27
14
84
26
14
47
53
