1999 2
81
68
17
47
64
38
56
25
64
77
46
94
82
12
91
74
22
19
72
83
79
41
65
97
66
44
87
44
56
44
71
57
91
14
24
75
35
52
29
11
72
81
79
31
47
21
44
92
21
95
67
76
17
65
96
52
31
59
94
87
19
47
46
26
84
34
64
18
11
21
43
12
29
84
44
28
31
78
76
94
34
48
78
46
35
21
14
79
86
29
55
83
85
21
59
56
41
85
97
61
18
86
51
16
17
17
36
71
99
72
57
91
96
75
75
57
14
74
24
81
86
94
25
74
98
81
72
55
98
43
88
54
32
24
51
55
46
86
53
37
91
31
93
41
57
29
86
45
74
96
84
55
61
89
24
79
77
86
44
42
74
35
17
35
46
68
31
97
93
76
23
58
58
52
94
48
82
37
48
15
38
77
33
44
92
42
41
21
99
13
57
51
97
26
47
52
99
99
94
22
76
33
34
42
81
15
72
87
53
57
39
65
51
17
53
95
58
19
69
48
65
95
92
58
56
99
98
82
53
43
38
36
67
26
33
27
27
41
15
99
53
76
72
36
11
79
43
41
73
21
43
84
26
81
62
55
17
59
92
64
97
97
77
67
29
16
98
57
37
34
12
97
92
39
36
22
42
39
63
76
35
82
79
42
67
99
47
86
74
77
17
81
61
86
73
66
17
93
52
81
62
62
59
45
35
54
85
37
64
68
39
55
22
36
73
49
56
66
82
71
98
77
85
31
77
51
15
38
71
93
55
51
72
37
56
64
15
54
55
64
45
47
53
19
79
48
59
79
22
97
14
85
92
21
82
24
22
18
31
65
99
31
81
48
15
25
55
54
13
31
22
96
28
85
65
57
55
26
11
14
54
66
53
39
23
12
59
51
56
37
11
88
19
23
61
18
45
65
13
74
94
34
91
39
38
96
96
18
66
16
68
79
79
97
45
31
65
11
82
31
61
49
55
11
61
41
91
37
37
88
27
77
32
34
38
72
78
24
26
37
14
37
36
18
11
93
35
91
15
88
82
91
59
75
18
44
44
32
37
91
17
36
67
47
31
93
84
95
73
26
53
47
58
54
96
97
48
91
91
66
35
59
38
48
34
94
72
41
62
46
47
37
32
28
98
93
86
95
75
29
75
11
88
17
33
71
87
44
18
94
49
17
15
32
85
74
48
99
66
87
92
19
97
38
64
62
19
73
48
32
87
44
38
99
27
76
67
52
14
75
79
48
73
49
88
31
87
63
14
83
18
94
14
97
91
67
25
22
42
86
62
42
64
72
12
41
98
38
82
75
52
14
67
13
86
81
43
43
34
39
43
92
99
39
87
84
94
31
31
13
35
87
41
74
72
47
82
69
63
93
32
94
31
51
86
73
13
44
86
66
86
17
61
51
59
44
48
23
65
65
19
89
65
48
29
35
83
22
15
98
93
45
42
51
36
71
26
15
63
15
25
25
38
54
69
97
38
34
45
76
97
28
12
16
55
32
27
33
52
43
93
34
55
51
29
98
49
41
53
47
47
85
82
99
35
61
69
38
55
62
16
71
89
18
84
59
54
76
95
23
94
48
22
16
41
93
16
59
39
33
13
49
19
99
59
22
23
36
69
48
36
54
59
14
79
54
71
79
31
63
75
95
55
17
87
46
34
67
63
84
96
32
45
97
78
42
58
51
19
65
72
88
87
77
48
34
23
87
67
28
18
59
11
53
85
95
52
72
26
17
74
97
84
47
33
56
47
13
45
82
72
56
95
32
67
49
74
37
33
48
37
32
13
17
62
45
88
52
33
43
81
66
21
19
99
45
81
79
37
43
24
76
72
28
57
42
33
92
31
87
46
78
95
14
73
18
45
76
36
89
19
12
37
95
93
81
53
98
73
21
14
92
28
89
58
53
52
66
75
48
69
39
21
38
96
89
92
25
19
42
61
99
92
77
31
71
73
41
93
74
61
91
42
58
53
15
52
69
17
64
26
55
36
84
15
13
36
39
12
91
22
27
21
25
33
95
81
32
65
52
84
88
47
65
18
82
25
63
11
29
63
86
54
26
48
29
49
42
49
24
86
49
48
79
32
93
79
16
94
32
71
22
43
13
95
11
94
76
91
15
87
34
91
34
61
57
47
46
32
35
73
29
73
94
33
12
94
89
51
31
98
83
44
89
73
61
51
94
85
34
18
47
97
21
76
43
69
45
36
69
18
86
59
75
72
81
54
16
99
33
63
84
78
22
91
64
96
14
81
91
47
62
62
47
84
13
98
34
86
75
55
51
12
97
89
49
49
97
28
31
48
53
52
86
25
33
47
84
31
49
83
57
79
27
91
66
59
69
23
82
37
93
86
32
19
21
85
43
55
35
56
69
63
98
98
98
12
63
98
55
44
64
48
76
67
93
79
22
48
43
61
87
36
75
82
14
98
52
35
31
87
82
55
86
15
57
52
54
35
95
34
41
52
26
51
86
38
82
85
67
17
72
44
16
24
28
38
46
17
87
28
93
72
98
47
91
76
51
63
13
11
12
26
26
34
37
15
98
33
11
78
93
53
48
26
28
16
83
78
47
19
63
76
53
85
61
23
43
22
32
33
31
86
59
74
44
54
28
25
19
69
28
64
24
93
88
22
41
81
29
95
93
78
69
41
17
74
53
77
35
41
84
31
75
34
65
26
36
58
57
38
43
36
27
62
72
26
15
62
35
94
67
63
77
73
87
68
49
44
28
35
43
39
84
32
59
92
59
39
56
57
84
41
51
25
98
35
93
37
41
93
27
21
42
48
82
52
34
98
92
36
89
68
32
88
51
42
61
41
51
97
33
79
73
55
93
31
74
68
33
44
18
18
74
48
76
25
27
86
35
88
25
65
28
83
35
85
27
69
45
54
68
21
17
12
52
89
74
76
65
35
73
78
12
84
57
29
43
93
51
29
77
64
47
29
81
67
71
77
26
26
97
41
35
15
53
28
64
74
21
94
34
35
75
75
24
24
36
29
63
36
75
88
56
28
29
91
78
57
15
58
22
92
59
86
41
94
35
34
43
95
95
72
96
27
44
88
53
19
14
57
81
88
17
21
37
58
76
89
88
95
59
59
75
13
64
11
42
45
42
66
46
16
78
91
75
82
33
15
65
87
47
31
27
32
85
63
89
11
64
67
98
35
74
62
24
25
35
56
51
68
52
42
96
72
44
94
89
26
87
85
64
57
46
11
54
25
83
82
77
32
64
64
27
54
98
57
26
58
24
84
16
22
39
92
28
92
72
76
63
97
79
86
72
35
73
42
83
17
49
12
91
22
17
23
34
48
83
25
13
61
59
26
22
11
48
63
87
11
95
71
46
82
92
39
63
51
59
58
71
47
39
98
56
43
61
19
84
77
65
83
34
84
55
35
44
23
47
94
91
71
79
96
57
49
34
78
76
91
27
22
68
99
66
98
68
79
29
15
78
16
75
27
83
18
22
44
91
79
58
83
81
49
52
85
47
13
88
76
53
39
93
29
17
74
25
84
43
47
91
89
19
15
72
69
14
76
51
98
75
36
19
65
82
77
62
23
81
66
35
43
52
24
83
39
27
45
87
31
43
26
97
87
99
58
36
48
48
36
43
78
29
97
47
82
59
76
76
13
66
19
91
44
38
45
98
49
21
46
41
58
95
13
24
12
44
32
75
38
37
86
12
27
27
56
38
88
12
51
92
76
34
17
73
22
12
98
33
87
39
27
87
68
83
35
22
72
84
34
35
23
65
51
29
28
19
76
46
61
31
85
68
95
56
19
44
53
48
85
87
25
81
24
84
97
88
41
62
16
67
29
97
28
14
99
67
91
93
98
31
25
51
52
93
14
55
72
92
81
91
88
61
67
18
99
96
98
32
82
46
92
39
11
58
24
95
34
47
14
73
74
29
25
14
39
74
44
78
79
61
79
46
39
52
38
53
72
82
64
75
13
59
12
85
21
88
47
37
18
46
77
18
39
18
99
88
49
44
11
93
81
18
27
41
72
94
28
88
81
96
19
41
62
77
16
37
34
58
23
55
59
81
52
94
57
81
44
64
96
95
83
63
81
87
64
54
53
67
14
91
36
61
86
96
73
49
15
29
13
19
11
11
52
77
24
41
71
83
73
76
47
81
71
31
34
68
88
58
92
22
14
66
92
69
11
72
26
46
22
63
12
83
92
22
46
79
78
24
94
38
64
76
17
81
64
36
66
33
13
45
15
15
15
46
37
79
57
65
67
66
15
58
85
65
45
37
59
25
88
79
65
95
23
22
65
82
42
65
22
24
86
21
73
22
82
87
29
58
99
97
23
76
94
77
51
52
13
76
17
14
66
15
22
43
38
69
37
31
28
74
12
61
61
15
93
72
33
26
16
79
26
63
57
77
64
57
53
34
39
46
85
25
71
13
59
79
59
62
74
77
96
18
39
95
38
95
21
49
86
54
55
77
98
82
76
75
24
13
37
12
29
55
61
46
34
96
22
85
32
42
28
31
28
33
19
34
92
99
25
81
43
28
88
22
75
28
55
94
57
