1999 2
75
25
22
68
78
48
43
42
22
58
17
95
49
73
84
47
29
28
87
57
22
28
15
77
18
21
92
91
26
75
33
77
42
83
85
28
11
73
52
25
13
17
41
11
47
59
59
37
72
47
12
96
51
43
93
23
19
26
29
41
51
13
93
31
62
54
32
55
49
46
57
95
67
39
34
92
45
68
34
43
76
97
83
14
41
44
94
82
61
63
79
75
85
28
77
86
63
44
67
35
12
37
75
26
55
42
38
99
94
89
22
86
99
63
99
18
92
67
53
23
46
16
95
73
62
99
57
56
77
98
57
52
75
68
42
71
29
31
48
42
49
38
28
24
84
94
87
77
12
16
55
19
15
42
73
76
54
31
97
49
21
97
41
38
46
34
24
68
58
15
57
25
14
18
43
23
36
97
13
95
84
82
77
32
74
47
69
66
84
46
87
12
68
93
97
59
25
11
98
12
68
18
21
33
41
65
19
58
55
74
32
35
14
47
35
76
98
22
79
55
17
43
47
24
13
62
84
47
71
78
32
62
55
11
18
43
26
87
24
94
54
96
29
23
65
21
29
55
24
79
61
83
22
72
85
47
78
62
36
85
87
68
92
93
14
45
86
45
72
86
34
45
26
64
96
92
33
94
53
35
54
19
85
61
66
61
53
88
27
89
21
64
51
45
85
79
19
61
38
85
24
56
38
82
14
24
51
27
42
71
82
27
85
39
74
42
72
42
92
54
59
14
58
84
63
22
43
95
19
49
94
75
18
51
71
22
59
12
68
33
82
27
12
49
86
45
29
26
68
58
67
35
37
81
77
68
92
62
62
36
22
91
34
51
56
33
48
13
66
65
45
98
18
56
74
48
95
33
56
65
46
66
91
42
84
98
79
31
47
29
42
57
33
78
24
43
44
92
47
24
85
11
44
53
28
53
93
99
57
19
55
31
96
66
67
47
25
44
53
75
83
75
81
94
96
68
64
49
93
19
79
16
75
48
11
52
78
23
13
36
86
12
98
94
96
49
14
33
45
83
43
42
65
78
54
62
71
94
79
41
45
95
63
52
55
63
95
45
97
69
41
84
96
68
89
71
85
99
98
85
98
89
97
46
83
28
63
73
67
15
78
49
98
35
98
53
78
84
76
59
87
95
14
58
76
46
83
39
71
79
67
56
44
34
48
21
89
38
58
43
26
81
43
76
52
21
36
88
72
59
66
15
15
78
97
97
52
43
72
85
22
75
56
66
28
29
67
55
73
44
65
45
74
82
22
15
28
85
29
51
27
59
11
59
37
33
64
69
73
32
89
57
75
16
36
25
32
84
97
38
98
36
15
33
19
56
56
76
99
29
31
89
23
48
81
59
94
85
22
54
14
89
51
38
43
87
52
73
43
34
28
89
33
96
24
49
75
65
45
81
47
57
76
49
35
95
69
13
51
21
66
92
88
28
99
84
18
64
99
51
97
97
29
75
16
89
98
95
65
71
54
99
33
71
44
79
53
76
89
38
15
28
38
97
16
39
77
74
71
71
37
27
96
81
69
67
43
11
62
48
72
13
86
42
23
17
89
14
49
53
83
71
57
77
74
77
96
58
61
89
84
44
53
75
96
12
68
75
16
37
16
52
86
68
23
28
88
58
91
42
15
87
84
16
46
17
29
22
44
36
93
66
16
58
87
92
13
76
39
53
14
67
24
73
44
26
64
91
37
67
14
73
95
89
11
56
77
85
87
98
38
63
94
18
88
55
71
65
72
18
55
63
87
32
43
67
35
25
87
53
51
17
59
96
75
46
74
53
72
42
45
11
39
99
45
45
75
48
75
97
68
86
91
31
12
91
66
36
42
33
99
31
79
47
56
71
77
92
27
74
36
76
13
88
19
97
92
27
91
31
23
86
78
84
59
72
18
72
53
53
54
82
51
48
48
77
66
69
48
84
32
33
55
44
17
79
55
46
88
36
61
16
65
88
96
15
56
13
12
46
19
56
99
48
79
16
71
57
88
95
38
31
85
86
32
29
43
99
59
44
29
72
18
12
27
32
44
22
73
58
65
98
93
56
56
41
63
52
36
32
91
37
75
96
71
85
38
98
88
23
35
58
52
75
54
85
11
94
69
78
97
29
87
12
43
22
25
48
28
64
12
36
52
55
13
23
63
76
98
38
79
64
89
83
41
85
14
77
97
84
31
96
61
87
17
22
27
43
69
16
78
15
13
37
44
93
19
44
33
26
25
69
92
73
46
89
57
35
97
67
21
26
81
98
58
79
46
81
81
32
25
33
35
55
12
67
45
96
41
43
46
48
61
19
75
39
35
32
87
97
68
38
97
47
93
48
86
16
62
33
78
14
28
17
87
61
73
89
24
72
37
86
11
63
54
89
13
89
31
73
16
74
17
74
38
53
81
28
96
39
55
91
45
19
29
14
89
89
87
76
55
64
95
85
65
54
78
56
49
43
66
14
61
52
49
63
88
54
81
13
63
38
35
34
51
42
11
88
71
84
88
59
58
81
68
72
95
58
82
74
41
62
13
64
72
93
44
32
29
83
83
27
88
66
96
63
86
73
76
89
69
38
18
25
81
98
63
18
19
78
42
63
74
32
84
34
39
21
78
75
41
52
41
41
13
89
99
66
63
35
86
91
96
66
42
69
15
55
49
87
77
21
62
49
85
54
89
36
72
71
73
54
92
71
77
93
43
43
75
82
74
29
86
61
23
52
48
43
37
51
63
25
71
46
96
45
42
46
77
26
16
88
36
93
57
97
45
77
32
77
27
81
36
61
21
36
22
64
79
64
26
33
47
67
64
28
98
63
53
46
48
89
95
15
86
86
64
25
24
35
67
14
49
31
97
54
54
38
81
59
92
49
27
52
29
29
59
61
73
73
83
64
34
22
46
59
27
96
41
23
87
87
29
66
51
74
74
61
35
12
23
84
49
44
34
48
41
24
85
96
41
74
72
35
68
73
59
97
22
89
13
98
87
33
17
98
24
46
75
96
25
55
41
68
14
49
47
34
64
95
43
78
83
73
26
81
73
84
64
75
41
24
13
69
67
44
95
22
47
98
66
59
32
65
69
41
47
25
72
21
97
31
33
94
98
71
77
11
26
28
56
41
81
56
86
38
66
36
65
79
12
99
88
47
48
53
25
55
91
42
26
66
35
86
35
63
47
39
53
97
46
18
89
54
96
49
33
39
42
31
82
74
36
28
78
82
63
68
16
11
33
31
86
92
32
38
96
77
86
58
31
32
24
38
42
93
67
26
27
48
95
65
21
15
24
43
14
44
24
32
66
66
12
94
86
34
25
55
67
69
84
53
82
47
64
83
91
73
19
96
74
84
45
52
23
45
94
48
91
54
95
75
57
32
66
56
75
42
52
57
84
39
86
31
14
43
83
81
38
62
19
19
43
56
43
72
54
14
46
79
99
52
97
48
32
81
79
75
69
37
51
85
83
26
14
35
53
22
46
71
34
61
18
26
78
35
71
18
47
23
38
73
83
92
78
89
76
14
48
96
27
53
95
51
67
39
75
29
65
58
58
81
75
82
65
84
45
37
37
45
59
26
87
96
61
31
43
67
12
56
82
82
85
48
96
46
33
72
16
21
33
99
35
37
87
48
24
82
66
67
48
89
78
74
98
99
16
34
53
53
35
97
19
73
77
65
33
73
93
36
81
84
95
92
74
11
24
22
35
62
25
38
35
32
54
69
28
65
44
22
82
25
95
95
66
34
19
77
61
56
89
48
64
64
96
95
54
56
55
96
15
71
79
46
52
39
52
76
33
31
65
34
26
89
56
49
44
79
35
66
81
35
62
64
75
51
94
21
28
89
83
84
97
23
43
26
58
67
31
44
87
64
27
43
61
51
37
72
71
54
16
61
66
86
69
58
88
57
12
25
72
95
37
25
92
62
39
15
23
72
29
22
18
52
89
27
41
19
34
42
35
87
98
73
39
77
16
19
71
24
46
65
89
63
34
94
95
73
72
64
72
64
27
38
54
56
85
17
64
13
53
87
12
67
37
21
97
68
42
11
64
49
34
92
12
12
49
28
69
98
56
46
58
81
47
96
46
18
87
12
16
82
11
25
95
38
82
62
79
64
49
21
22
88
86
35
79
86
32
27
23
88
87
88
95
47
54
99
76
61
36
17
29
64
86
64
62
72
99
93
83
28
84
76
72
35
26
33
83
13
66
34
89
87
28
89
22
19
32
95
66
93
29
88
83
76
25
61
99
69
84
68
89
93
54
39
99
76
74
24
48
26
73
44
68
89
84
97
18
25
64
88
74
15
65
15
38
92
65
86
43
55
63
74
49
79
77
92
75
93
57
47
12
46
39
84
35
66
94
88
52
67
94
97
42
44
49
23
26
25
81
83
77
69
81
31
67
85
58
28
86
73
75
39
89
85
98
36
67
45
83
96
95
43
71
14
98
24
19
72
48
95
71
83
66
83
46
88
39
55
38
81
56
17
72
96
88
59
94
63
87
64
63
14
66
25
23
11
49
73
65
85
59
34
34
42
91
13
73
