2000 2
67
17
71
45
25
78
77
66
62
39
77
11
44
99
47
37
68
16
41
68
96
29
62
54
17
42
42
99
43
38
24
35
74
47
19
37
63
89
48
17
68
85
12
77
44
81
79
75
74
36
35
13
68
34
24
79
69
64
66
56
45
66
72
23
66
51
95
89
61
26
81
89
28
59
94
48
76
61
98
44
59
13
58
47
13
47
32
95
42
39
65
26
35
43
17
67
49
31
66
94
28
82
23
58
65
76
11
34
16
24
32
34
32
74
32
54
74
66
56
29
67
27
46
21
48
34
92
89
16
44
99
49
65
34
99
11
75
92
27
22
56
33
72
18
14
14
57
95
48
16
13
48
15
93
71
18
82
37
78
44
64
24
19
84
74
54
99
21
69
71
62
27
76
12
55
94
75
26
15
58
13
42
82
18
26
94
34
36
68
84
56
59
97
33
11
67
87
71
51
23
77
19
87
86
49
68
89
89
73
88
38
28
62
36
42
25
66
56
89
28
58
32
39
25
85
67
48
75
95
24
28
54
15
18
21
23
87
67
23
87
54
43
75
62
24
99
74
89
45
39
66
28
76
28
46
43
19
99
32
64
25
84
55
25
59
87
38
48
97
19
91
65
88
69
54
79
86
19
52
77
63
63
21
67
84
35
12
78
51
84
77
26
71
46
66
96
81
57
77
33
21
69
44
49
26
49
23
49
77
47
69
74
63
42
93
93
53
55
93
68
25
76
35
29
64
81
26
99
21
65
27
26
61
81
43
73
37
35
83
65
98
57
26
22
25
76
79
84
13
39
64
72
18
57
51
94
38
41
27
31
21
52
17
73
65
59
58
83
88
48
12
71
23
65
97
33
29
76
44
85
51
56
16
95
32
36
64
12
12
41
86
51
21
55
32
71
13
24
41
14
41
83
81
47
11
71
14
31
51
78
51
23
17
29
24
91
81
41
15
19
45
72
84
74
86
76
28
21
29
13
67
23
85
75
86
56
24
38
59
51
42
65
57
82
32
96
13
58
32
23
93
98
32
62
92
27
81
48
28
91
73
84
24
81
94
62
24
36
47
41
46
39
24
84
56
66
25
27
44
98
32
93
15
58
42
96
54
69
14
18
17
64
88
46
98
87
65
48
78
42
78
56
33
72
21
99
33
17
27
73
31
57
94
46
21
43
94
85
17
55
14
98
57
93
58
54
98
19
47
98
88
21
47
88
64
46
14
53
34
71
48
88
65
33
45
59
67
49
78
58
61
13
49
34
75
53
68
35
76
59
15
28
48
68
69
54
89
12
52
87
55
74
77
24
59
89
16
81
19
65
49
12
49
93
23
66
89
22
72
75
65
21
25
97
28
74
76
13
58
63
37
96
43
71
81
44
33
64
98
35
67
52
62
82
12
18
42
14
62
13
98
49
32
29
18
22
29
78
74
76
46
58
68
11
58
51
68
54
57
37
33
19
52
86
14
45
57
64
34
83
83
15
74
92
61
22
12
77
51
76
36
31
58
25
78
69
17
62
89
97
12
63
61
14
78
92
67
61
22
58
82
77
26
71
77
64
63
69
61
37
23
18
68
59
52
22
46
36
61
13
46
34
57
73
47
27
71
44
62
97
95
96
37
36
62
44
33
46
68
54
24
34
74
91
67
11
62
12
76
63
86
18
35
32
27
67
94
82
91
53
62
83
62
18
93
79
36
41
33
38
13
42
42
31
19
32
43
45
29
17
52
91
32
63
81
81
33
85
85
64
52
25
26
31
88
24
22
46
73
69
62
45
76
92
69
91
58
42
39
23
83
84
82
25
58
56
84
67
26
14
82
52
92
66
94
67
87
47
23
48
38
86
23
12
86
67
59
82
13
69
11
48
41
58
11
66
48
79
55
48
25
93
68
66
68
63
76
48
23
41
31
36
98
54
87
24
52
21
33
74
46
45
98
63
54
22
93
72
28
13
83
47
21
42
91
83
98
17
72
21
49
46
69
48
82
73
77
36
86
29
18
84
78
13
24
88
12
97
12
37
49
27
32
24
58
42
34
11
42
84
17
49
91
93
58
59
53
37
57
37
29
92
17
99
89
67
86
53
51
84
78
76
21
68
26
37
17
21
67
29
29
31
46
84
22
25
88
75
66
63
95
61
27
43
68
89
92
36
14
83
68
39
25
28
27
88
49
97
49
57
63
88
43
26
45
28
44
42
43
15
86
47
26
38
66
67
35
35
85
54
97
34
48
98
54
39
46
53
17
58
55
25
42
17
54
93
85
69
34
49
52
69
56
93
83
27
14
35
22
97
23
77
33
59
88
31
28
66
87
86
63
71
38
64
35
92
86
89
48
32
56
49
84
29
55
64
28
89
72
69
69
36
11
42
63
54
62
78
86
41
57
38
23
83
15
65
32
93
41
84
65
56
77
49
43
95
26
24
36
74
33
13
17
24
37
88
21
85
76
48
48
34
88
47
54
94
15
81
32
46
57
43
35
83
87
86
82
62
74
66
74
83
65
71
85
41
94
71
98
13
23
68
29
89
77
58
17
22
31
31
44
79
89
16
44
59
41
63
61
89
88
12
64
77
53
67
52
74
17
91
75
87
29
99
67
79
13
76
62
98
94
44
13
82
38
65
63
54
95
39
46
52
72
65
98
58
92
63
83
88
32
69
56
77
78
88
81
13
52
68
42
38
19
93
88
26
79
57
65
74
22
29
18
88
53
54
24
67
47
64
81
15
81
52
93
33
57
64
57
39
54
24
84
35
27
55
28
58
37
51
98
39
91
56
21
17
53
67
51
78
34
35
62
44
82
53
26
21
24
84
68
66
39
43
21
71
89
81
14
99
17
94
63
17
57
56
37
53
86
43
38
86
79
88
47
23
73
57
99
27
32
57
39
74
29
93
36
24
28
98
35
76
57
11
58
41
38
19
35
92
24
83
81
43
22
72
49
46
24
18
16
36
83
28
91
82
25
31
78
21
37
28
84
13
29
67
26
22
81
69
31
79
34
55
17
97
52
21
55
92
55
33
29
79
72
11
39
57
45
64
34
52
47
85
54
74
44
58
52
43
99
76
24
97
88
77
82
69
15
11
67
54
59
42
77
24
24
51
66
43
36
66
11
12
76
39
47
46
16
71
95
15
53
36
73
46
54
55
23
43
65
76
68
91
96
35
18
38
54
84
98
34
78
17
92
13
46
63
82
45
79
82
35
89
13
63
89
92
61
92
21
96
56
62
68
38
78
53
48
57
87
59
42
27
33
98
86
46
61
41
33
85
41
97
74
38
85
64
23
98
69
76
67
43
25
96
88
71
49
69
76
69
95
33
95
99
76
98
94
37
18
56
83
46
75
35
64
98
39
81
25
39
15
38
99
62
38
49
35
11
11
95
63
37
59
87
43
93
66
87
28
81
77
36
78
62
31
71
77
75
95
11
35
39
42
34
54
25
56
26
28
44
58
49
66
83
15
58
57
14
24
51
82
81
35
12
29
42
12
21
58
38
49
59
57
23
13
14
19
68
12
78
84
51
63
76
32
78
21
77
42
45
65
79
35
33
55
84
45
71
87
76
13
66
96
29
76
44
77
17
44
23
57
86
82
83
24
33
53
74
56
79
95
74
21
98
52
64
81
67
97
28
77
16
85
92
15
11
61
12
82
32
43
35
57
74
92
92
47
91
88
44
55
63
44
42
48
26
64
52
94
71
96
75
67
73
94
68
59
12
79
53
68
46
11
11
89
54
31
12
79
67
57
79
35
54
85
52
69
34
35
38
77
53
26
44
47
93
56
49
14
98
55
26
92
52
96
24
15
56
86
57
29
72
42
71
47
55
65
38
65
51
45
97
79
44
89
94
86
36
59
72
46
36
54
41
98
97
84
19
41
23
56
41
51
93
81
86
71
26
89
13
55
78
68
72
72
61
54
98
56
68
85
34
84
28
84
76
92
94
66
93
95
53
48
62
61
39
68
25
14
77
81
48
56
87
47
15
77
63
47
65
36
68
64
38
12
52
29
46
56
81
43
63
61
98
92
43
74
31
47
53
47
73
13
17
42
63
91
48
25
88
54
48
16
57
18
13
26
45
75
68
13
47
63
29
95
84
95
31
42
35
71
96
71
38
34
31
88
73
26
48
94
28
64
81
37
84
13
69
71
38
72
87
21
28
47
45
97
96
84
85
57
37
12
99
62
57
99
42
54
41
69
33
57
18
35
88
85
12
74
56
36
68
68
78
67
74
37
81
22
41
41
19
59
48
72
93
47
76
54
13
13
72
52
38
21
19
76
89
38
74
28
41
43
18
53
52
83
53
99
83
62
56
14
55
57
56
44
51
75
25
25
45
15
51
53
34
69
88
77
61
63
23
24
61
18
75
59
58
91
18
84
35
58
75
28
63
15
37
93
15
88
56
44
26
86
89
49
17
85
55
48
42
72
86
35
16
87
85
12
11
32
43
19
73
33
32
54
76
21
59
31
64
56
65
43
91
54
69
13
16
95
57
39
44
36
22
84
67
39
33
59
89
95
26
59
52
96
62
