2000 2
52
68
86
66
85
78
63
54
14
18
17
15
95
96
76
85
61
31
96
77
59
77
96
88
19
73
51
52
62
17
25
29
49
86
65
84
54
26
76
27
41
16
31
55
54
66
14
14
29
24
69
34
13
13
31
51
88
24
45
53
77
22
73
57
43
65
75
79
98
86
45
29
65
11
54
62
39
15
52
42
92
12
24
86
13
98
17
22
72
33
81
14
39
45
78
82
62
89
36
12
62
32
47
22
42
11
17
13
67
62
94
24
34
51
72
65
72
16
85
87
21
91
56
73
97
72
26
87
77
93
68
16
15
68
36
85
85
46
63
32
39
21
93
47
41
37
31
38
81
39
87
98
67
99
32
15
63
27
27
52
15
36
74
86
84
51
82
87
21
18
91
33
71
13
19
73
31
98
23
37
23
96
71
51
47
99
16
72
37
62
39
51
69
29
61
58
43
62
64
27
78
54
83
77
84
34
13
51
85
17
33
84
76
67
29
46
16
24
14
15
65
78
24
41
44
79
24
72
37
19
66
92
53
57
46
33
42
64
33
32
19
68
23
84
24
99
52
84
86
15
49
71
22
29
58
82
21
12
67
36
76
59
29
64
45
66
25
74
92
67
88
68
82
98
14
51
67
67
47
82
87
31
67
42
43
44
48
79
93
82
81
49
39
54
29
93
83
62
21
35
23
16
16
56
45
99
43
39
59
11
31
81
47
91
91
51
28
37
78
94
65
13
97
63
58
49
13
61
63
51
76
89
57
13
67
81
23
73
46
44
95
27
61
86
95
28
93
35
91
79
42
15
79
18
52
94
18
94
28
76
88
21
16
82
15
71
95
41
56
98
89
77
68
21
46
94
99
94
73
97
47
86
64
61
53
34
84
45
67
77
32
24
44
16
86
29
67
19
26
11
12
64
27
15
79
44
21
16
37
61
57
63
35
67
82
67
31
74
38
53
67
57
99
11
11
43
53
32
15
73
59
51
69
79
34
72
64
71
12
49
79
34
75
66
67
47
11
71
96
85
91
49
39
68
67
35
62
15
62
41
46
43
13
11
73
22
85
76
42
89
85
69
73
37
82
14
22
36
96
32
51
23
34
97
16
31
35
43
64
83
67
52
54
12
13
77
97
81
29
43
85
49
54
67
64
66
43
14
38
14
94
97
93
99
84
99
48
63
89
11
68
29
66
92
12
17
95
71
71
24
18
92
65
76
98
52
87
45
53
43
85
75
27
79
84
48
44
76
52
69
12
95
99
15
86
48
94
14
24
11
72
26
89
86
36
36
92
53
88
89
86
57
84
23
44
87
52
47
35
69
95
86
99
41
49
74
81
37
71
47
69
38
53
32
43
77
57
74
54
89
35
87
14
49
97
48
32
47
15
34
58
84
35
47
73
14
87
17
28
87
38
67
77
31
31
98
42
95
61
99
98
75
99
18
66
33
46
68
87
48
71
73
83
24
17
87
17
95
95
83
24
11
99
16
11
68
47
21
38
22
28
85
71
27
69
97
89
96
27
82
87
19
48
45
47
99
46
84
22
44
66
59
14
69
95
62
94
32
65
39
73
85
94
57
19
69
36
31
48
89
79
19
99
54
84
72
85
57
13
76
85
77
13
79
61
63
81
84
35
83
15
56
13
94
38
65
18
61
55
21
43
52
85
44
72
18
94
17
64
92
51
23
93
23
98
62
16
54
84
78
53
66
46
85
26
89
93
58
53
18
21
72
48
66
49
35
79
44
27
45
16
68
54
66
79
37
32
68
22
24
91
11
23
71
37
27
98
42
87
13
16
83
83
55
33
26
74
46
28
23
86
63
74
62
57
75
31
42
64
23
73
97
35
45
73
39
52
13
93
48
33
76
66
81
73
73
87
57
67
58
61
27
34
79
52
41
82
12
94
95
34
34
92
11
93
91
66
21
93
67
17
64
22
99
37
65
38
76
13
68
82
98
43
86
45
36
83
61
36
47
77
97
74
56
61
21
24
98
63
71
19
92
43
78
94
37
74
61
16
29
39
46
23
61
97
63
22
21
67
78
25
17
98
87
62
21
73
72
14
61
96
29
38
61
24
68
75
85
39
15
18
19
39
71
75
21
27
83
35
33
74
82
63
12
18
85
66
78
84
98
71
78
96
99
83
35
55
63
92
41
54
85
95
23
89
58
88
21
96
17
73
98
97
32
22
77
16
53
17
56
66
58
19
52
29
78
71
58
62
92
15
45
67
46
45
12
83
79
68
68
63
33
76
18
73
19
37
29
15
55
31
82
68
99
94
32
66
17
31
66
56
15
84
64
88
77
41
94
64
91
24
42
66
24
34
73
38
47
28
39
43
59
37
99
47
15
72
22
51
69
97
92
58
57
28
56
12
74
29
67
35
45
86
88
34
75
97
19
13
75
86
29
72
26
31
86
97
56
99
85
81
61
54
13
32
75
98
37
35
72
29
17
87
28
82
35
29
53
88
47
66
15
17
11
19
98
64
54
36
33
34
44
28
12
13
31
32
81
61
67
35
19
17
36
21
99
81
84
26
23
78
98
24
34
38
44
62
54
64
33
97
63
92
34
19
74
43
38
99
75
97
39
57
73
62
51
83
68
76
45
74
47
79
58
39
69
46
88
41
49
33
85
14
72
98
29
89
29
26
73
38
86
47
12
88
28
51
53
25
96
32
55
84
12
54
43
97
71
49
33
96
66
32
27
13
25
34
61
22
97
77
65
27
63
17
66
86
41
86
88
79
77
31
76
14
94
24
82
86
82
23
98
27
76
44
68
28
14
89
94
38
64
47
79
75
25
17
22
96
28
53
53
89
75
92
11
32
83
46
16
42
59
45
62
91
29
21
78
36
19
42
51
39
91
63
56
92
19
93
36
67
54
38
32
99
85
15
89
36
21
17
41
81
69
11
68
84
97
77
49
27
11
13
88
36
34
23
45
87
96
45
53
65
24
24
11
56
53
66
69
86
43
42
12
52
98
42
92
43
15
24
57
56
73
17
46
69
21
58
46
37
79
85
43
11
29
78
49
31
43
21
71
76
37
79
21
91
13
19
31
67
94
67
81
67
74
66
58
48
69
11
34
29
31
13
35
35
12
56
61
66
96
84
58
71
23
17
56
66
34
35
67
11
16
96
69
58
51
25
33
28
55
68
52
69
77
36
44
42
46
17
81
65
36
71
23
34
58
53
37
35
71
64
65
64
81
22
67
93
35
16
73
18
43
45
97
63
59
32
81
39
31
89
46
72
72
66
91
17
22
85
71
26
45
23
97
17
79
79
11
18
86
53
31
84
97
26
47
86
26
66
14
68
63
92
93
53
41
93
88
53
15
36
83
89
23
17
36
41
53
77
71
33
28
61
98
55
93
55
54
47
61
64
37
63
41
14
41
53
58
97
26
24
25
61
29
11
18
88
36
23
39
36
13
76
57
59
76
66
75
64
13
75
67
24
39
68
65
15
71
62
81
91
44
28
29
37
67
83
75
53
95
58
43
11
33
56
35
11
19
45
27
89
24
62
42
75
43
76
12
65
66
33
31
23
97
68
37
19
85
91
48
77
99
23
71
78
94
49
59
43
18
11
51
39
43
18
51
35
56
96
54
89
54
23
88
18
81
48
13
32
11
21
93
49
58
22
28
77
79
32
88
39
24
43
61
98
19
13
48
33
27
73
57
61
33
34
72
47
87
44
71
29
38
99
31
24
25
52
67
44
84
99
58
87
67
27
38
57
78
42
15
71
29
23
36
52
77
63
54
34
46
96
88
58
76
52
59
56
74
11
42
36
77
92
13
41
46
34
91
51
39
68
83
38
68
22
72
89
87
26
94
37
22
37
11
15
41
85
85
18
75
31
62
36
79
37
36
38
63
55
64
11
65
97
54
95
47
37
23
47
87
57
41
72
64
48
16
68
35
86
37
74
97
41
87
53
58
16
65
87
28
92
41
17
11
86
67
88
52
87
84
76
19
76
42
53
87
98
45
24
25
38
46
96
85
69
77
47
58
55
46
94
54
21
65
14
53
99
86
63
22
24
61
26
89
14
36
29
37
53
93
77
42
93
69
97
58
55
56
14
49
88
29
75
93
78
29
71
76
72
44
44
98
82
82
87
78
58
13
42
46
59
35
26
14
52
39
36
19
34
74
15
73
97
68
22
76
35
43
68
81
35
36
59
99
54
71
83
56
47
27
44
41
41
13
11
64
19
57
39
95
31
62
25
79
87
54
99
98
83
89
45
16
64
46
78
68
83
31
43
49
53
54
95
36
95
91
63
36
12
37
11
65
87
76
22
96
17
36
28
12
31
22
93
21
13
63
66
88
91
97
52
57
16
76
98
11
98
94
78
72
85
11
58
24
29
72
64
58
46
88
55
66
21
52
83
76
38
13
54
59
43
72
29
87
75
59
73
71
22
62
29
66
13
85
22
94
91
98
57
85
11
89
44
99
59
51
96
23
39
31
76
75
93
29
18
65
81
82
22
75
85
27
45
81
82
78
58
75
55
59
89
11
94
59
39
79
86
27
