99 100
8361693886371766492919844761462519242898951457528921991463794787711186942554511212586956489898826419
1513436161437581169473582888459852437647458125853142359192468267727632625827462172388567826554938325
9278397136669155638659746752572882747173656799644447482839276498488366191815347557863893255427377139
6741124766368385474243978922366939622372584448785588292631737881436845467782431482556773363348155957
1383559472349794995865276263674628594853528465796541719573773718569849845821323515929156589812276678
3282618367449871312154714445165518545396246346666374397969173716518231349556192694734223669925278736
5956785762841372829321326732381274166515691553361193936925587872989514623691295593651362372834251726
4351696353628963289576474272581287696846515896275428276779991289432691476834871341947891753541975959
6744488591251227134849452736113121897451798691716162467841716683575784685689716618219715748997178968
3528948219561278449585681534857144964535665868317738521632891622198128232384236914598458614537156774
7478351281143657948847597849667418477884283986349479768396639424156635474135947762119447461358632589
8893561594791619844659414718131585865168238571793772489249662554278429237919966896785575297841789433
1619267296768474596785231281844734744427554498157888223751198623394362568643348374554692932244829887
2553153785387989451759238559575265545955269658839126573425223512561318146544736715276452535126161695
9714927236245439378856327914743465315324429974953899537448473525362197553414927967582257524863248844
5826563853981363563469389956618645929764827292469324669616316249183465593926187582997997235717937681
4318767431931343434211581396293864986663527778565258276382121145283961733878368136656422854317345144
2643227345511334353842444547582262184296114683417818283711753182885124567459835764383317957768866465
7343614988794316751246637565251245872125315454132247944652155214591246843491934117684825459293452931
1328295591282561492968729916364365428127961444682479314987697336348177487978136194383977789276434743
5764151541496276696232796444329192466271316384984169632652443836472213616418549799287517327756595777
6721354122917247831466254563169431725296987544817853156859642892883316631327117876499531368286928454
3619464717889827864473959813967315895628966371936316718238712655296542258571382843618292149677536238
1141161611156531233979124253551786777449976487226557297619572148241653529165953821224627448397288154
6926839967966817196792698259745695257387111386194624923993886534436662555726497291462825727258992752
1739887221377972611796958269686272863327788197833683551746846311978465766534756525556695998245567648
5552389596234297221312595485271612469635843446672915379894526965935687594379563222894929683662839286
5455173765679823936535525445317521789287111523975955991222356562184943371922769762352565365189863411
3357284387372659794424995648236734887776261358272597571753891162199533972266312114268465871149382626
7217214114857469375215535989553189128789774111159688787824818252372991249821765865973621324529353151
6515975678718866364662487433547616798649424545316671472827421353124996638251294568375762352811749638
5962718164423499746889285143952192463599283621619216286893611213315795169323896845343272586163788469
8477821994456723685927116258729546743372841875145695858346296584156767961345913234221583158796483234
2825735347764873385924318488895793399616969714264879345387396578792554227897238385843377416447138679
5243794263169279318263679344114621187146382857842433429146685479196311779388815755565984381297582573
8526115128618598833969979919162719863728928394537458744188491668919165396946233348649495511198564989
6631787512631539958496386464625558455654491178157762513379732518192425821142817184374629158618133849
3296934387126456344376564867951295181742737364182587361126264624695326611388261434947982598639824788
5868689552229375689171349652111876874495781783932844237719659596753719489473597241126149618783941793
6316822665891442437968585122822654284357516295425748166563552194218463273169995165615432395969711614
6668789787325942149296651431591679633341854521489625672659787219179338791447399738549449987554676666
7323721799672647877655974779773151539889396325378146676451253876457773299548763739886187825644124333
6713531966941867469717368176388849317715177617359445432248244212679758499196783148176911532764127237
8961951892991966547878715514472755612553446291374287325668275493995512551727658264257326818779461694
2848444496514472517797149199679781748655947768132349918732715271395835957994486291929128977288119121
6487624198962535758473572834775776868888251151711687383588163475637256137343146433461943642549936236
7941888525422964227749981332538986153376919236678322122266698218481769153248793119525438182275579697
7225241424991618796738976368254571281513287161393172126614588323489548524163538199513123626165198436
6249743821572818836652213736739864368457821362389739398584431569628663997375411655118699881969433427
5468998227891272766991153644612481142612745346888497693792499127755485527668792428489972125916771149
7744682944335455795919218895231111697816481615263711811191514856931794448331953587796895869712952872
9622766432543451929226819373891279486679544929339749614433359796742977373472138518697946966541931616
3935585518984531928175887229829954763244793579791536447556191871541822437143929623239454821712849864
2566867888543721864416491434814311948477439663384774194141277931141996296428926338483247225278426351
4857138483612543334894179258297124926994847152467941324757933521577873793618377863388537192889852272
8929944581359869182957582189473882941711381574965699416257893487836155566669722372983274943271255587
5567483312453899853273572474337133744815741849648212325298558193279275535856333748964398444778266587
3517846833862423477653322533643234353797119742643397538387553895614862432249278863517454593869545295
4697729922744887634741649834259416326278629737832838235683229183629296232623896874589242167355644747
7664735146655993791534648111422769425824244288138934442231289612154647251159329158767829185265222275
3378635723724425928254842286455598168164966193391585664916377191396239459861678577313626415448134994
2556499161963626924916437455842995245576767827184882716234276239622332858748533129912715249915268468
8314296948826342487762834329653324229434139541215561524299342871715321831899177913868296254459231987
3282678716983818275582131564152723387538839322698918746516871164159589923913764472822315916342157488
1332287365786125189733133521595586291855652898177818932741711471659527965439456617319584974179837353
2223934328131672642484425912877197419843777389235969365367456969519257394554667664756493241718678953
1992318166494747194878463768435543929627281917358344739649632348823664756892771496423861359197667589
5578638763685324989393369883434481199184196844796739868936961195398574386599775245237797425355331886
4491314879213755871563129872425688391563431159532596731738136748739961453289656115124692286146487773
9928131613896632518681326483838878493461434268912471926671572629316161719572918812118353152558144495
8777654277634729581244239246224328922654178338322939765527633412965326719215391917122925497125832744
8942218671823518282245194269522819864915472682594594213862937574926259246162383796486435391421828226
6612279137949219839715774911129454145965145195126988674538383589648432386216938287888557854524994312
8456867679839567923876648814325957817926463799343491442167568861721443978665937192817796546467959553
6896526837781537332256833386515333839247111323357632529837851528243632851983798347987251832278614248
2699126339552947374795291615546185478654528676988988941217211697345326724765321757651484625783396816
1448861234777575683576394798655591186698855385738363657612568964341917832429752179669728649136452188
6379442454951557517731148376971296172983929178631723189553454513379542746798716588228129356643715237
2848186326419115991892152694387338478598741196745112512792738424818279733694754781186636235939166634
5187511854387942691797278351895927275142662741522373768941719334332217472644688539225947329774656781
8495499168531627579238919783555191575467669654597986175738218242367177446877152355624467858885592612
4831382718975384488425368348149448967584842319666365845887878645582493342294997132163183924774484641
9887165962247759551161743972624478618984823313343378846934113125814136463552912565155247415369192732
3196424167413459353118627296459182643692591749632436771577629265548283942318378425798617572242319816
9113363546512538572446686846441418416127524762487272659865614222664479411172146192166871513259756441
6843226865178844534166171572851215224395459132154259683736864219281219324347811855632616878831888861
1389468325456958183645338998767314833152176543543417846998937332533718596723956214158221178198739467
7735844485911883854275974621524451815322741278525451429717139228925854927989756556427416655285199566
2318895735985298259523461547911466233532768158236614417979966675162368561517174396478693966149465272
7685491196933331583896913812258896623471519464288935428375249311431533198949736166541486755881922227
1785743875912856553727497113627574484182591211111766288794428955614851794156266534155425854557442837
4248146122512854682262483676482883981692765643365599229411453491842566396938433388867879236384724217
8916698599942241356388367139385572824168421575315512148117478763563189118593721446361265522426957448
8233775828782846365837393111348689947265136292263778886322651368236677287261511552111359692581523478
3436591667364167947578119126834144948493216272675412858975862679635459339452371878921377866413999684
6854911935859193833463732969143412565364322165384526349727762466554222917264697821725378399874561778
9244263999264981415434832456993113989862214518173274148352217495471921181842214433527139639829978999
2873276217553948311173199631692537116196343959127286578324412727182766551886971572648551382732641854
4999936714142939825472255554476711519966524195652995129371788233939496967783327828891588626849797221
