99 100
3288245496418383874385945877443262744818975693418266581146994963658442551581982252762836373817272999
5537529577191952755228686943232731336413166522453764448491499121838288375884767992265459598625964638
8474544424921373273479653548817875739915797529928891722964233295492752247669891556348976468884746385
8281656422981879469989197317332624777459434643465414249398674455428597955585178362163833455944751747
9928421536898528923165862513886322185494176157952264785895132149999732621627316565229979915388315157
2146129591967522613884977648193135389794926195853499664468146235171278582257148318564286891768357939
9682375491442893193433548384491944717198154665388941393763134799546238743683781989455287251198966762
6554567373736562694192952189982874193675681382236481157428514821918686758462368983669257356898343559
3775219455776898492146965815834111634799232292139273794126861877526272375548371136595193283795492527
9329168649744114469557331487657545456574169418911352147234614885398547981426843471489629745529186879
8682279889693217964855196896747163356259975591229643961581977376434961542337725818916699715738484281
8445195675559177339111219345493217743665597957878299774824666128774242717212298681729466518963191983
5416465969222282176279452443585465239992392299219496912447526895115131357186348817378133419953432547
5112295235645532276952179711978843436271128663342968621872582929541786669997386519715128413456184216
7198511478184937648639181662735323362717328697987411994238892353919395153449256993874853674132974842
4735528979893776852533896619258943914955554584878821763959854171145377696521166255534486681291633941
3428654182858647887215693525925646259246249684876824664159235128383863623598673479789333373563787831
3437868413959445218181257344476212724228589786547756944692384299588213752668785484934444941757967599
7851698993529622276556513286581474651986828216513535546989689648719563637935587177592275661152271838
8489896528987394958588715956542286592328622983828835836319633686148913167638617167885679832823915494
7246283363287765736135693357375634932884863486236986256434436583999389115791785478847367877742158165
3174495826513463959636246444898172671942564339298749521674929974977481447271565431918756565168497152
9585143938293789489493454892444898674612377211768851523372244151181822822631611466117935589164352615
8644343466954866683162893464656923791693249518461472757928762545476137782784137585192968298313262816
5397745672869799442641233392568556587761291792392894626837296167733795299768584282354713139131817423
9575194771927481292619113713554445699595139296571589813364932561885727586922733619722281945436658169
7873629959418274141779944184184636611576346947456134998852423757756982112258956668546923537723122923
3387112553718216363787337728167186464548914852444914192787498164562941914227639225542471995452913227
3195619127831144553125688929358566199984187516979776516736736397184376469212239217669163694941949895
3588412857839232297884928464154538973686794454158766636622974483121574196134575213167321559994242967
7599849576681298376349773169771817319648876865146674958564215534666489969675915644171815483853519725
9411356452462353995316381654433924524654119621473714773485392682379148664291724654642592495468699311
1321779553326332749782471958972642821771784247481481218429899534377599943247438894998687814433269844
3168854235127297371368494828463892828489524986678446382696743165173686556761774212372693853668388528
1546357431416568254428471363969871697398969219562476639744758784383767476716962586765621949173353959
6443513358299536541651545451787986429591947891894573821522417228783889517954373222872799943333527386
5559184774574765777836486261751558881245311934523531364346276744372842724188331768232479828216322624
2418363462967147939827941326511673597945988761613889336197396416533939584479535915725226375998391777
2871434641931682467946268594163766146839292885855827353963714971456946751848745842117975415231749162
5987635195119525254218378273575376974918653811938453327545268153797428921552226431875548887419948661
8535535674632947789893899474989855973437231865611796384652316813472211877871865938949344767271946285
9532541889849727969978987246483264719564429629921135177367781939746344987216272668337783657416258897
6254211172977113731236225931588675198827746957163538844796911759527329416551814317876747566683597768
6281345323487295769681295363453516249984333684241889712749842618546887366152216766362779798711261917
8163615271981128277253349962522425914494412144752513362238389892169217937453514926458113314741178274
7617648431482857298268731332847499762136327556199242249622378983272316173646788834615532467291288747
9422146249681368386615612937668988554921286965245211996956357819847791819178546329847151869811985763
4549137985921441597737296719579852295497475753848215118639331187255761328113542656593323615187917516
6791834183256961934651131668664694676915895372615591638164245586251666982235782755696247463175488467
8655485168228332661631728624486236125136742161822511265823891633335148276166411363862269743885642497
2521347862769213535385331274951558867624486278997454231837945861688463871948179429865737697792458856
4787555554425448251775445568167315313835852593917786297431279589528611393894126896973617445693879858
3596724618871874925336488277346625627625835446663266454792771772469127826844728823127785431552159399
9984285135843482665923248171113519959562515142344476599864712696484371322542671421681624749968566267
1142328393723414786581998181618722799918445648193138439823859791854985699667572279519288654163885785
1389184586858947442469679388633524798224696442321313827537667197517766941918953738748986453455673226
4114288377316356389768154651634917264468974829929764329662958724888745414142487958942699514234211551
3353518554591848737541468932221751544995942527896346746611791638318128153716872717739722466526241343
1355854438457433216241663992219975889635424144542881893968497561578786181384857294274692811819479265
1262967466134389151821568983368577589814745457131394378487565397144569786726198884671315518686783934
9137596513226317614898455925763395926639551157135715229911951638165678215535955283278376316526514299
5417349861882217912377541682199675887255139272981536985729966842616663246833661829825454279693651255
5566147947464339389675965774291264216814521791996479138574649941568541649791592769189443218684742874
5949259827387768763638248293157776676388451883921668233167717143845484118147476158884859378826495288
8847759767261571752567613888729679886558263314455269754627458971974688455253197551989688659229676244
7346841568539815111966624351274799787663696748576519941888988183926436653148748765671387425446355514
1581924995248749448454848817941529295732895577616799396445656329529735435764517276365322893334921557
3686833547224392826819266849152459995223352418257214445434493289422355948217344486227566633898758716
6568581191858138863535274713466341526395775269284569915888462329131939535335751845846913386449777392
3186527525926422459453112184528489418122424592883373457636977767441964324179861426314599662212717429
8484463212165789972529953276912998168927577483482544265311211589458972857841279879538381318128284951
8977227121815873357933413718873949244399677159876994739351388525465381629828222995648583452178758521
5296461389979258958261147916665471591478466575895483633959697244952659594277986232144182527837186991
8113226361994119949988695434827899314842442864229144654857418855647192161474316781116919566178443382
1651373623167525639135778563973472344861782741834819463275421772894664982838916947211839174499117185
1491992217832411348393442799374968871222655735789924452243233616636527576475527182721867267651166294
4159684813127327122883315815778275819424421723432927184226347243591787278297614391675511197273848641
6582596132457936278998373793424575689418418917133559123362775575894498149282555854795321599822131943
9845336514986148256162388622657594349767789495978434851693275474916688753276659884743321465444158973
1185583691329611452463589489874534431372542862766441917533737328375688778471345662875339376358517597
7913162356267782265481537779368398299894762482615549696348627926217433892591623927495348888199276123
3725482776972712692673252524218924418795989335864681365739772438376531883751571552468261514741482699
2468841682493721532488359258937891753818954669447231155782861196751214885286285617641221775427933842
7677257237578423977784862561147292526719484339237376436171972267415821156189952915355253421551679257
2436475649432885756957254889333466982853997838692386156231285143144714132532162357459582735365798264
2643814799724988968511336816191684385483718992424126917769137637753847129993328733797916843759875856
6152528734791222647634165197566211877818226599122646991769312439863739251527742259948619123527362663
1326174766594221836364133534764645228395263257588341198916458788278879243584328851942842977797366181
4595844269362837571116637765929231493459237129738555464613112612548381282383512228598181993372142767
8521326263382513649118431419362796457477651119935835991754442544475554558481869743237779923194324333
2487927484761691295687112283889553775169178297673712472333469624299993794522834397459698998653444678
3149888669242386592434152458844755684521745322673623766868251643291477757458553154431761138743966557
6911324243115625166938363942854618686342488611229651577855866574181239132385848599632884673797712222
4154627767757911535772538875947885795975614859871711819177149556715959664886916744939538419678229574
8938173339457377826343957473961868977933838547375585868742853728665894536591259282618216439196165188
9165372717765672461356533397511892716519775163575433176561697714183552544436492126795143927873583595
4648689159974681234362342443356424756745122549456815466667426185188986488436694936115346777463846294
2612913756243429725812151358476586957842774877517155352826892312372387734616351238753164694573921558
1944259815558869934879534563886232864137632485333767674987898577654852726267894612858928621377295565
