100 99
468553577335465111944246591421675258619515486251725738872768758324381329487994947992423973571498798
983638256816675458151639957311478169229132875634114719828889778319924588224384692968111582369518456
934489295339686751875153876864153949725242973423659336666979643779484673876152694718788592975987536
326674114545318656397413389757265859491383359966288593794316161172465889819963132435564666278381388
428976911866913115992528591318461276919445438991235833184396366664374841864415318846614872453758864
678642765758998788336578384435152856495851992443617466382872991371456248872217932148943761461499656
886441717966832539362726645716314589928641597283481849517194362314815145976761355628771372444823553
345242421511658264945692581285525712685373279113394657626448592783174799374866715895289199651592692
777165529862932951768438615146276198742882226212669285239385129718947227423195768167497945289113713
923542253157451567666247421691317726327966177783573298331174584316968495854847115255258322729916119
268358944132885113444944341458465722946826229298163219862529239795325676253321914451286489735133585
733718322157288775277618437939576396973583575238383883497177912785156195328515588985261256476875749
769755666225416418226993319843246895583333146618867258173469196131678535892391769922953425678283125
646442996675143612732111665322735363576325659613236544299154834236449542166165253693766375222149982
855193965788116283525179813224881158482597675645151199595214529661893811337262879433755923449689982
875272478358832489946119557982941546237961683297176589778268672548324689855798869729499177318581689
388884278552264819817766225696178313933529768296451321657454671661228779658542518513931122818359828
313427147742614864171145995163292753673844394739523351893722357956677766518134389265325893654852286
112152646521422628362225641327416621719135857719132689256546585843495381868798434663225848195356268
863714455325465975719388432428441887269371889545971816897611778545892294643522842498266983313759488
583496827467534325644823749734527231393196611489132697267671152836594546387934378545958522793329934
494789562384445694684377197686572659926527718592653845667412178324523417737298236667113726466268115
174116166658717557927534388763386621452222184966631166265975383468857242858213563568152561345565483
384565441144339993322997995844675283468523798336267597126743287249429656771273942853464963663219934
161121519583578681169662364274762882499684616385653313957737785474516789483586475566332624744927351
462546468234351938135756229668855512746354447238155115387649673538469187952949547821354952537771434
154555858949358863127223384357693298493632473612112592951585822479782659489981231641693557924989857
515426516353597278394758156243318393342792771776712358914878945651941121375986324326367139848678778
547934956139762932772935788252644394747436871486514578366665135878362277737247966257953456654489796
875116819985443222772963211877973727228748695221468279388317691563536562541768569148711382349819941
718194847648593243329864111881922947954749843117561565393912794552285483195483574597287417817178728
849361145721849789171236678897423495945233629591668692287686815232122681747936783897371193293278174
572999962292185113426122453188363729478228784473989965613398965252786933174431386121517995814335979
996884543795368349828785121514179787798332276448247184195534259613489141387995856534329633911524185
895524344965396831263752754451446397878353826876869289226523382445138257317321917725263127123524693
663483583149143353293571244978718615237837521873975229511197992194354223396755913889865526862851293
895849977649882815772413715824131748694172146938224979697689795364855691152793384888464877271366363
664152991215213966331781131536936716468141138927657517643351154991234452492393429964653492593469691
282256393619164366463618919345531888786753758318397282767631397145742278137164695768942581613375554
235163469758848615669544823212747598185485111683661692815898974397942535867356528151787938296981675
182474122659653591556118264399719922691287333131823791642255383152927517729568991491341799319444672
282286747288792124579857753357115275546674767641397753216613258454955556347154418328421432856957174
771178787981785926165112133138758814714547489461478846314256951593532327222752773811329629847111839
974959225852455827982388297883638249911531192436852992555964963589987673329855331743897671266695662
496188266546916475343471129495578334297418152817745466898835562197177834124977194938274143247362178
683964631348712517161156354971227574173687755235747885525399533239194748815832287996916934653371323
331448974911586961268379283548893256836993465587879621898679355849323957896731252762855623197777611
338568353616335644369139661625696745399249387249516922996193266293126837553368812916727221797797594
716369863114293314839792395811231629975741829595876213968872623113422858746379776784766837824783528
717966446595499254366972516475642665365876541998235531458353366716571253638898213141118614158484223
231935761468318784457878849451679856216673487346345695948741677385893833312878324962492289628516587
579682954852293697761716734878342526739552673682387547682552813735862851426417597698788181948816875
945198815147729687229855939615961118385173621984699797846347666735799197479616482844195551964915878
863123321871699262773255336818137622266933631424698926968318766953652744836752231161659636549592328
885547621745889326895141516758715267553448635141579253984133761189886695243489575381858175261181643
579622479981953662173448819781567456716939954781672491467591264796457683287943889598283385471518318
155259124267876159217651273462421516629763865893625311837665688366243969232754455191637819399837431
274354815184329237187112366226598946738948533922116365383989361849412673464593698514998294553664365
335169351682967744725148126927234581242861917775711732698846455378817459569271849236211982523314733
242734516679578978357161487974543799646167438283473648837658273153756655588527688578487229218468347
321464592586415598259239128518154984338575462832175562938346251741769324623821949743884824359272412
942474162528586377968659494145814682859882556884412243734878183522941489495692838956943652516725583
326475649288853164893517427479346597729346531827295838884196854854481228359459567655341865562487736
959292358419443941614196366194497112945798421869738187525173912858312799523597183211139269235354717
434438845738949696935248887982322879241895277269274112968748131485112232841236248897753635797133897
214324375234291731995962168538922154114592659311766542841197525915512973414225775981193888481432328
748136175961735373272889852999955348298368694159929571766413876874659471822831984129713284282656882
115437879981114812618766897261728181625543229142477653996299563217488855779222458235729746787726689
233434543435237294544268634877977864573586634136947453557471751249986615688851767527548467856591943
851822742594532182381565589219455476324896849435568911784657916432887111757311925347569411123759536
939942771624439386832177571622127493126851698615177593741621978444476774359237559847822163374824852
381977222217746758318158259979983617282563831215815582793349884982862517561654863897255426248983935
445985336885861493492217143844346499674866236686838653244766876223178921964943843658129154265293162
744884437988389936269687986291329235792555831136431265461547288866428562188932636413865697735939317
512361328757686972359914124475973832588148349219141782765119951877749231486846878614317436867962948
791469115678437729493859885821392491373965743187825936281649275243966426897145172851229335686245297
289695811743331414337797224495899612666459614536811446353337475945514353668723752974322497775682568
893827599157633775795916578839289851511868949618918879719916164663432747259314263771477722476987263
237279538914355769346216222242975825329529279327351316192748581869914359856558129142252578643764587
368197362799976917335785748852166516977953423723532928418789566522756866356194462974245945997812632
897947125472228814697462723766125815141179716423493855545339585629651552547229929838681246164348593
819477394784569994714978878641256825461313268873298578762166854497826831917853899526356297812733781
262458197756764319526291826522616845951269397871561166575712767761257434289246591361344173459684784
389773717566291737192162778841987765757775315423271589369524255537819889298577213236553242253653687
839599474856563859648776113398421568761776239698629397259876599985259287578858336852922639729684211
441422512876332276529495463985721792578763585155142388951642173687285535799359671652757287878599759
865885495424485582647628232845599663288996369223563338514888759479962547527121917224457552266771243
682883292742628129596953991769467688587281363554448735424161637724921329244789773668632992892693944
568172637417473557887138285535178157623758424693237849587465249112889781535816655657339821546484137
525774554523787194534143169184125181354626281424635961695595272438294229787988574158848531877888412
134543755812295281923872253491127923457154235584941591316958845375533696654225368258827636382725519
674682392851628148526618667772684369952897876999844113668853817433278112581331593921572235195845951
527665177776349817844861575991659487941625542254383981525387534886533428681714921567295673291828595
261475941427544111181614889153892254484222783822232345777221726341531687987253731665971941545659845
264921371719316261839963789258955694749193234149449829752335915645771212197722423583853696326626998
966494997356564983294982656764852665573383151483555612679745347757827612268383636841273491559623596
989394469754384841276484831489241652177229339929582379111844121437627798455335978729831195694614463
273369713192453111949613556774686592712219121695191889733536159253453869289849251918218397849437171
829974588917783553626779634123182816587837538278489268981415643467926199779557796346747677931611428
919379543122587739268184954694293277759256613345351121571313591835643889154758643443761711961593969
