100 99
864367337885278748272392112121344965369447511731184877943147821818286967289686139633216864367373453
877887585874265175992941858998297558718788319159129131323719626325584585629393692267861194141431716
169745486677981139421726796655998944158178721683939781945619699176987175177566566857661191248445954
171419143221725521291999931146425414212486137123245585613144842148939262643888193269625875838616979
467953325532558218312637646383868417415721788184644445213931189566193289256228774881266266338113489
628339674298676619473875875143946249367296891278932263423587786977445125461897434584747696734921948
571693746539856885529918251924559841591262239188755182482876637254498972993764895437564598447853469
295112948947698529132531696862539785196147242496511143761654528648299619149524545664626517873126566
462359522947492854772114884343783736963479593559783891766813886844547416458577593226422723575384162
211865615132553196684959629152221622798127967173522668775266331395696721827895595573315964818278274
761951948785488638835294616699649796572614621546225185921427872511663594865191327997158252554719814
766526935966749373245144392411597861181455755543449792715251445189886149484654849562527773672599231
469462967231645978982798331754235437352895988457238683752935768395497234778542785799887661147411437
459769921376513354346955471785422357947831683536544393756677453653674564632744845988196561714238222
566446961765778168957726758213748437324291662157447186458494591772998792793816787972215968677927725
885221244135385241341666198933268558198971497336724418542341529848171575678983867551275987856452989
376739767436592394919962669444527343473493692998772467949323834898383649873542714299854667952168398
536585734892133331245267123591641653533596184878577786375157555183521263349278553814414382967391471
352284179959653767937829181688155131756298175335291522948696816395188599991655373699298163965978933
449549626726347451531613152159413167764587498193289236926128798927141399817792164591254992194469698
128721854478958136395845574415153729424393592353536269683734764994859466793767753651972213357162221
536454664843531677821319432658572365689435333599695414294833236893456118455679175934853631247754496
538963978935445818448288331994519789683973398698546843116367225382695531899359692382755778338399987
539649634869865896531752587219381696799987335294589528468865547253655443319363959683475752927416211
311345285724344711693155646311762725847482252898613455453411738149752229613556323137375114943179866
785855427732641723876116458261112139624419257325691977961675826813764179436578558692313155747482188
487655389716199832837577658643423251633758998151746818858221724673229266215414359653691848785329455
599764312695651424849971837882952272254949164361973642349379517562135117169991274432871961996124891
537525451599713598254289163435714552573961737433965962133713422492292359945219224618836493414263281
211555491619167765181289323297853631571211472784796666253831468435437552384234937138216961149558568
775866645839157989925549745446629824743176236828648819629689583978389423893912144212353649789147356
627893627425325827418335851826571784669113523747296734844256633947798232192539418867651477562533818
157897386871533641262215581715439617862862295536215791972982638315854537932299132887353579193728259
768967416274527117936549317383795872162621513721182298927322297468376148643324869431473764345476473
968967239685895574259365437196431251418324535313859164714437921148274314328994178932131154519354735
963445143772118565249862697221974388189887749469517421337252578821562739199789254231853597387356767
774654688668523287923816673173987696842117873228597151271699971886781619755437813446185293632645196
782986682558294735255562567595795278819773861966917223553325897526885939453321344994366422724825524
595678473416417356359351398268229719538621794891129714834885666687754174385188156462876818767539619
746211382635316433361579744513321292414753796886871619338877513648142297633229626315713294252688347
239324362659458725173725165452152998996262889842845717562866349582992212987127333238976556721624658
978179768944956353276812757487867154647229451661583931382682976553482694436881547996269373845523185
715272286492162686427281173784935386749577843148999954639834164984772447269471987322215657219317795
662278929518952578454184823411328881898684249299514151533312899653335228537431699652821978889133943
317368449929724572689556483459557243671462238184142345885917688667368786553684358227657965823782496
174816712824147986171269585949266517139694318717244227792361336442655233666754967336922273681633328
244819483718947861894345786668916949442329732681122441149328796538479145717935579738347732986161842
516922959957886667884541592828526513236795534194851917433923544954729958235691588863222364441257284
799825719383985776737692469412211788833758258621842338135197647727619794996312195725285541849431491
832968563553955259831813593444111551526641125693623642645716648119128691938243151156744895799925693
766929976624184145343166338178885678652392187948275542651654796192627618434753949326926383729237971
272515172218343249969342596996734682686289668148266414271174121988485466989145714767735722224558649
772812125988795635814762832879894447714735336634324894566653561571359229848771626159764791679779956
688387887228868165419397654922185521189193338925819773257576953758513591488647227369993362489772594
379642291578451526144524557466428768241314218465439651944561653531484796492976418448992357512861382
984286289987753799721248111333476851437145619413979865741591623782545317863929911439279118919614563
778276743712588635433894474396716831632879384541415817292126284672542352789756533873744638785481213
889239433178334187168737872281494251943576573147127818864569231115644926911487594259327816632191125
593193196512641568459913949695797716976833259866171392667451929638934574174959424392892122927455846
999234218792672651571456839768533354651779383795493271642974676585976675369373948444765576422447456
713548694853335699386839918171289651727336124428693681199143447663514866637123589739661655529366214
565925691695142877936322689189299148342556997429135512877484665131383442175116732164918978123421925
119147293744298749395918698723141518921584535938189171868874496922271362357417893964467824466248293
425183415342781587777851832457124721485717861573383196514679843234664896143447945525699993131579281
319494855912569546675355918736852783544865349751534142677673551525773395879526857979158481479739498
178115781437973899622229948433983225961728778177113385576495416861975741165754858449575843995123627
762452698932971833866422884671417626568422374255387161995541954845118393565875934294551847746977845
672194487742258681219446398475873948384434897437861457215813688595639365729562455194974595767783568
463475324986582717349848814749824552335943269245487246393559485798233637466513963851586431767996398
943572238488256558348691674146929227377122935454357136495712885842317421225913288526819597791674392
181139596723868671922726266712286119862256668411433427356485877661323486368377889954462531137519764
687779978841634355148362262894653493959588773959594211961959818421879588595593879778219644953997214
752635666572182862778182115732753452114967648834177912946563677779959489431927979353959826611328655
488896922134683675246838482944762895737877617734579489846711295647331289375545273819131327552914823
228333644685997668988382435644862338136458635418384153277593239162854959715755275489586427765417234
987846296453958781365428628728544479379771895229575695386953891935283328589423759989356238638761437
448528544513547768892717328572642868917735774622968578522744924919231133798559665455515591284978878
898514746394425971495328191675898919363585652391466293248226231142813376921879434466421323825514482
523713942472323284739675278534952638259467246384144619835268111125216528231838328716611854246648154
244263559122528243126381922288862697522193874125864615218818981871285952774439362958864529429448243
657669155977281445316853589797266798616251386817166472452942893222224727386372179336848823731994535
172168446253377668319496526368614796821771437173194898492227156378758221331663741364225293111479658
983267474328296851247416272672993446895644262295474826781961199792328594681841291787956639268258368
595293671579788997547613147967981326211293775327249964296864487448639938494657629685127589726633996
888275668271671974272671145698825558736397588121546562795854624123896732558116295391814942528465736
324383824572911822221978444856552692415815169338229831664987121448724686364666769271951778793891315
766281876966239636663326561478786866812981367787348565332915254999844226531328859194743325766381226
954171289973837823434816295824488277329811445424415624946865162525966221637736142394332257425637668
257448234377258963289269887978782949511368817929241425839447393159538688561848815765431282417948935
341717912569459484964635875468711795263187362286545149929426165188468742196334836942664837743158545
482785862964213243236671442298563522638549757423678295291565725226247843781463144477265842393367966
918986418243689513596442151479393168223952412793718475522422462418741748362227994415989499234369432
964814386318941142934858622335884173137892787717999463734678638541775518336859468537286142397723722
943278555746289195991275246366428233228247883397439233152634836923869576185539391533267452623245464
448587823691499174439731695283691842159817442385863588187588446877483783672924651823211525822732963
977119838744292787166163975541532923131148157328653483436246693649951492812974216897759277338622653
769565325743313313596829396374985898571263526896926153891176691214664123319232554414662488126532414
665121284528899998379518232561867187244328815154237125394955176646527638138391199289877712743648927
423344968855648517368267221754225254942543412462178895968329984228222725917469266381388551847558854
969557214139733879953672928158254586392325593141763641277525384959857145184734426492647551519999353
