100 100
8748855556874187599166437266356222113414278266278774976454253471789895439747611464895155659281723573
7992194156559674641946516344382167461268332578751512567199177629883646614428585366529716987488218384
6894568476635972516641493535579991245652687151144752999132743327825111572315486916924597783675496421
4448727521357493354441747474371989859812525961947872183334979158949234946248478633642938992511612253
5283944971713513292517853395333825458322417719444526819512582865734388545236312246837378846894861817
5754747618734752951132423699271731649193428766861785368594595861136313197755489893674789396553541238
1915542475455229866996432885239173393938716349732327243818769271198643482455345439275619127522344952
6182836429197642634223278289551121667723875292295497179779752342655914659681125423581136733582528276
5227326884295533726544779585268868593498748266372535848612425252319194253831331946135273533215149373
5739171939292618956531915738461663185222583482843868259814471319287183432345628114425958894353957983
8364624417326347381414112241995795223858537142786169813994512793311114315835521329632615916352812174
9518291884628852918337465985318795787893347787925654392243828647888375538369464242691243599972923195
9976558137494793796492325683164756566739269516418396379897425636595388157895317945212184662961594334
8411163582961879441599756448366759596966981745133254835818798584341897737868742872551442165494263732
9423865413819911425284585866279715364912844191761554129715751892428967974125547123946811194176854395
7534979722845643768963568267258716171955998666953485754848826371316899889572659984472594331395954779
7768417972225659841999131794389179281917237919415925558561248546213296472958212931521321732469548122
5145118185468882364868614285938787246478398547846412355738351189151475147823554634448942695288899285
3368258393262351589189169139144657718337752536963535353737994213992688429763944442534318545776628477
8612968872534823795889772978636125211194164494369417533848747378275742132772159281281429591761873393
2225562277972149257689978722136594438639677296473726954217642187994877285878435718381141538633121662
3377526583391441552298634843115948972174371762164238719915882745125751977284431238541446832718282272
2989474188955194677186644982799634143151366114965775791497479896886894435514821564477356662788539972
1468688963128192817157745518741556337535176592624253616518251583792381773266884311349164888559468434
7398897737314815495975771912962872756532478846564794554461428831821211661251731917469723491389382874
8639284249519322241543847298491533866162259583999774526324357157238147743626279146831381531283325499
7318334261194546973725428755751616794763355943392694457312527351267692536381113727566949251978137283
9586629695484198887448149956132957859468351556891429452393476792223384647875841527234394653454757452
2614626757989621895384732553866121351295298597771856534774537693145269779958356334119596681186881659
5959894981681979583766291591971357138344816459967467264211868942257264899873569983371387258999145125
6465891179281917329155185557613998574714725316552487657733916458667985425886669518331682274521226711
8693493329211578316326982972224931731987641816129147227875755481154779185972793782879121443215121789
7456318674563311253247476614276771128613496219842831379612214865111485948459678155855581128777783349
1862318919519333581326735574287287468444263761387612911661586413694775595966395614748293652714278946
7477611882456447692735989327275898357358267796389848168826679517963237476167655631947749866663758358
6288245141669839843879558889876356877847478135829166771127549882173797157622577765633857219525576132
2575568586437629437337559382489332733912924571982119853896545671929364259427669767241323836989479628
8165615881795866892488462728411878476619494448915915566571943892155718974639935547549491874687759193
5338141585183761613154231329419731467819448943464712243791811676583416541454213375872984627982817158
1641812853223594121235649412471253953877793955914776122144181116288762173553229329384591654775754232
7467842646298214127873384978351916995692322154622195149858836545758471852533463396987878172162378335
7165716973713226384727698736781743826569744627431232956681424438715883846464248331353657375619852819
8556732242426861684487346311662981954138394945939349675436351253722387471253859344515256671531689753
6622673584353221651842423761374178711849745949434356446242124242595576268659483946841837372222919171
5538778394795954678837641798964923642236615724671569681924335414121818799496235876484795477222838582
6369989952957114456825457314122926238242369428414843975381442947862541399682685895498761622295642377
4381217878325346588838933664258759293683861562363746479355422872169558971359655436981637983122876971
8865454999883355271296215324983883744576887566591775976443166164819684795251524943717232869883784552
9712715635684317765969427534477525658759322234359873899165942423431487788832466782362615276228737924
2365829557412248658378816552779481622244781395481191419744987968688828429982322469241661713648668988
4857449383124419376631962892823941827646856162198874675497158785213191417242511983999219724583974396
8378564619288657422764823646827675973447896462416989663142829513578696779939487856119536211483244359
1731594383251192843787611194174746498663174673825188221539913193118922826486712765155624535988418515
7331475652376373469734759687325436622715838224742158572457138579568191838919191453379627278167976411
1397688713725721364536681685587879462739448915656274428961395468696256324144776767153114771938261654
9243963728352937768965215988148154646929899384219277416979752233876315539629928378983633778679583493
8573131475117796137379341222795179731441539245464413237841477926738899133358438842242766198727714325
6895948543999989451977365755433382435548227359982743969698649234467978267231319727751993578158193987
2379811195732721252141448494839291295365365179931775728911995379949981388364215398194661312541241912
1576531222846643816764411594483234687468336975111396493725948631655911342877735432338729598431617362
3776649411424112841935281949272434923522975567924942747731361569933241431461898229692558193925791617
1472868784597626352565237725413287533835717718255691311649921512693129261113296436252782655292681494
9545593697466271874374993394335862754419297847581787298938288372311719737526589618328495645661196382
2548536488851788813548376762396297616231865331467563216498748327274479291157688284394596467693434977
5567738589916859863893824227327141898564168332787584977331786575963478896326327793582738929537816413
7683456598326757212982386753793859261746481497444718553139412699299243122154318668577991193248773564
3585454427917656688718134539321987327245931657771855851499434548218178719569315729357933996415834938
6168755387116468762523478537868885815954546141217469276558428692689638646425189981869873944213647273
7117159119741637974414322753366463184868579674197383384845326361862285222363239331158992229758348142
7912478496714281667168846922834939814399554394174676317474992584216555918731224393677227123949753916
4156979284794566468473313268715391917724995461792367296883527524573379672923414194361287458832487976
1732119919461857353659638351468215575862641176793612663219622748753974211841197677546468148853143755
4775592732521398795551151628566871691397819328725587379542941782875448521233672327629966976165669751
3194848933166521125396161722435548146322945674793248337554916267934437661726993388395186689964368945
8325419957352211994559884535226293442888732424441521438982348874165241682988951689426121425887986719
2769745427593482675241781936164987782723126887254864819981581753129772534316268968527353151849839374
1697874366449867163468876446737791244752134993626568639815137364442297883563487832468847197138926267
1484615227582773979326866554965625916851299542443259415344716986225857528376267895382537483959855228
5429833764785216315941123464595434572569775768388849278476468424882268771159199541936283971628297366
7281791143245273128978755263951532845198619869182729727319441297119679292321146257136614463162785427
2512189663453141729478321874226493381621594921157514653544864674726648297596651254693113879328377983
1837935935635632886299476246833838541538398787385244398796893185669451868673442161447353152121329684
9858227545869945957924727379642585983412686584415191214749475431353293116512381729758263881318135677
6559197562271449737589669527561789188937869437299116664221152355431612547825797784346938372787926696
3913719475433549819889394417356241981918431223131678448134154419828921359593911596115529443214987732
3845293378286766463115899537497712276276688253733899452169711146585427457843218629341125687667752573
9298362543435913848747342881869892169313286259424774677585525271399279266823652491467683215134254239
5983234633957968634765818595799217931853483491846696569726339414745657819344555541721593782151761681
4722426286772515489356882878356914126751836445747234774516374156945526351236567783641712453365582691
7472518299371487384444892656227362925144238837994436387817683529655462146145975831456582846349564839
8675816362529263723671994758251739514719916731538638522999357514674346414392517858725379524379222358
9672992599616966842545967188593543412981469921788865255611286742553867966976666728411858344693467138
1861289529491643185675798619257162487746512535715542641113668583687386256317431776424529599899251954
8449365429442331133176794553147319334318852822778386235778178459825247197963337854548565476779253585
1419115177347895754942528881794171963662726236422785614263539623243159523856113953441569769875325829
6758595918232362658943978851658251594329873327695232527352983635477458234825443878628519293276337978
1775462744859829389565385538576895157616148727553835297943991879666419333976894694786883183966633398
9571115549813316146149236561742346862755251235772453936636797461228782553151346457219577771465454475
3783225775523623969324223719853365547681529465566747273941663669529369361917421652712781592577123437
2223712347271772218744978238658179915864233118399139961593315325765326538732738779132118987567399517
