100 100
3885969269767874162346444427654561647924169441467425571937955152694162718315932411213539567694118532
5327531968372241486486851978553545734934919231369434653487117428858542213971389642489228264155845253
1194319817975111161368314816875134572829488822921551785622389133317592633259838458495631656977835272
2982514271375183445232751362787977579886396656528792286233879623833845574497171467238329496221712643
4878417268413839325297141439695529471555972994695484674589365213124127722973815747142495837837369776
8668846326724867312778535935124628545155637691617415135443787719568751741747469253463789426846229832
1796221169947611648167264797398897411497729558361248975662334619425818521952392865741125486791253927
8955847556786775194245663168963753558567146141755838263465213972132974472164169564364588277981892377
3294647243775654192895287363986558381777577463795448219987175382741587947737749379927969463713326986
5422248395364249589568155733622182438251875671585892771496787628771612235816785572756674748389596183
9238438951777434899475511194542391657569379142775114928196898664133944633587787416538342445134778875
8719814911537219888759168563622526615315716599999147357327864723953292128525187447128973281284525221
9773765475844462776393647347373389315415487296625384193583542993392177822348667527431515636331725839
6971228982574423768197658589389532839882349424481196613299956593429325761396481162579928164734267454
7318998555418929348463553529263258211191743235773658539981325641966672421143282966738916253436539358
5917423487395296178583225311713117655247635444426192468693964276482753114567254963716973786235747648
2288247176813914955498963586162317499993499475737222946473398435768488272927437834914233259964141415
6229389266951133611218317476128648676995335392823389723555386747295665376176988828188134689276142484
9926253716849743581455743362378326187728669889288428499516535243376821168871616512832126695385593275
5189319859374251759715223394313487183532222442451753935262718653871543451833535168278833873897424968
3547247498216624392987738785932162819343388323173197978849929313933591694621675446955312189827785948
9186257743496245721329235714988165487318847111954835584724725974119394293942149334253554643637697483
2485251851463923893676164728776427883244563948744624648511715242763599697123744272741133669274811353
9491255124616378373255163239347197681785148274418774316522481899937191485484535185966456789539592657
1661717396258272881885319954785738986555234353767144253196278764673692736452414192915376793276451437
7188994893244287287281983883718957897781655131638626798496946463166199924294694235953486638472311882
9295653534844724458664744554234696991416343655177933873829821282138586175235582123717997465944774564
7325258498663531625692993178883974519331655475668464552218519253791896823681259885914369237771392159
9476963681149526154665226431184554168978122655138676524812476365167553127392324881162945122344491888
4329198649664766995849684975659638698211346753872845182526583783346731892545318773865447348465828677
8895355873263541445673524631591483775367622385382179698572781648314368811722775544182181763667595996
4446459623895342869681764933711452281892652225394245715327885938127238695754191635638891496252382941
6348255322433964318483751463578377165165814573787226136781492351341767511711958765668284473975925959
6612973283877157933869927914665711442373727696482994916475434516525712474788547174266558643134737889
3361698469895636497649746756634653959199241153361237227566743472858588128574742891232424516597185786
3752155225866426555145518965698537135655814622537649862996416992362152865686727653364351973715144454
9999816828271341792167144188119742728848324286698833997468971431695641178465843752489187297532633487
7477844666692447187145882657475916445858254446343413972252576384157926963128889576229696366516842676
2257675563855227836335557862522677775368895135398279364119812242991638452422944986712319968936926466
5732529855372272743431472479742589256528785555667586339466367934739727534165569541554613691995333894
5829633532511812242579553115651277259968231994613332373358956275244552974826323431484643543289293811
4797667213875318346144957313847896113637516972496231993683558587915965767947682755884898113472952378
2639518294349116756661587316967377249272573354714818737435232449269682546628986552399963126456112453
5592858698759956447559853661852776438339687879251558877732842869783552167487154678219331663259199438
3757949373286482293288872659451833713575534151847499159511326434351685168966388262424644711774891995
8584994764837973192151963691834498937479775379782823565521645621732691351947732346418859413396895858
7666475982459691167254698816338352648531577365796515488219734153572969623639748141362355832167391196
9229894572857672447783485626954264295936279617291494574867822733682546193145689589787446823812187641
9321462796388564918959479421725315987957316249639294541911715118879383732382781841395568215934878178
1256881958281942962167632145293296314138744529554259922329917838813812533878345799177718338597574652
8295711251599262191496985725688384147494862927948926541629975745235319819814237974165916953679375271
7689464751175327262324819487984716349588254459939227696635388313415849853412536233425226133499181999
1997531432683251399534612963552966963687219681252715287925737344433516755787612359959592599247914532
1565153469772681226742585229919699223756128693297847173274659779223475968637356855534284652986426852
7842577627789153838133559922992423844397194841783367229537895991184869947199929515363619387696445648
2493959884812612734438314228338825489439315856156746822499129451911525965617651875458355284459552232
8938487365825282214817954894956843166988313321484921142995377918465915512853598661275117269637756859
2784536194428525722871426723465343976955619425689732276937886122196221444523686123928815443611287943
4783875512854373684817311963787681278672299482411436427382227213459271252439612674339785194145515833
2924263833374535291299257872389182568558728759652666421326273879584473467544625533911835927435198669
3534992849335144522831758327658625836183911968911223793141344177457891646648541856178817731642376718
8473213131795514431862389867564852176915379558217389878981369239248491658297774829758475595154973646
5217894846324324278297439214834662515725198993743691956797683415928541552963115569427491258619112288
4695162458455378446658881985874456915591476782645622716968629856228745244537231815778111369778273278
1577385978449721575637491235141734433744269747216999249357834335374835921558945685626739388616163899
8749224349711461975664689347449254253151792356385368144696449739956526992769989266492586327378451216
7719572256463457926683261433887923458255698758223611916296548974317644948836882676239135953632143956
4119795758662585238294341583487718854673691285298944458115846896728495893128799835859796152695521183
9125387877392899452422323659257661354355724243728459534931512826563696718963318175978753379637779561
1925355418481965115339223624575931779556589683126277789439197685488417899283172858763871773692122973
9267388667755126315324589159957872248353144164729888697646159192152786722618894461266857192985394746
1722518469448777369517693849726249381653466145525156239743583781297665783153975821649667785575624568
2395188549125717914412371295512913196111782713548997838564876347937666778214775957172151659428876497
7761193389237168192818212447224871674989663843184886558387856362854477291532582437584314518534741425
6375267787535242993485778653674494522611418472974748476774926137426238123634629854384281812468832516
1896533399262165781417197679392835824785212986416749336427913262366389986477426218683278892716693776
5778236857659114491179887468356678774967824924389232666469477197993471279336729654515656454261853819
7699392625684712152544396517418994532972647461389273458529697958792869313235931821798382446234185448
7126687817882789611215854171864995513682675167227766689633869829889737198663599337788722822173639518
3577377385286838775694177367369548877631617896743833111896499655928254492117297389246969981631696283
1915492351278756721497542812645795999512115253351422795454277854132345686126727867524645718552441424
3668515947674459514968325816118214482341896743848561723152757274484683314189475142748475232486361232
7183433666126967987456785175919952933975838485665152722572273411213177939731978817544241766822522387
4671941541246119782129818887223819123981823327664196775877524383848241547842886473513579327916331549
1331732412228797597345472315247393355184344881474793396859298284297354486986944793483775161725571555
8765979318732785942619985847668295447464578122958372229118471569658154659575626517852821571482938522
2157462513384266632236524184522489529423392266195672746671455389897786712272843887278631563492336449
3528163578149746616638515459853358897972411534855487549569658134498767115143926249841814698658982694
6442469539813299415631658167699962987288385116644179773731875128926418949592855241317395987517299237
5337848367639785496555629753434255848341264186132433261745325263195484919941643117638821259618662939
9182432475723627485156698444524649395887944673299742729523992283658447754223724662156713573323758991
5938738111846397813351721552616316665895843631112529797978943983342877933341469538128899641216214883
3419956694153267395725839511325661254569939219639485121891252384193456489612458429466333557286959582
4359183395558749444566437821836455682117429231374869257969766661954599477248647296966494221769394595
8918196757431691233316421644881955547352571997927928325991622352389554891155436776487495913117487229
5855361675286896277325233377125341714696366695486145418955328412916781235157449644398149431519615756
9329381493369171753293749534324322523115491415467454659398715169889326587511459117364538237619195412
1811918142353236196752836471566757697541723653615227818887187785413316589541136954214421754816539178
8843154742186418174623592723278241992353682686344119643587779134295225526386453498364759492926229369
2194451481864965761142296795578369842912189792699682535915425765358577795582124894218727581644769834
