99
0 239
0 531
0 976
0 288
0 615
0 262
0 82
0 385
0 534
0 17
0 685
0 706
0 331
0 256
0 929
0 569
0 63
0 318
0 117
0 947
0 549
0 921
0 850
0 346
0 888
0 572
0 352
0 212
0 724
0 283
0 753
0 774
0 659
0 410
0 496
0 165
0 472
0 602
0 574
0 730
0 62
0 162
0 977
0 613
0 64
0 431
0 946
0 342
0 131
0 241
0 465
0 137
0 633
0 196
0 32
0 150
0 665
0 920
0 833
0 266
0 981
0 248
0 665
0 965
0 681
0 558
0 431
0 653
0 568
0 566
0 774
0 135
0 113
0 321
0 183
0 630
0 809
0 574
0 683
0 378
0 766
0 330
0 512
0 88
0 49
0 852
0 972
0 433
0 392
0 363
0 171
0 191
0 325
0 971
0 736
0 548
0 191
0 294
0 871
