100
0 856
0 683
0 868
0 706
0 391
0 373
0 46
0 139
0 379
0 305
0 592
0 776
0 396
0 77
0 883
0 885
0 83
0 850
0 223
0 645
0 692
0 776
0 729
0 104
0 617
0 908
0 618
0 667
0 358
0 800
0 558
0 520
0 11
0 293
0 750
0 396
0 675
0 510
0 322
0 281
0 734
0 707
0 319
0 833
0 467
0 333
0 96
0 913
0 635
0 712
0 542
0 284
0 504
0 552
0 660
0 480
0 511
0 629
0 62
0 837
0 289
0 222
0 994
0 569
0 958
0 886
0 629
0 194
0 84
0 229
0 192
0 164
0 963
0 441
0 70
0 292
0 100
0 919
0 116
0 237
0 394
0 807
0 832
0 827
0 126
0 170
0 265
0 2
0 984
0 547
0 427
0 629
0 732
0 809
0 326
0 842
0 594
0 372
0 659
0 907
