80
280 10
694 10
368 10
461 10
898 10
852 10
708 10
267 10
671 10
210 10
653 10
480 10
179 10
517 10
582 10
322 10
982 10
311 10
754 10
662 10
196 10
745 10
368 10
722 10
279 10
874 10
563 10
820 10
454 10
720 10
73 10
247 10
413 10
566 10
143 10
79 10
638 10
310 10
23 10
458 10
577 10
279 10
15 10
631 10
250 10
498 10
598 10
214 10
695 10
721 10
769 10
291 10
462 10
313 10
514 10
429 10
808 10
619 10
203 10
518 10
295 10
878 10
159 10
739 10
671 10
276 10
30 10
570 10
784 10
861 10
307 10
485 10
554 10
791 10
835 10
149 10
844 10
747 10
316 10
290 10
