100
4 10
15 10
6 10
14 10
10 10
3 10
11 10
8 10
14 10
9 10
16 10
2 10
6 10
4 10
18 10
8 10
6 10
0 10
7 10
12 10
2 10
10 10
5 10
14 10
18 10
14 10
10 10
6 10
18 10
16 10
17 10
19 10
2 10
0 10
0 10
11 10
2 10
20 10
12 10
13 10
9 10
12 10
12 10
12 10
7 10
10 10
12 10
6 10
17 10
7 10
4 10
13 10
12 10
11 10
18 10
17 10
1 10
10 10
6 10
18 10
0 10
1 10
5 10
9 10
2 10
18 10
6 10
9 10
19 10
20 10
11 10
5 10
7 10
0 10
5 10
3 10
18 10
17 10
8 10
16 10
15 10
1 10
0 10
18 10
3 10
14 10
20 10
9 10
7 10
19 10
15 10
15 10
9 10
18 10
4 10
0 10
20 10
19 10
14 10
19 10
