80
369 10
199 10
1000 10
46 10
693 10
119 10
940 10
697 10
378 10
37 10
373 10
58 10
152 10
385 10
27 10
448 10
852 10
529 10
370 10
103 10
255 10
324 10
860 10
547 10
358 10
825 10
930 10
338 10
935 10
483 10
410 10
830 10
95 10
455 10
371 10
137 10
970 10
938 10
689 10
660 10
671 10
667 10
651 10
443 10
667 10
330 10
4 10
389 10
326 10
46 10
794 10
512 10
472 10
847 10
116 10
793 10
201 10
943 10
294 10
227 10
936 10
393 10
189 10
515 10
238 10
18 10
938 10
456 10
860 10
117 10
886 10
916 10
513 10
819 10
691 10
892 10
561 10
541 10
218 10
286 10
