90
931 10
393 10
959 10
813 10
774 10
106 10
606 10
148 10
900 10
720 10
49 10
792 10
297 10
124 10
274 10
534 10
30 10
650 10
512 10
836 10
993 10
58 10
615 10
934 10
931 10
599 10
739 10
284 10
511 10
900 10
363 10
472 10
888 10
381 10
802 10
480 10
760 10
48 10
319 10
702 10
67 10
210 10
571 10
641 10
434 10
528 10
838 10
143 10
543 10
344 10
740 10
183 10
598 10
728 10
391 10
2 10
935 10
437 10
700 10
775 10
42 10
936 10
92 10
327 10
227 10
168 10
875 10
369 10
722 10
302 10
403 10
653 10
924 10
446 10
298 10
131 10
273 10
841 10
599 10
837 10
332 10
760 10
662 10
549 10
291 10
194 10
980 10
67 10
757 10
741 10
