100
63 10
491 10
772 10
890 10
511 10
870 10
166 10
797 10
1 10
231 10
320 10
622 10
21 10
190 10
808 10
929 10
624 10
829 10
651 10
612 10
472 10
191 10
285 10
30 10
388 10
828 10
1000 10
792 10
421 10
630 10
969 10
945 10
723 10
219 10
597 10
33 10
339 10
142 10
304 10
297 10
936 10
147 10
598 10
145 10
438 10
441 10
951 10
278 10
633 10
36 10
535 10
78 10
258 10
44 10
763 10
985 10
592 10
726 10
293 10
189 10
740 10
163 10
149 10
564 10
178 10
924 10
81 10
898 10
643 10
753 10
712 10
187 10
536 10
986 10
797 10
853 10
626 10
196 10
201 10
665 10
679 10
472 10
433 10
512 10
123 10
181 10
941 10
517 10
403 10
209 10
175 10
639 10
607 10
976 10
682 10
64 10
538 10
491 10
988 10
104 10
