100
951 313
708 55
944 454
671 363
760 85
776 245
970 452
742 436
855 76
608 194
817 10
656 308
604 249
729 18
906 86
599 25
665 226
544 380
910 483
746 363
532 4
821 340
819 261
727 141
705 395
797 112
544 166
889 188
863 350
942 123
958 53
528 410
511 292
899 407
865 174
931 32
577 475
722 353
799 414
538 302
521 284
746 131
704 39
868 282
567 404
913 104
976 465
685 197
976 344
861 375
991 173
971 303
694 36
885 40
986 29
698 413
806 98
934 347
949 313
716 382
611 367
906 199
909 399
898 96
724 328
630 212
555 134
911 331
749 158
645 403
995 281
685 382
794 390
890 477
514 309
971 330
848 216
863 219
848 297
788 77
602 166
684 475
652 292
857 380
674 213
719 368
763 95
840 359
910 454
613 416
626 201
836 224
778 470
527 17
595 186
827 399
633 182
663 434
896 296
884 474
