80
143 610
139 803
64 562
354 964
34 817
42 706
324 997
167 655
219 509
419 789
453 641
375 994
55 939
282 928
91 664
266 869
347 628
386 968
137 608
259 532
423 920
490 919
133 664
309 747
410 574
448 545
308 834
93 910
319 799
499 790
107 660
211 636
159 811
429 871
247 960
189 532
344 942
240 717
178 951
312 739
243 744
67 621
438 696
13 821
353 686
169 995
389 520
255 615
350 547
93 772
291 827
123 914
198 911
280 703
164 869
411 674
478 858
81 939
371 708
477 555
454 595
71 721
287 517
219 694
151 806
424 728
147 905
237 630
127 694
275 614
263 849
87 717
484 892
214 664
478 912
357 921
28 963
117 1000
258 618
278 647
