97
253 581
703 647
886 891
843 810
742 909
109 332
275 943
279 757
240 188
313 581
57 924
962 687
678 786
81 348
747 319
47 307
822 223
948 707
632 644
179 517
235 209
907 972
296 687
36 637
731 693
421 340
273 625
370 838
911 395
234 750
134 503
964 440
470 681
904 27
263 825
850 875
772 281
210 146
855 490
13 7
740 10
548 513
850 812
810 984
514 643
921 372
877 188
929 109
378 721
417 580
773 424
826 52
351 547
322 296
31 49
552 137
704 173
963 776
765 272
42 999
946 810
758 841
727 523
630 175
748 615
713 701
333 144
998 486
948 922
123 99
617 748
565 983
423 12
358 147
883 355
477 180
980 363
387 90
934 78
781 348
72 338
912 82
490 964
259 634
284 761
935 330
10 914
632 887
884 742
739 136
884 572
834 494
703 960
526 176
18 699
39 207
430 442
