98
535 175
692 770
50 283
260 895
555 717
523 254
66 901
642 924
910 79
18 404
164 40
214 618
25 700
258 397
345 313
54 402
356 560
983 851
665 80
844 788
90 418
600 824
521 604
733 190
807 443
615 737
826 409
12 342
204 437
669 674
573 48
320 494
485 590
895 284
793 342
726 400
125 160
194 567
195 571
758 758
771 379
672 106
904 848
568 875
49 23
823 695
345 579
260 50
551 373
442 20
284 45
395 77
10 409
382 126
794 350
988 332
531 484
247 171
325 989
840 638
626 227
43 750
565 613
447 550
936 790
439 437
823 882
537 4
805 190
53 777
842 17
898 440
652 103
971 978
432 544
2 279
460 724
869 423
467 818
247 532
661 344
185 14
773 948
110 973
883 2
773 283
82 689
307 33
941 332
490 687
101 684
467 134
436 588
120 105
683 473
251 756
645 252
896 558
