99
809 531
292 281
588 669
289 590
360 285
937 938
619 859
998 81
332 598
342 989
660 148
94 160
381 233
435 836
953 315
442 497
660 897
637 367
310 278
517 440
565 635
681 65
125 140
802 116
883 202
46 134
370 192
656 848
117 107
858 216
391 346
296 555
126 111
878 772
694 479
974 678
852 667
797 234
537 40
749 126
562 127
407 311
720 883
715 775
585 412
97 10
51 589
831 365
343 25
86 453
796 659
717 332
423 644
814 568
168 652
663 154
367 804
920 948
887 332
637 889
696 645
338 421
164 83
257 934
116 965
538 165
72 387
306 912
669 460
984 835
447 287
222 650
254 193
957 808
354 114
909 751
933 473
962 136
373 549
714 342
11 589
220 948
683 932
970 303
482 618
223 484
543 82
983 172
608 302
242 625
939 797
109 536
549 590
716 34
967 246
90 925
860 69
382 646
681 626
