100
637 898
134 926
54 796
257 120
732 859
935 810
880 222
320 822
305 314
395 194
936 540
668 688
986 633
245 776
194 236
432 262
568 234
878 939
728 16
376 514
18 904
275 631
852 585
256 281
662 993
715 443
834 978
584 382
328 834
450 158
6 481
187 69
666 633
2 577
109 607
579 486
772 917
809 686
898 108
49 140
385 877
867 957
409 261
570 743
467 293
479 593
557 514
325 816
227 23
163 871
16 564
777 250
732 513
466 901
669 552
289 269
344 751
144 559
196 291
727 348
553 32
704 251
851 36
16 96
896 931
471 181
894 738
860 826
664 153
92 102
897 323
553 116
15 451
730 970
64 234
713 209
606 942
144 567
5 408
374 389
2 677
206 685
178 685
853 1000
398 622
128 448
477 478
890 350
818 953
144 287
883 586
972 561
778 540
797 283
753 596
892 365
307 733
48 780
46 455
469 835
