100 1133
50 21
60 1
100 95
72 8
56 84
100 28
53 74
33 9
60 99
6 8
51 18
40 95
51 46
36 57
93 65
24 27
68 47
11 90
33 89
80 47
79 13
84 1
53 80
69 51
47 19
60 91
79 59
64 60
15 16
15 2
20 88
62 70
28 29
17 73
33 94
27 66
33 71
27 7
36 97
26 65
17 63
6 51
89 20
32 35
82 34
99 37
93 52
39 54
84 9
100 58
57 15
40 58
10 4
12 35
15 85
79 58
75 70
89 98
84 3
54 89
42 67
69 35
51 31
49 40
26 60
3 10
51 14
82 54
37 73
98 27
68 84
98 78
27 13
54 84
100 38
97 50
27 71
72 92
99 50
41 70
24 2
4 10
42 40
54 76
69 85
25 53
50 38
58 69
73 63
95 65
37 57
45 98
73 43
44 24
39 80
49 83
4 59
95 69
62 34
7 94
2 16
14 99
50 56
63 16
55 36
66 42
8 30
47 25
9 22
21 95
21 29
87 48
81 40
98 40
27 95
25 83
28 23
88 16
30 1
94 42
27 72
39 6
52 11
10 76
34 24
47 86
96 54
43 27
84 24
87 93
18 96
89 64
60 33
47 64
100 5
66 59
12 83
8 57
77 67
30 34
37 13
11 76
69 74
11 66
31 83
89 2
21 23
61 60
69 78
63 80
39 48
19 12
98 86
67 19
31 54
79 88
56 34
32 21
67 97
89 32
52 29
44 6
86 10
39 54
83 86
77 67
27 91
33 83
53 4
43 9
31 80
62 12
49 18
98 57
38 63
3 54
74 75
33 45
49 12
3 61
94 41
52 17
17 81
28 94
50 58
60 82
68 62
98 44
39 53
66 69
10 73
36 26
94 36
51 12
88 42
71 90
79 20
4 66
56 2
93 65
96 18
26 46
42 7
31 11
18 71
71 40
91 41
97 18
26 44
18 9
85 46
9 59
69 66
13 79
92 86
27 38
35 30
10 53
9 59
77 21
95 65
17 38
38 81
32 81
32 80
10 10
63 94
96 75
12 47
40 75
25 82
62 23
8 25
11 28
78 3
69 70
20 52
26 9
24 43
79 66
72 79
38 53
4 38
12 80
48 58
56 97
67 43
42 83
69 14
8 29
74 4
12 6
64 40
27 91
1 17
79 32
59 2
35 83
49 36
2 44
41 76
88 67
9 50
29 25
84 23
67 79
16 84
96 85
54 28
17 1
83 90
85 57
91 93
12 61
24 6
85 43
23 98
85 53
24 8
61 18
9 99
47 81
23 3
37 60
85 12
93 70
3 98
96 90
60 35
75 30
12 19
29 41
19 74
75 21
92 70
82 90
51 27
21 65
28 65
48 26
29 62
62 58
48 37
12 49
35 32
12 6
25 43
31 74
88 6
51 89
70 75
57 97
78 38
76 49
9 99
84 27
59 76
44 34
6 88
61 88
22 97
29 37
88 70
37 59
22 54
55 72
40 19
81 88
63 80
84 20
81 4
74 99
30 17
84 64
25 14
56 3
23 88
4 76
64 5
89 91
73 28
29 95
96 19
98 49
96 85
73 62
45 1
60 67
2 41
52 67
10 55
24 32
22 47
16 90
49 59
98 74
62 54
21 28
90 58
41 78
99 42
76 55
50 56
92 42
3 96
46 60
24 63
97 57
97 54
61 67
47 4
61 37
96 71
1 73
8 44
36 3
36 50
88 12
93 27
69 84
61 67
6 68
51 35
63 49
98 31
72 11
14 72
20 18
35 63
63 41
80 17
77 2
25 61
53 8
9 93
19 77
53 45
54 88
43 10
59 32
52 96
16 71
7 8
73 27
87 11
86 21
61 65
68 69
76 43
63 19
59 86
95 98
18 94
48 67
37 56
52 98
35 12
93 93
77 3
76 56
9 94
47 11
43 29
39 79
20 69
95 34
5 23
80 14
72 18
67 29
48 93
26 8
20 63
55 80
32 69
39 51
72 68
12 1
47 84
80 12
65 94
96 79
21 94
58 97
16 54
71 83
96 66
9 21
58 14
30 21
1 59
8 42
48 93
19 66
76 46
82 69
87 2
26 64
86 22
25 99
12 69
24 16
29 78
74 5
29 67
23 17
66 99
14 40
5 6
75 47
6 76
5 29
83 1
5 92
25 20
82 5
54 35
75 28
68 65
64 88
37 84
17 17
53 91
89 57
28 98
32 22
57 4
14 64
80 12
6 28
92 81
31 53
30 49
3 7
12 39
79 95
43 45
56 96
13 66
61 22
84 97
91 61
33 88
27 62
18 66
76 51
13 86
30 6
90 77
80 93
25 81
11 85
70 64
33 75
75 41
47 49
97 19
27 7
63 40
74 72
81 15
47 25
75 62
83 85
76 45
91 75
96 17
93 42
26 39
47 40
74 38
86 68
35 17
68 57
34 10
75 56
54 15
27 50
90 49
100 84
91 73
42 100
67 22
96 23
51 93
6 89
38 75
34 59
83 69
58 9
63 8
88 29
24 23
49 82
19 48
39 69
3 39
51 9
28 33
88 22
37 50
18 97
3 39
55 32
28 37
50 77
48 37
23 36
39 38
4 94
1 98
43 39
81 21
78 36
42 99
21 77
5 87
87 81
13 15
62 25
78 73
23 93
39 85
7 18
96 100
72 77
32 99
12 39
11 18
61 47
58 73
52 83
34 26
54 31
93 42
66 13
1 3
97 67
35 16
32 32
33 30
66 51
52 15
75 55
3 6
46 1
66 6
40 33
89 9
98 61
14 59
75 80
66 29
36 45
16 75
82 41
76 54
48 97
62 67
55 25
77 17
8 2
88 55
5 57
80 96
71 86
100 29
98 35
52 74
9 45
19 61
38 14
80 14
12 45
21 81
52 11
91 56
71 95
7 62
35 89
81 73
34 34
56 41
37 52
43 35
54 6
90 6
39 5
6 13
29 41
5 35
2 17
83 38
83 46
56 25
79 13
59 70
18 82
16 41
6 9
63 2
37 25
3 91
53 28
45 88
96 68
74 45
38 13
32 19
61 33
1 67
31 47
46 22
43 53
38 48
52 65
77 13
98 20
70 15
97 94
29 29
43 87
13 53
70 69
90 32
24 100
40 5
90 73
91 89
41 83
62 86
16 97
100 47
91 50
21 82
14 19
2 58
20 9
53 13
72 40
82 27
4 73
89 93
1 90
89 24
85 44
78 59
24 64
96 68
46 23
58 88
88 12
72 34
62 74
30 80
84 63
70 58
6 62
6 77
78 70
32 21
65 25
80 60
62 98
29 65
38 31
100 57
47 80
64 62
82 86
8 50
84 84
92 36
68 66
81 92
71 37
52 98
87 33
99 84
61 23
12 69
32 43
39 26
35 71
89 56
50 9
36 100
34 93
16 2
32 73
96 31
51 28
82 55
31 40
39 43
78 95
16 12
30 82
76 78
85 85
67 6
8 8
64 25
9 41
12 67
57 100
6 44
35 94
12 2
11 2
28 85
64 23
21 70
86 64
54 49
100 50
34 71
7 50
35 73
65 81
38 18
80 50
80 61
12 87
93 73
53 80
7 59
6 10
51 28
79 29
45 32
100 19
19 4
60 83
22 28
15 27
81 6
52 75
8 57
83 59
90 19
8 100
55 36
75 44
7 48
33 22
29 29
66 55
1 19
1 48
3 59
98 1
85 72
9 55
89 84
19 59
100 52
16 5
64 56
100 14
16 93
33 94
39 98
8 99
52 22
56 71
48 64
70 14
71 50
63 30
27 63
85 90
28 1
62 4
91 19
39 19
62 16
70 9
61 55
68 17
5 52
16 2
39 49
3 39
53 79
14 53
18 81
35 92
1 8
84 46
94 42
67 99
81 62
12 83
73 70
50 27
90 86
38 80
96 94
82 58
53 83
47 91
51 70
87 2
48 15
72 16
99 100
44 86
98 16
27 5
75 29
72 24
29 74
8 58
41 33
89 9
87 70
17 8
81 90
40 98
91 38
94 93
30 81
34 36
8 5
60 58
37 75
32 32
21 46
64 55
20 52
6 59
69 57
88 57
16 2
71 30
20 79
8 50
9 34
26 78
23 50
42 22
53 16
21 8
95 57
9 75
56 74
9 81
85 55
96 53
88 13
98 9
50 52
80 77
18 73
95 19
47 9
29 25
6 32
23 71
34 84
8 74
62 15
44 37
62 60
26 16
78 15
7 48
1 68
61 88
4 8
73 11
9 44
81 36
40 8
7 81
93 81
19 60
24 4
77 57
44 33
73 78
21 76
93 58
62 99
7 94
7 54
88 71
88 58
39 30
20 95
63 14
71 54
68 6
88 12
79 56
52 24
49 96
97 45
13 30
36 94
11 12
75 68
45 58
52 63
49 19
53 9
21 99
73 86
22 67
77 19
58 35
8 11
51 16
62 33
77 7
31 12
27 24
45 60
31 16
9 16
89 23
67 31
65 18
33 62
6 3
96 73
27 64
2 65
21 60
45 24
39 22
47 93
81 52
68 88
54 49
20 36
83 79
94 76
17 85
10 64
18 83
59 26
21 1
42 83
73 40
73 22
94 65
73 33
13 51
76 39
7 97
32 19
9 50
10 28
55 96
88 14
16 97
4 43
24 9
82 60
83 90
18 52
67 51
67 96
97 89
46 54
24 49
93 1
93 96
64 11
70 25
23 51
91 3
94 75
88 57
80 92
9 16
28 85
64 8
64 55
7 71
9 88
99 80
35 79
2 54
59 61
38 66
48 16
64 80
69 27
70 91
83 15
65 89
68 85
35 16
41 49
46 12
69 36
35 18
83 72
45 30
43 23
35 50
54 19
58 29
78 93
92 29
99 53
62 33
13 24
63 84
75 58
42 20
50 93
85 40
32 88
20 46
37 100
46 41
57 94
92 81
4 43
64 86
41 51
92 17
71 7
61 47
27 35
28 51
12 100
7 60
30 3
77 97
52 92
14 52
58 28
41 48
83 32
70 11
67 28
11 31
71 96
19 65
76 27
55 6
92 67
35 60
65 18
19 80
24 72
23 10
95 30
98 54
91 28
32 98
59 96
100 42
67 50
91 90
43 38
55 24
85 49
49 24
90 71
14 81
9 26
98 31
10 46
21 95
65 84
68 29
5 63
