100 1133
59 29
80 24
55 62
100 30
61 56
71 24
54 27
84 98
25 31
98 25
48 97
30 7
69 93
99 33
98 49
17 10
39 1
61 85
34 40
86 68
99 34
50 81
92 22
11 22
11 53
51 41
96 3
85 81
80 74
87 31
57 31
79 69
93 11
66 78
44 67
100 89
49 25
90 85
41 61
70 26
40 45
99 71
98 29
74 86
23 19
74 59
36 96
57 37
36 17
73 64
87 28
60 97
40 89
21 40
59 71
100 41
12 81
62 79
21 67
89 60
95 39
77 30
45 2
16 8
50 6
32 20
90 50
85 20
16 93
27 80
99 91
89 33
68 51
53 46
82 7
66 94
15 32
84 23
72 23
19 54
77 36
92 57
74 19
79 99
99 74
43 76
45 1
73 94
75 38
30 45
54 53
21 56
61 25
93 100
60 9
82 87
46 14
41 40
42 39
16 51
73 68
25 14
79 43
19 73
29 92
87 30
73 94
69 37
44 71
57 38
31 48
82 54
6 27
42 50
28 12
91 72
14 52
36 80
48 57
70 8
74 99
87 36
96 100
87 15
58 81
82 71
29 36
23 1
68 48
57 60
48 4
72 57
9 32
52 81
23 90
11 23
45 3
90 78
25 87
11 76
46 4
50 45
13 87
7 41
25 90
38 66
34 61
100 27
14 61
43 68
47 60
55 42
14 80
36 34
94 90
36 7
60 100
67 59
10 61
32 16
58 36
11 2
30 65
9 6
20 38
91 78
31 11
95 86
61 58
38 45
83 68
29 38
48 98
83 79
90 69
89 66
15 27
10 3
34 47
23 87
28 37
92 84
11 83
57 63
30 1
38 32
42 62
28 29
23 93
42 84
9 21
36 100
7 93
91 40
52 45
79 85
33 63
64 75
37 55
69 95
81 8
72 68
24 16
65 49
43 48
90 48
22 34
41 31
98 12
30 58
77 40
21 18
73 19
42 41
76 16
10 79
77 23
71 75
88 61
38 3
33 41
37 14
9 30
54 20
60 60
36 55
37 16
91 66
86 76
91 85
37 85
6 99
8 31
25 94
33 97
72 39
55 58
43 3
67 69
57 43
100 74
89 2
88 3
16 26
44 36
80 30
32 66
28 50
69 96
62 45
41 1
63 42
54 88
35 61
32 5
78 67
98 61
92 29
65 77
86 97
13 11
47 35
50 36
44 92
88 93
19 18
33 6
100 25
13 90
78 80
42 63
70 95
98 57
28 24
35 22
68 43
40 9
25 82
31 58
13 76
99 79
57 91
28 99
13 100
27 88
63 88
97 18
78 28
9 35
90 90
57 47
48 87
47 44
71 43
64 24
26 16
79 27
62 81
56 42
66 4
51 40
10 89
24 73
17 58
24 10
72 71
69 65
72 6
50 75
79 32
37 85
71 33
96 52
11 20
84 8
75 33
97 33
57 93
60 33
99 17
59 67
22 48
9 59
26 68
51 44
55 33
85 61
78 99
27 73
18 18
99 99
63 41
29 98
34 9
23 93
39 81
1 12
30 44
31 78
99 27
19 98
82 83
70 30
43 77
52 30
39 13
97 10
61 50
64 7
82 84
28 86
37 1
17 86
64 65
20 61
86 34
5 23
38 53
30 47
74 91
39 32
70 4
24 93
5 79
89 9
80 73
63 51
58 77
36 35
96 87
46 20
3 18
1 97
97 3
69 24
56 93
12 21
87 84
46 24
15 53
64 43
96 25
60 1
65 58
64 33
35 64
79 84
62 85
27 87
59 6
85 1
32 52
32 23
83 28
14 59
48 83
73 81
14 6
28 98
38 7
95 15
20 58
38 95
92 93
63 41
78 17
4 79
54 91
38 42
9 15
28 63
3 56
69 91
79 27
93 4
17 52
80 50
31 76
16 51
76 89
14 7
72 24
45 85
75 90
54 16
22 64
85 75
16 11
83 78
29 72
98 2
7 69
88 20
48 50
100 99
66 65
27 82
80 23
40 79
34 53
97 31
84 44
84 79
27 37
75 56
63 57
40 17
55 6
97 83
36 81
58 32
22 30
90 57
10 19
17 90
99 25
14 70
85 65
93 96
69 92
49 47
10 59
81 11
97 68
1 38
26 67
70 56
1 11
4 20
30 79
65 61
86 56
49 17
68 45
56 37
80 11
50 19
11 17
19 18
13 54
40 54
66 38
96 41
26 84
95 15
29 71
95 75
95 65
38 37
89 35
82 26
34 90
64 86
91 51
81 37
100 8
80 81
53 74
77 34
57 5
45 95
42 35
55 75
11 13
25 4
29 96
5 7
11 89
38 46
21 46
72 68
73 47
59 77
17 21
84 8
99 2
81 23
69 20
2 50
53 62
3 88
86 78
20 13
65 13
17 54
98 88
1 80
96 49
55 33
24 85
13 81
82 96
52 15
71 88
95 86
41 58
63 97
22 27
4 22
54 65
86 26
68 99
1 88
61 56
79 18
21 37
28 47
80 54
9 28
98 69
42 86
52 83
13 29
17 94
86 92
73 29
62 23
65 59
35 4
21 76
56 82
29 17
18 41
13 53
8 16
96 59
79 2
1 81
70 46
93 60
35 47
98 1
4 96
88 38
60 20
43 75
96 11
82 50
18 96
87 31
25 33
25 44
10 15
32 10
13 63
68 19
66 73
90 86
69 97
58 70
70 69
3 71
38 80
98 95
80 63
16 2
40 94
19 50
64 83
21 72
34 36
61 81
79 60
100 51
3 18
9 6
39 22
53 23
26 18
28 76
56 81
59 81
2 68
20 92
12 72
32 90
49 38
100 49
43 19
100 60
28 8
15 78
2 47
6 11
48 71
57 89
63 49
84 28
18 58
23 27
18 89
58 1
3 23
62 100
41 18
54 97
51 81
59 78
48 20
33 67
61 61
56 42
36 56
15 28
8 39
68 9
19 27
54 87
10 45
26 48
25 10
91 35
65 88
86 39
11 46
82 88
20 99
8 16
63 36
49 92
65 6
68 88
90 57
24 94
20 75
68 88
7 26
34 41
88 46
94 40
93 24
77 5
29 66
84 98
85 8
53 88
79 76
13 51
3 63
69 21
5 78
100 88
84 94
11 63
30 8
17 89
45 30
27 30
96 96
85 64
48 64
11 68
40 59
41 42
34 1
68 97
71 57
59 48
59 26
42 90
26 27
86 67
36 92
99 76
86 39
93 27
70 4
91 96
87 2
91 74
23 47
41 40
40 16
35 45
16 2
8 76
64 6
53 100
48 63
1 62
98 6
7 42
90 81
26 73
65 37
8 74
39 34
4 44
51 3
82 66
87 39
67 83
45 34
35 14
27 61
65 84
52 54
67 61
9 98
11 38
61 72
31 58
13 37
69 4
68 70
4 47
80 92
85 66
48 9
35 80
36 88
8 58
44 77
57 56
30 19
26 56
74 84
88 26
17 64
61 61
52 62
47 24
40 69
2 14
65 9
41 19
16 56
45 68
75 9
46 27
64 64
80 61
23 48
23 99
64 84
47 57
21 90
97 94
62 15
12 97
48 33
69 2
13 99
20 23
44 81
57 83
50 22
79 51
53 84
24 47
36 91
19 66
81 2
29 64
7 45
97 77
6 41
32 80
89 3
53 42
27 98
94 63
1 76
53 65
82 25
16 61
67 55
90 75
68 11
75 50
97 3
28 22
58 34
53 44
39 23
25 65
64 90
89 35
47 34
30 91
1 97
42 82
33 35
79 36
76 84
100 32
94 25
53 30
8 75
16 15
44 80
99 81
24 83
3 20
75 4
40 10
30 30
74 87
72 16
10 70
39 33
7 3
21 48
49 91
76 8
85 55
42 56
95 76
70 16
99 33
69 43
37 1
57 79
77 53
22 37
3 4
36 94
32 74
42 38
87 84
67 25
37 15
15 85
21 32
98 94
85 6
21 58
44 40
15 25
69 27
98 58
38 34
11 3
31 61
34 41
11 9
71 39
19 63
50 74
86 13
8 11
45 7
76 33
45 67
3 10
28 22
88 7
32 64
5 53
32 96
52 65
61 82
50 28
23 95
24 51
73 13
9 41
64 92
21 80
36 70
89 100
94 32
33 80
96 47
45 63
92 96
36 80
66 12
64 74
1 36
3 89
66 14
64 23
65 14
68 100
6 42
2 67
9 23
39 46
70 26
63 89
90 48
90 32
77 42
47 53
2 61
17 47
21 63
37 58
88 48
81 100
54 78
60 29
43 30
100 12
95 5
67 28
59 36
86 16
70 60
17 19
32 78
45 45
59 48
40 80
14 70
53 20
52 43
57 36
3 21
4 42
22 24
57 71
93 72
5 48
25 38
5 14
98 32
51 3
39 18
82 11
37 69
35 20
64 35
93 71
17 89
25 21
55 20
42 94
42 1
10 49
47 33
100 61
97 49
52 18
89 23
66 46
95 44
75 53
95 4
6 30
69 5
17 3
30 24
57 29
57 22
10 6
74 8
12 4
38 39
99 81
93 97
56 2
63 47
6 82
64 45
34 21
40 81
51 2
91 76
98 68
70 55
3 79
60 23
99 100
22 98
68 88
60 99
48 21
34 22
66 27
47 82
72 17
49 97
91 21
19 72
82 88
58 80
83 24
73 78
76 80
12 48
95 99
61 82
87 61
66 78
73 33
37 20
72 89
20 86
73 89
77 29
48 40
75 74
21 61
27 90
51 72
41 3
73 39
12 25
56 69
5 9
98 42
88 74
94 37
66 3
86 5
61 94
64 64
96 40
57 43
100 58
53 72
35 46
45 67
37 48
99 50
6 9
78 16
66 56
79 69
58 100
69 57
12 43
90 81
42 6
92 53
11 6
77 53
92 33
95 31
17 59
9 42
90 42
51 74
87 58
14 26
99 29
94 81
17 32
95 34
30 36
41 11
40 95
27 82
55 44
47 15
63 78
32 27
95 10
19 97
65 16
59 87
60 7
14 73
40 90
5 7
29 71
84 82
96 99
7 99
17 28
26 40
63 86
94 100
15 35
98 47
82 7
91 32
14 64
72 86
49 64
74 80
34 34
77 5
10 88
10 32
60 100
11 80
25 98
26 26
98 48
70 18
1 82
72 42
27 42
72 83
12 90
54 29
29 5
37 8
98 41
7 53
