100 2266
88 74
89 22
100 73
51 46
86 66
77 83
87 73
52 85
46 14
71 80
40 28
39 70
40 17
54 36
12 4
29 3
21 91
49 77
28 68
50 68
99 93
82 9
27 100
63 95
51 74
75 8
89 51
21 44
83 46
16 30
83 21
40 68
60 98
95 49
59 8
75 63
76 24
21 82
85 3
76 51
14 57
24 21
48 4
36 23
89 79
60 35
69 7
63 41
48 62
39 14
38 43
20 66
26 39
93 2
20 99
38 10
79 41
7 56
7 4
72 71
30 39
13 73
48 32
18 25
84 30
58 93
14 35
98 97
33 62
48 74
98 26
69 44
18 97
4 48
28 37
100 83
45 51
66 45
79 51
53 83
26 13
64 78
62 80
31 54
71 37
66 96
55 28
4 80
19 71
46 39
78 82
98 74
93 89
12 73
86 61
96 53
58 83
94 71
39 27
65 6
70 83
49 73
65 38
33 27
78 17
37 53
2 37
97 96
95 91
8 36
71 90
50 26
27 13
34 38
77 42
57 86
78 69
93 46
4 95
67 77
9 83
21 26
71 12
89 13
46 80
68 54
33 35
4 54
45 58
51 41
12 41
87 18
18 57
25 51
74 15
14 7
79 47
96 14
22 6
98 77
39 12
72 59
8 33
72 6
17 64
16 98
55 91
74 34
69 37
47 34
38 88
60 31
74 99
48 43
17 78
23 32
86 76
88 30
13 52
45 94
77 13
42 67
95 53
26 65
37 63
90 85
16 69
27 6
2 2
56 55
65 9
82 3
62 52
74 84
31 58
63 93
66 46
73 55
31 97
99 55
30 76
50 87
66 76
24 77
40 1
14 7
22 87
70 33
96 15
21 66
6 95
86 86
84 30
66 91
21 97
18 21
68 65
84 44
14 19
89 18
83 22
65 34
24 20
23 55
79 86
17 2
23 79
58 92
39 13
83 21
64 60
89 6
32 85
7 92
24 61
76 67
54 15
89 76
16 73
33 79
11 80
27 58
45 75
68 88
40 40
62 75
76 63
74 2
85 49
39 60
58 78
77 43
56 11
74 54
61 29
81 71
21 57
70 58
36 46
95 92
86 10
14 20
42 69
72 90
71 35
76 91
90 83
58 6
58 83
77 27
75 21
92 61
98 12
17 92
91 75
13 75
63 89
4 14
12 89
15 1
83 37
83 78
53 1
86 89
65 87
2 7
92 65
48 60
19 58
58 9
68 5
45 87
30 56
32 98
61 51
99 30
70 95
90 93
53 35
43 11
18 14
71 37
87 74
57 31
69 91
21 6
99 46
47 47
62 71
26 73
43 48
81 23
96 35
17 80
6 4
93 56
100 32
53 66
67 59
12 33
81 87
33 30
91 39
14 93
15 29
4 20
38 29
44 74
46 91
66 25
17 40
5 53
24 54
88 54
53 43
23 46
86 27
19 5
52 11
94 11
37 59
32 18
34 68
81 49
94 82
12 78
49 20
73 61
5 95
60 66
32 31
80 43
8 74
49 79
42 90
95 45
52 71
89 87
36 55
6 55
54 81
27 18
82 19
19 27
11 51
98 21
93 6
91 86
64 4
49 93
22 57
6 89
25 3
59 63
43 94
65 17
4 39
28 25
4 97
86 10
7 79
97 87
18 35
2 1
21 73
75 14
43 75
37 21
27 82
83 3
95 47
53 65
44 19
66 24
71 66
75 7
51 98
81 5
63 88
58 98
61 50
77 43
63 84
83 17
79 70
100 84
23 69
52 84
13 89
60 91
73 52
93 60
94 37
53 53
17 93
46 65
61 13
96 20
25 30
95 62
65 16
43 76
53 4
90 71
73 2
86 67
64 28
36 73
5 85
62 37
16 78
74 29
22 72
9 75
73 56
45 31
57 86
63 95
53 98
13 14
95 67
21 34
88 51
9 97
21 80
5 72
41 94
44 27
36 38
59 42
33 33
28 59
29 94
92 54
11 76
54 88
97 94
42 64
13 65
50 1
78 70
53 82
7 17
11 92
99 71
58 12
55 41
56 59
19 58
43 75
89 5
15 89
33 37
88 18
48 55
53 4
48 100
82 19
82 48
83 33
28 71
7 57
51 76
18 85
50 14
98 40
69 49
70 9
15 83
75 54
56 12
10 46
16 24
60 72
46 41
29 69
6 55
68 45
19 54
93 23
70 20
19 45
5 76
6 73
85 84
3 66
21 32
83 96
57 96
12 8
71 70
87 5
85 10
83 29
89 24
57 48
36 74
10 84
68 79
64 56
29 29
16 94
96 67
50 21
71 88
85 59
58 50
87 95
53 28
67 40
84 61
62 17
18 55
77 83
39 85
82 74
46 28
83 56
59 10
62 56
90 66
19 13
22 90
1 45
51 61
45 86
17 10
8 20
10 23
22 69
16 46
38 67
32 7
67 26
72 8
39 24
63 36
54 19
27 9
59 58
58 38
35 88
86 97
96 91
76 2
44 2
54 74
71 32
44 74
65 55
91 57
29 10
13 81
39 84
22 91
39 70
6 98
71 85
21 28
45 21
26 85
59 19
9 66
46 44
53 27
51 32
90 13
1 68
88 90
100 52
70 12
84 70
24 13
20 52
77 26
80 31
54 27
71 51
33 21
17 39
35 20
43 59
23 5
38 37
48 77
20 15
47 32
70 45
66 75
47 92
71 27
3 15
87 24
13 54
55 95
6 6
26 84
24 62
5 72
92 33
98 8
80 22
13 100
57 75
82 97
34 34
45 20
52 55
1 17
96 72
86 60
60 91
67 31
34 4
72 90
15 37
81 62
65 32
53 87
54 28
88 18
3 8
61 4
86 50
53 48
12 41
58 45
96 60
29 82
34 41
72 72
52 83
81 79
84 77
89 5
88 4
2 62
81 13
18 43
25 81
1 55
90 26
39 9
92 60
100 43
66 38
74 88
62 93
78 36
84 65
3 79
7 72
70 37
17 81
96 49
62 30
7 77
68 62
46 52
10 8
72 56
80 86
33 72
97 91
81 72
58 17
79 47
40 71
35 80
77 80
88 74
76 39
35 91
28 29
30 30
29 23
30 1
12 9
41 27
37 27
57 55
88 64
71 35
54 94
17 22
3 63
37 79
83 3
55 43
62 68
75 4
97 33
32 52
48 95
15 94
11 11
94 57
4 90
13 51
81 59
36 27
42 25
15 35
83 26
5 95
24 70
73 24
35 6
68 3
34 73
65 35
6 74
68 47
85 43
80 85
9 100
33 36
31 54
62 62
80 5
60 43
84 51
29 45
50 74
42 21
5 70
49 12
62 88
88 51
79 60
48 67
90 20
63 23
92 91
87 9
99 15
20 17
37 75
94 12
50 6
72 26
65 22
23 37
40 86
13 60
15 100
38 8
21 19
82 58
75 95
21 79
99 28
57 63
71 55
40 63
27 5
100 39
15 57
13 12
54 78
3 63
12 19
13 20
57 22
82 88
83 49
28 12
89 4
72 20
70 21
95 36
58 19
69 70
5 16
89 31
74 30
42 81
34 81
33 91
30 24
52 6
49 44
88 44
91 8
4 24
23 43
12 61
70 12
91 97
65 38
58 32
67 2
95 91
25 43
26 58
85 69
83 42
3 53
14 4
39 47
21 23
5 89
54 90
39 97
19 68
91 79
44 6
6 100
1 76
50 52
64 36
12 81
95 94
91 78
65 6
4 85
60 6
20 81
85 37
97 33
100 89
29 63
15 46
21 86
84 5
32 72
48 53
45 61
69 69
88 26
45 36
50 2
44 96
65 61
34 80
53 68
70 66
29 19
64 42
34 3
72 32
95 20
33 6
84 83
15 56
99 65
70 58
34 35
93 1
82 40
99 18
94 55
93 66
42 69
42 85
53 79
10 31
39 42
64 46
99 97
7 33
10 15
9 42
51 27
79 82
69 90
14 48
36 44
34 5
24 67
77 31
88 71
69 65
93 100
75 37
28 71
72 70
15 53
72 86
17 18
6 29
45 56
62 60
71 69
68 68
36 97
50 72
57 1
25 38
71 9
32 7
22 59
3 18
22 82
29 49
12 84
99 100
31 25
76 96
64 37
35 5
53 57
32 21
51 79
62 19
92 86
26 12
45 91
23 14
69 58
68 75
8 58
33 62
14 41
78 19
50 21
95 42
23 65
98 49
42 72
33 43
73 81
37 33
78 62
12 60
46 10
31 45
66 83
68 20
46 52
54 22
1 87
64 39
14 88
19 88
58 97
53 6
63 32
86 73
35 16
14 82
47 37
28 82
61 59
57 85
11 18
59 71
53 9
31 14
38 95
52 50
12 29
26 16
15 62
63 4
90 90
57 3
79 58
22 46
94 94
3 85
33 92
66 68
43 91
67 53
84 24
67 92
95 20
40 22
8 100
86 39
71 63
70 16
47 72
94 37
55 65
14 20
57 93
21 32
58 71
37 83
15 5
31 53
11 94
84 87
15 76
31 16
80 43
68 91
9 64
98 4
42 35
22 26
10 5
14 67
22 47
39 92
87 65
100 73
32 7
77 27
74 32
24 81
87 62
47 66
15 80
60 97
50 48
11 52
32 25
1 6
39 42
27 85
21 100
63 16
79 80
19 18
27 23
91 6
7 29
23 36
28 27
71 94
55 28
30 17
31 40
20 24
2 92
76 41
44 51
78 87
19 96
94 32
65 50
35 33
40 63
89 86
65 69
40 79
98 8
6 89
84 50
77 45
58 57
66 96
32 89
51 13
24 47
3 54
84 75
48 96
18 84
24 42
20 82
65 82
42 35
27 16
90 39
90 89
7 34
38 94
53 46
57 86
91 98
33 71
45 60
91 6
78 92
96 22
60 27
100 93
47 17
70 59
61 87
46 29
21 66
95 3
3 82
41 91
62 12
88 92
59 56
59 7
67 59
38 49
25 3
8 7
21 70
34 65
18 23
90 16
29 69
89 84
15 78
70 18
87 17
36 95
66 76
64 59
57 46
72 84
43 10
57 28
41 63
43 58
19 18
84 34
69 59
8 24
96 77
56 25
5 9
26 42
26 27
34 43
17 56
96 41
75 57
4 93
25 55
9 63
10 81
55 19
12 49
9 79
14 87
79 15
53 12
37 60
8 80
94 6
78 90
93 10
40 47
92 29
31 86
80 18
11 98
95 80
79 98
18 2
74 72
95 53
81 3
17 57
27 82
66 76
88 58
28 6
50 31
57 92
87 56
9 81
8 31
8 4
88 66
62 56
87 69
17 45
43 45
10 86
31 34
84 94
35 34
72 34
77 72
59 18
11 74
43 88
99 7
75 39
49 62
94 33
41 77
56 57
42 54
17 58
16 18
32 79
99 25
96 72
94 67
59 16
81 87
46 1
31 26
91 21
85 68
63 45
48 84
64 49
63 63
53 97
91 32
52 63
97 91
71 46
60 86
4 36
64 71
11 98
4 45
64 63
13 78
30 4
1 6
6 91
77 79
26 79
30 7
90 98
40 1
6 15
79 84
26 88
96 94
89 30
6 30
26 48
26 91
46 83
98 8
92 77
31 94
16 21
56 24
49 44
80 26
75 100
23 49
33 36
46 13
92 1
50 87
34 32
93 64
40 77
13 40
60 33
4 16
32 18
50 25
17 58
54 70
25 19
61 65
98 22
81 39
60 79
15 12
95 91
33 79
6 54
26 44
54 98
25 9
56 74
29 61
55 83
52 57
76 90
16 49
100 92
49 76
49 77
25 71
13 18
31 34
22 23
75 28
8 33
12 98
3 5
62 80
78 19
36 68
68 96
68 100
27 29
26 72
52 62
61 14
40 64
61 65
47 87
34 10
8 72
88 54
50 40
8 6
82 55
46 1
46 30
29 30
27 81
37 96
52 2
69 20
61 65
69 82
49 10
54 72
85 2
25 33
67 53
88 48
91 73
64 34
37 30
8 4
25 9
12 39
45 33
51 45
83 61
62 39
81 24
7 1
3 63
7 80
100 62
56 1
9 87
84 39
73 58
56 1
87 84
21 13
92 60
91 2
42 53
17 43
2 41
78 78
62 3
63 29
88 27
74 21
57 25
5 34
87 5
81 8
52 94
60 38
76 42
19 70
91 55
76 54
56 34
85 93
7 51
56 50
12 30
77 56
42 53
75 1
5 88
91 28
45 43
95 91
65 79
73 37
40 30
89 36
31 62
50 8
53 38
14 7
10 85
57 27
60 97
11 7
97 37
95 14
99 67
76 27
11 36
20 71
63 91
35 98
28 65
17 22
12 24
89 46
32 43
23 61
8 28
11 52
94 34
40 72
63 63
58 74
90 71
80 60
67 43
79 55
37 80
44 87
5 13
42 77
5 9
18 46
5 54
41 77
13 26
82 97
72 34
81 100
7 22
61 73
77 19
55 79
5 66
9 48
54 66
56 99
70 17
10 18
43 7
29 61
25 46
1 41
75 89
82 6
29 81
64 45
19 94
9 54
85 79
59 52
69 54
43 36
61 89
83 74
74 92
57 24
17 60
62 8
10 30
84 74
52 94
72 96
79 69
8 93
22 23
98 71
78 13
12 41
84 52
66 61
31 48
31 18
4 38
44 35
39 3
55 55
93 67
81 19
72 18
1 67
37 22
67 77
27 28
73 8
14 58
94 83
92 87
54 88
75 71
27 97
69 55
91 66
19 63
64 33
83 31
38 60
13 97
89 3
26 53
16 19
76 52
35 48
15 6
78 88
20 56
11 14
49 82
77 89
50 26
23 42
26 75
45 5
11 51
76 36
66 42
48 82
32 25
65 69
88 20
43 89
26 79
77 79
81 5
31 66
82 84
8 62
31 35
77 52
45 56
52 56
67 18
58 43
56 41
29 17
81 77
66 92
81 66
72 31
83 35
63 40
7 26
54 70
33 65
3 47
57 57
97 87
53 10
88 80
51 72
13 76
48 45
2 30
97 100
72 49
2 36
85 68
86 11
46 24
21 55
49 97
62 5
36 98
65 60
48 36
90 27
12 70
76 64
35 40
79 14
57 76
82 88
79 28
78 19
31 90
9 48
53 47
84 36
96 51
66 90
53 11
67 48
67 64
81 55
30 41
90 82
48 17
88 71
55 10
75 15
97 96
95 57
74 79
12 26
69 89
32 47
48 18
64 14
87 5
24 61
46 50
78 54
52 66
27 98
24 13
26 33
88 36
75 100
76 47
77 43
56 33
80 72
48 99
32 74
53 97
80 2
3 93
68 77
81 58
35 20
70 58
50 27
12 72
95 31
92 3
23 24
96 16
9 23
77 92
40 69
60 33
53 19
73 76
42 84
27 65
52 34
50 78
43 32
62 43
69 41
53 41
82 8
21 47
98 62
43 45
94 64
57 47
67 42
36 66
22 17
43 95
43 62
59 14
69 53
1 57
4 22
43 87
19 43
43 25
94 13
78 48
100 2
94 9
58 85
41 83
87 98
36 9
39 18
65 41
84 21
13 63
84 67
18 40
40 54
6 51
42 34
43 15
97 80
73 14
59 72
75 56
58 10
98 22
100 25
88 4
77 47
10 60
21 75
23 44
79 80
55 43
28 19
5 29
54 52
53 27
53 93
42 32
93 74
14 42
78 55
61 21
59 14
77 20
84 54
13 99
80 85
73 83
91 67
60 18
69 64
50 6
53 42
83 19
46 20
90 58
94 77
98 38
34 3
9 59
32 56
60 66
45 93
28 30
51 34
52 2
36 91
97 29
57 54
72 37
93 46
92 77
7 13
97 10
51 44
78 29
37 78
40 84
32 56
77 41
37 80
70 90
70 53
1 47
43 21
87 91
44 39
79 26
29 98
26 90
49 28
97 99
27 95
22 5
40 43
51 6
39 50
25 97
16 75
18 81
6 83
44 99
93 48
48 68
80 85
19 80
16 95
36 28
51 43
45 5
46 57
82 7
71 47
45 11
56 44
88 85
2 1
77 79
23 99
41 52
33 79
2 30
96 33
9 76
16 26
29 73
16 14
82 79
92 15
18 9
44 60
80 5
76 70
68 51
86 10
28 40
30 65
98 55
9 51
36 36
74 89
42 16
76 99
87 22
7 58
49 30
39 11
53 72
38 58
68 97
42 20
64 55
58 98
55 40
16 24
35 7
49 95
85 22
65 67
22 17
71 13
45 50
66 62
35 83
98 74
49 59
36 18
54 17
18 14
82 19
60 52
84 49
22 4
21 84
27 10
74 91
72 51
66 5
35 32
30 88
68 57
100 92
19 50
100 98
96 2
30 66
17 60
38 30
80 24
70 100
31 48
44 4
66 64
17 15
56 85
15 9
10 91
59 4
43 38
52 47
26 1
55 64
60 58
17 26
47 48
36 8
20 26
86 16
53 24
16 65
44 49
28 53
50 24
64 32
84 69
17 23
86 3
85 66
32 68
17 86
39 35
40 67
78 66
74 56
70 20
61 58
44 12
44 37
51 68
99 67
87 72
32 78
36 44
9 74
41 65
71 45
37 1
57 54
81 18
15 55
44 75
15 78
98 59
84 75
45 52
54 61
99 45
43 97
46 37
17 66
39 26
2 100
72 74
43 80
74 50
33 21
11 13
67 74
36 13
73 85
9 55
3 10
80 62
16 11
2 64
7 65
34 70
22 49
80 7
30 4
7 68
77 30
32 75
39 53
9 7
8 7
14 33
61 99
59 95
74 11
35 91
75 20
67 17
60 66
42 74
47 49
54 10
29 95
29 67
57 87
46 23
28 99
56 11
76 50
54 34
46 28
22 82
23 89
57 71
10 58
28 78
17 64
39 63
47 74
24 35
5 52
28 71
70 19
43 15
4 29
71 49
66 47
13 43
45 34
28 56
82 17
24 48
24 59
80 11
59 86
45 74
89 52
100 90
24 81
36 59
74 84
2 34
80 70
26 72
100 2
97 41
4 8
85 42
16 21
63 59
39 72
42 5
95 4
73 100
40 4
89 23
1 65
61 56
67 100
84 76
72 58
83 13
62 53
24 62
66 10
83 57
45 53
77 70
6 15
12 34
45 85
16 33
53 18
30 88
32 93
44 87
54 76
98 92
26 2
7 98
28 58
60 95
48 74
53 71
50 65
63 99
39 78
1 83
15 82
52 80
21 25
20 42
69 2
6 94
23 63
4 38
21 54
51 17
20 82
50 63
11 99
52 43
67 22
46 92
34 81
27 94
36 57
42 32
49 27
35 16
21 18
38 24
14 25
99 29
22 46
36 83
82 43
82 2
40 21
73 76
34 20
31 41
52 36
33 69
42 80
34 5
80 73
62 18
37 47
60 37
36 24
28 25
98 11
98 29
82 15
21 31
39 30
21 78
94 54
25 41
69 83
2 13
53 71
78 15
64 8
62 80
100 2
65 43
11 27
10 35
73 73
46 70
25 63
32 51
16 96
83 17
84 30
39 45
23 80
60 68
57 5
70 86
94 11
95 1
33 5
100 84
86 26
9 92
97 91
56 14
84 52
42 43
62 64
50 99
6 17
35 31
40 49
43 72
20 48
27 61
25 27
43 48
40 46
37 45
74 43
33 70
65 76
38 97
56 74
81 21
59 61
20 34
59 64
13 12
32 95
79 69
94 76
24 40
95 73
66 90
48 70
20 4
40 68
67 83
83 94
18 95
76 40
6 16
44 95
76 56
97 86
25 64
40 4
5 30
95 96
80 22
84 72
72 66
95 94
22 27
52 2
61 71
63 54
80 94
98 100
68 48
43 92
41 26
79 40
28 8
73 2
63 68
48 9
29 38
64 84
90 95
10 41
64 3
35 3
9 50
94 93
90 22
71 85
81 59
64 42
96 14
15 83
32 7
74 13
72 75
47 21
71 18
85 79
85 10
73 36
14 26
18 37
97 48
92 2
11 80
74 12
22 10
4 91
30 36
98 37
63 98
98 45
29 76
34 53
43 76
100 64
61 77
52 1
6 81
22 86
74 36
41 94
12 94
53 83
85 29
6 60
28 1
71 52
13 86
92 2
38 65
96 27
29 11
31 24
75 45
21 65
90 43
22 2
12 5
23 70
54 29
32 67
62 50
40 63
2 71
75 86
47 54
97 70
30 1
100 21
70 61
21 47
11 57
55 10
53 64
51 64
72 76
7 16
54 44
12 17
96 91
19 9
100 10
11 48
20 50
77 51
46 55
27 65
54 99
86 5
76 41
52 13
11 83
35 45
51 92
32 26
23 46
85 32
59 73
11 85
88 86
96 39
83 61
98 98
62 24
10 19
67 6
95 74
