100 2266
87 12
88 61
84 33
90 10
66 63
99 32
64 63
47 37
65 55
33 23
55 22
97 51
82 39
40 84
93 99
66 76
30 67
43 47
6 20
49 8
19 89
97 77
2 6
18 90
55 58
40 18
50 8
59 86
90 19
57 81
77 27
36 62
66 82
13 45
75 40
32 44
44 72
85 20
74 24
85 22
30 33
19 15
49 21
7 52
43 91
38 71
60 98
72 44
32 98
93 72
9 89
17 26
36 99
36 76
100 59
86 46
83 24
72 100
51 54
57 64
61 58
66 21
73 53
79 74
89 13
95 64
34 50
36 47
10 27
33 17
4 47
82 63
30 76
100 70
98 67
30 95
62 42
52 84
69 96
24 93
83 97
24 19
97 40
10 72
30 87
64 61
3 42
72 51
92 76
69 43
64 44
40 3
98 50
77 22
62 4
95 47
12 33
59 99
26 13
97 54
85 35
70 42
72 50
64 36
68 20
5 49
65 26
33 23
23 50
63 5
74 80
48 10
31 10
60 91
97 27
95 28
77 96
97 67
66 82
75 29
34 17
56 7
31 24
84 7
99 71
4 24
40 52
92 53
85 70
88 75
11 5
63 38
64 84
99 33
92 34
28 55
23 70
24 14
12 59
81 47
93 52
31 52
69 68
94 25
48 75
21 32
83 60
98 5
74 65
76 30
27 10
7 60
2 31
55 80
19 1
93 12
18 41
84 24
75 9
2 53
38 24
37 20
13 38
51 28
1 50
66 16
81 23
40 50
19 4
60 15
76 48
3 89
72 46
60 40
68 94
96 85
71 26
47 81
13 1
85 51
3 8
95 38
21 20
39 48
2 57
87 86
68 47
23 34
41 24
46 48
55 63
89 25
25 75
24 75
84 56
55 22
3 89
90 80
31 77
85 27
63 91
69 18
18 70
65 75
96 25
34 4
73 92
84 25
78 1
30 60
69 64
86 90
49 95
75 83
64 75
17 97
67 85
29 62
34 30
34 25
41 39
20 21
36 62
85 26
92 99
59 66
44 83
12 93
97 78
38 54
34 100
31 48
41 87
7 9
100 13
8 99
81 66
9 26
42 91
56 15
98 82
2 92
82 91
32 65
96 24
80 65
63 26
64 43
50 94
91 2
65 17
38 5
55 4
28 47
66 89
94 76
61 96
80 94
61 76
62 26
97 15
56 68
79 69
87 91
4 33
13 46
55 42
17 96
15 91
45 40
57 4
26 90
3 23
44 85
55 20
34 14
28 62
14 60
12 39
76 86
25 48
42 43
16 42
46 38
97 42
4 58
69 42
56 84
75 18
33 35
43 49
57 39
26 53
27 20
4 98
83 22
72 59
69 91
32 67
26 85
50 45
2 68
56 77
32 49
89 10
46 50
10 25
18 40
93 84
89 68
82 17
8 10
77 66
11 69
17 60
32 8
29 25
62 66
57 92
79 16
45 69
80 26
22 3
81 1
47 28
2 68
42 68
8 6
21 10
54 50
69 85
97 12
2 81
76 33
61 64
56 94
28 1
77 25
5 48
63 75
44 40
66 1
9 7
86 91
2 78
48 100
3 27
55 3
93 61
96 3
2 59
31 37
69 69
72 13
11 6
94 53
74 84
55 1
13 51
90 96
78 46
8 13
79 53
68 23
31 97
79 90
50 31
84 36
80 42
81 29
58 24
40 79
23 60
11 50
20 75
73 49
93 19
58 76
82 83
99 79
54 34
88 94
80 87
80 79
29 10
80 21
8 74
76 17
42 61
53 76
85 47
66 2
53 100
47 82
63 29
92 48
73 47
87 41
12 76
42 43
65 27
66 30
92 68
79 60
39 6
9 81
9 32
25 32
72 73
77 13
46 19
56 9
73 60
24 9
99 20
2 98
91 68
66 67
66 59
92 62
2 55
56 43
11 88
34 86
73 78
2 32
15 30
78 57
11 77
48 65
68 29
64 38
11 14
44 16
86 54
10 21
76 9
76 53
11 53
29 64
40 63
2 83
67 29
46 83
32 38
17 13
59 62
57 27
85 23
92 77
81 57
16 69
60 26
95 80
5 47
91 90
54 77
31 42
96 57
40 40
63 40
42 17
20 43
84 23
74 69
71 58
22 56
7 60
90 12
28 74
69 40
35 61
5 39
15 86
97 20
69 86
81 18
16 46
4 49
85 12
33 75
4 96
53 76
9 100
15 10
8 53
36 6
93 48
20 21
97 82
39 28
43 84
16 9
12 79
18 27
76 1
50 61
71 38
30 80
37 60
37 85
98 48
45 80
14 31
64 16
73 10
63 48
49 22
86 31
87 12
62 37
34 82
93 84
64 44
90 92
31 76
2 72
22 35
44 42
69 26
62 58
28 78
54 60
64 32
74 26
32 70
92 35
90 43
31 99
40 27
36 72
99 33
90 38
28 7
90 16
14 54
23 73
17 27
51 1
1 67
96 93
8 11
89 54
84 37
23 62
82 94
68 57
10 58
51 82
28 47
26 39
17 50
6 29
8 96
11 41
29 74
9 80
29 61
12 53
100 7
21 33
42 37
3 30
79 67
35 33
55 19
100 50
2 46
43 92
53 29
24 82
39 37
48 92
85 79
21 4
63 33
21 37
89 28
31 27
78 92
41 73
88 35
12 41
6 58
11 24
61 66
48 12
60 92
1 68
79 14
8 35
84 92
64 17
77 39
86 48
4 86
77 41
15 92
2 57
100 71
9 64
50 56
98 93
58 72
76 4
32 65
34 79
95 95
61 25
68 39
55 66
43 99
31 61
61 16
11 73
52 56
81 80
50 62
90 11
99 52
90 20
58 83
42 10
8 26
76 73
29 99
83 24
69 1
20 13
80 54
6 12
39 45
67 73
65 96
73 29
90 4
66 1
75 11
40 95
52 65
65 14
1 71
40 14
73 60
83 26
66 27
51 25
56 90
39 33
89 38
70 71
3 72
36 69
18 42
48 55
26 96
5 75
86 56
80 93
92 90
80 71
35 96
43 49
11 80
42 94
100 21
65 78
79 5
28 74
28 34
11 47
10 16
3 8
30 25
58 19
33 65
88 8
89 94
20 6
24 81
43 80
13 4
26 89
69 98
7 44
7 22
72 12
4 20
79 21
48 2
59 22
87 28
61 50
54 84
96 7
27 20
34 49
8 15
89 60
25 23
96 77
45 42
67 33
45 40
13 23
81 79
14 97
37 79
21 39
85 87
55 76
65 78
76 95
94 42
15 83
51 53
27 11
17 22
40 43
84 65
46 97
91 52
18 85
60 23
3 85
10 77
75 34
17 4
40 33
38 74
75 14
64 62
24 5
31 83
36 92
1 49
57 67
40 38
10 72
6 51
44 59
65 32
94 35
23 27
26 35
52 10
74 74
46 60
24 96
64 20
74 30
4 78
50 45
100 100
67 12
2 23
79 98
31 47
39 29
28 14
98 2
32 46
22 82
40 46
5 82
23 65
14 56
62 8
66 68
49 10
23 16
76 67
24 56
99 66
46 63
75 66
21 4
2 74
53 82
35 33
53 93
76 7
44 87
54 21
99 47
29 21
77 85
8 64
11 39
85 30
80 50
52 93
21 23
55 71
62 19
44 23
20 100
47 68
13 77
64 3
83 86
38 76
45 49
91 76
36 43
18 70
43 41
43 45
100 91
14 60
57 28
12 42
72 95
93 22
76 16
56 81
13 85
39 19
35 98
40 45
68 86
45 14
1 48
56 77
90 86
40 53
91 89
66 58
91 19
29 33
65 75
31 67
30 89
65 70
52 35
99 55
18 30
89 2
38 75
12 58
9 90
71 90
63 94
51 5
60 31
91 43
76 86
56 77
4 37
66 10
15 33
49 92
62 86
29 59
64 62
78 70
51 38
33 12
21 80
37 29
20 15
31 66
46 42
87 84
17 89
73 33
12 86
76 82
85 22
58 56
13 94
70 71
7 66
41 14
17 21
34 21
5 27
38 33
14 10
12 15
56 13
2 65
75 12
66 60
13 62
66 53
24 90
9 48
93 71
79 12
88 11
89 77
49 92
71 60
48 66
52 30
22 42
41 22
69 3
74 90
64 51
88 70
57 38
58 26
42 87
60 50
76 30
10 81
87 36
18 39
64 94
26 86
29 43
67 54
49 17
9 77
85 56
8 4
73 55
77 75
64 96
90 77
91 16
78 46
83 9
99 23
83 59
38 66
35 16
7 15
67 16
62 96
37 61
15 97
98 75
42 73
89 42
32 40
57 63
32 15
2 31
11 71
7 32
84 78
79 77
93 20
64 14
45 23
79 34
27 75
10 72
97 51
85 3
67 7
52 94
56 40
79 88
72 99
63 53
49 78
78 43
29 65
98 42
2 74
75 4
66 98
72 45
31 2
18 69
96 66
78 85
38 77
46 38
5 16
60 74
16 38
10 97
32 43
19 45
41 86
85 10
7 4
45 27
7 100
86 43
12 78
2 57
95 3
39 36
79 60
36 68
89 3
73 35
45 12
54 85
39 33
1 76
63 55
36 53
9 35
76 81
74 82
4 17
34 13
99 90
92 89
49 78
40 64
10 41
72 38
76 81
3 93
60 59
33 14
29 51
26 10
72 16
70 46
5 65
43 63
21 85
50 94
50 8
10 57
6 96
17 73
88 33
21 98
41 29
25 22
32 9
53 93
43 74
9 10
76 37
10 41
53 80
51 44
96 26
6 23
39 67
81 91
85 45
9 2
40 72
23 45
77 99
74 65
84 85
6 55
49 49
99 20
95 3
11 42
76 69
4 20
35 54
35 18
42 10
68 63
38 79
3 13
37 66
1 61
31 81
41 84
36 62
27 87
72 66
52 87
31 43
40 86
25 81
71 61
48 27
5 28
93 35
54 1
35 85
50 45
92 32
22 41
30 91
13 34
94 14
96 6
48 75
75 9
42 81
42 48
81 96
12 97
51 55
87 69
15 8
22 77
95 24
86 58
41 68
10 6
15 13
54 4
84 94
100 39
40 81
38 20
40 73
82 79
3 86
54 98
46 8
64 62
17 56
87 28
63 26
56 5
91 26
99 91
41 21
55 62
45 1
89 35
81 55
29 49
58 27
100 27
15 91
100 75
45 36
67 54
68 28
69 17
32 78
9 78
13 77
8 37
29 65
98 87
4 77
95 87
39 3
11 92
50 67
95 60
91 92
82 40
78 58
52 53
80 46
62 5
15 45
4 64
42 38
78 60
38 99
99 13
5 68
45 85
31 47
36 81
80 93
14 50
75 24
65 14
26 83
57 44
24 42
14 64
86 31
51 8
10 25
62 96
3 77
30 7
82 8
91 87
95 38
89 49
98 79
65 38
63 4
83 84
18 10
98 87
43 24
19 81
40 20
67 14
10 62
100 89
92 57
16 5
64 79
2 24
67 81
27 99
5 98
94 24
55 31
28 31
44 57
13 14
32 91
94 17
80 63
81 87
76 94
99 55
35 81
93 67
59 24
11 93
14 75
24 48
94 72
25 3
58 19
50 19
95 82
47 33
8 45
8 73
62 91
53 25
61 19
27 62
9 76
13 50
45 77
20 93
8 78
92 24
19 53
88 33
52 81
30 24
46 75
69 64
39 72
49 4
12 37
15 86
97 59
94 8
86 15
82 69
71 35
89 5
86 15
29 34
91 69
16 56
6 1
60 10
65 6
23 95
86 43
45 90
7 31
97 49
94 57
79 10
89 25
80 86
43 37
69 4
29 49
80 80
5 56
30 85
74 100
20 18
91 13
45 6
60 3
90 100
80 32
18 36
73 43
10 19
22 20
18 91
36 93
46 60
46 98
10 65
22 18
35 77
25 4
99 94
30 31
33 86
56 39
19 65
84 1
94 100
96 31
30 9
42 6
30 9
17 13
24 44
75 1
64 21
38 19
100 19
60 76
70 73
6 2
18 35
92 76
84 34
80 90
16 28
94 14
25 46
15 20
89 88
47 75
67 25
37 86
87 40
67 21
94 64
19 49
16 69
55 71
80 28
18 89
56 87
41 59
78 19
62 56
56 4
89 98
28 29
94 82
77 1
24 14
36 27
82 93
36 35
12 50
51 54
26 29
2 6
89 72
41 96
28 67
53 77
97 98
8 73
38 30
8 95
68 23
33 98
3 80
62 69
40 97
4 25
49 17
83 70
92 30
87 18
73 7
36 5
76 5
82 70
71 78
86 48
66 28
23 82
38 36
22 44
73 49
31 47
22 77
78 46
46 7
2 35
43 84
17 38
36 89
94 82
99 70
94 54
95 18
92 10
20 25
45 27
53 49
52 74
89 89
51 90
9 49
100 85
4 8
33 99
35 81
73 72
58 62
8 64
73 52
75 90
7 45
98 62
23 81
28 46
26 30
38 26
55 79
8 4
39 5
47 4
85 89
6 29
54 31
81 59
74 58
20 90
26 82
81 82
80 49
26 97
62 91
64 6
39 50
47 18
48 86
87 54
56 21
17 34
41 64
20 69
29 33
28 71
42 35
6 9
34 46
66 17
40 56
92 7
17 68
68 49
39 27
38 32
42 66
42 68
2 85
25 16
34 28
42 100
20 88
78 1
79 43
60 65
24 25
10 8
49 87
23 20
9 96
90 30
90 99
65 10
13 27
68 83
82 63
46 17
85 38
4 9
82 20
33 13
86 51
22 73
64 50
80 43
89 78
49 56
52 40
7 17
59 17
77 19
64 46
68 79
56 56
36 74
55 77
80 42
39 21
17 87
41 54
75 59
51 48
35 91
56 94
31 39
95 39
21 10
72 2
1 52
82 22
90 91
87 99
29 70
38 15
30 25
80 49
33 55
32 26
50 85
55 19
93 98
5 21
11 78
38 29
84 98
41 32
79 91
5 88
60 19
19 89
25 99
49 45
61 79
98 36
24 73
20 77
62 1
45 43
87 98
98 93
61 100
43 23
89 97
33 98
34 49
22 20
90 25
37 42
95 11
67 91
60 44
23 24
33 65
71 46
78 31
89 42
56 63
19 2
2 94
55 41
30 86
56 95
90 39
7 2
59 12
59 18
66 59
25 90
74 68
64 37
63 99
38 6
5 49
22 85
2 20
52 23
76 48
48 86
76 2
43 71
74 48
80 69
18 63
89 65
45 12
23 4
58 72
30 99
17 44
74 64
11 58
7 22
68 90
86 57
76 21
86 31
31 93
100 5
97 43
59 100
82 92
20 60
15 97
35 4
83 39
29 19
7 40
52 97
7 36
94 49
23 84
10 89
86 27
86 64
2 44
35 39
22 5
60 76
95 99
35 45
80 95
10 55
85 66
3 9
28 58
45 76
59 12
61 22
84 28
42 8
97 4
49 94
100 13
74 20
96 92
93 55
82 35
49 11
58 89
77 24
11 37
86 25
86 48
82 76
75 50
92 4
11 53
14 94
88 78
18 56
56 58
41 65
23 46
3 80
4 80
37 48
76 12
93 37
11 88
22 70
93 24
69 25
14 66
1 34
15 43
48 24
91 60
72 71
38 87
87 64
21 63
19 68
96 19
18 98
47 52
91 48
61 10
40 46
52 51
10 74
60 93
64 81
71 67
33 1
99 99
29 37
4 7
39 12
70 91
62 70
20 84
55 22
64 45
29 18
37 5
30 27
91 26
79 82
78 53
8 59
91 100
85 70
74 34
6 69
86 31
24 100
4 85
94 81
13 80
41 32
71 23
52 11
68 52
84 19
83 56
69 78
77 61
4 23
49 78
7 70
52 43
12 25
50 94
66 32
72 95
6 69
72 77
28 8
87 70
56 53
70 23
69 65
81 22
89 21
95 95
34 3
1 27
99 43
15 52
37 55
5 46
30 95
15 67
98 6
45 80
17 42
88 31
54 56
59 35
60 95
23 7
67 88
64 19
7 44
74 45
70 74
8 38
37 57
96 38
94 95
25 11
45 68
76 54
74 60
96 97
13 17
57 60
7 74
1 84
70 31
90 27
85 58
50 21
29 55
35 53
65 1
27 26
83 63
94 78
37 72
19 99
61 19
30 1
69 68
20 25
83 21
62 29
54 86
58 57
8 37
89 56
82 99
8 9
75 1
6 74
13 84
32 69
30 2
61 94
77 54
46 82
35 100
35 55
78 70
40 10
69 88
21 43
97 13
31 84
50 76
49 91
8 40
63 55
70 64
10 55
7 16
26 80
84 2
55 26
16 38
80 38
48 15
11 47
71 55
92 4
66 63
65 87
1 69
36 86
89 91
45 29
32 83
4 41
12 38
85 84
60 87
35 43
41 14
28 94
54 42
91 8
85 66
20 16
24 53
60 49
93 11
3 31
11 78
88 27
42 21
97 31
54 36
16 32
21 10
91 82
92 97
20 84
71 58
70 81
98 38
62 72
100 50
3 1
76 29
27 90
59 97
63 95
55 41
31 97
39 37
56 87
53 52
4 64
86 1
97 27
62 80
11 48
25 34
69 12
27 12
32 44
69 8
4 86
34 54
5 7
27 5
39 31
55 56
86 77
28 85
19 64
4 73
93 3
29 94
41 46
61 56
95 11
74 5
23 86
11 60
100 65
70 41
60 24
12 7
70 22
36 22
71 86
28 15
98 47
70 35
88 85
25 47
20 94
69 33
76 42
39 30
50 71
6 70
36 61
51 19
49 95
26 46
21 60
67 57
1 35
6 35
37 68
43 4
56 97
91 25
95 54
16 92
59 69
73 66
26 39
72 80
62 84
43 75
78 35
91 87
74 92
56 36
36 12
3 8
42 32
30 86
85 83
96 18
65 91
18 7
26 68
36 84
13 54
94 92
37 93
42 2
10 64
8 57
61 8
98 52
78 8
64 23
25 43
58 61
90 98
94 61
21 86
5 81
54 4
15 25
42 52
28 73
12 89
95 86
73 7
79 1
80 12
100 69
83 52
55 100
77 89
48 90
37 16
17 74
57 58
38 59
45 11
27 72
20 86
72 76
39 80
22 2
9 68
63 42
47 58
17 95
82 57
48 44
92 78
88 71
63 36
35 8
98 43
53 47
18 76
15 74
23 88
83 80
44 33
7 20
82 39
98 23
41 32
26 10
42 25
12 52
91 87
79 6
86 3
57 62
59 78
72 48
25 21
23 25
81 2
14 90
15 89
21 58
11 32
34 24
89 36
19 14
17 14
33 17
100 86
87 74
34 55
24 98
54 82
44 19
68 39
63 49
70 55
19 54
31 48
73 74
95 99
40 32
86 65
21 67
89 75
64 10
43 74
34 9
44 83
25 81
98 28
23 3
23 1
91 86
69 48
94 29
35 70
99 46
85 20
84 18
95 39
7 50
30 16
22 19
38 52
23 20
66 69
28 30
87 84
69 7
21 69
49 12
73 98
24 57
34 96
81 57
60 56
24 15
4 31
24 50
29 86
60 46
92 67
36 89
5 30
13 55
84 98
55 83
37 18
28 60
21 31
80 16
11 64
79 12
95 54
13 74
46 20
62 17
72 61
39 69
45 97
55 68
29 47
10 54
48 78
18 30
6 4
25 60
76 78
21 41
53 5
43 13
38 82
40 4
7 11
95 32
36 13
24 5
28 44
100 6
81 58
34 78
42 56
76 55
20 35
88 62
54 20
81 85
64 97
35 71
36 46
94 92
28 76
59 7
38 57
44 94
8 87
53 45
84 29
54 35
77 9
35 92
16 16
20 17
93 51
8 3
19 16
90 72
99 96
56 24
5 39
75 58
18 87
26 85
12 45
46 96
9 18
55 5
17 84
89 77
3 66
68 15
60 47
50 65
20 16
31 98
59 49
32 43
9 32
53 89
87 54
96 20
76 81
97 51
96 16
49 98
20 58
94 47
32 79
59 37
44 84
57 4
32 76
79 15
87 10
98 61
76 76
25 37
44 99
58 46
29 24
99 55
15 89
31 3
6 10
7 38
21 89
57 31
90 22
64 28
52 47
57 74
71 53
16 66
31 38
5 76
73 77
16 100
37 21
17 60
58 86
97 55
93 22
71 66
67 53
59 41
78 45
55 26
12 55
9 19
8 88
42 19
59 78
22 33
100 17
62 73
64 90
29 53
35 27
7 80
58 36
25 67
71 75
87 63
19 93
16 73
87 56
82 94
31 71
51 15
66 1
93 54
29 22
67 94
52 56
70 28
59 71
33 77
54 66
9 68
65 56
2 58
13 3
16 41
61 48
62 56
42 97
7 3
56 50
32 60
39 57
75 55
38 15
11 98
23 20
54 10
41 26
89 4
33 19
