100 3400
100 68
90 48
25 26
35 74
55 3
37 34
98 93
84 69
66 54
82 24
3 3
9 39
70 58
18 73
39 1
95 61
8 30
63 49
38 11
91 88
86 9
56 45
87 16
33 48
32 61
11 96
52 7
75 91
98 15
78 64
46 44
54 39
46 100
62 44
29 25
6 32
95 96
17 22
82 9
89 84
35 100
59 63
60 98
52 79
23 51
25 12
29 30
56 74
4 52
88 26
32 9
29 83
32 61
6 98
58 28
89 62
34 2
3 56
31 88
21 64
44 69
44 3
57 86
42 55
56 59
19 94
8 39
8 7
97 20
47 80
86 13
53 62
5 90
71 84
51 71
6 56
34 1
92 68
61 80
12 94
19 51
97 21
88 88
32 98
42 41
57 92
66 56
94 60
93 44
52 42
3 65
52 86
47 52
59 23
41 24
79 80
98 55
52 74
96 71
51 91
44 41
79 82
46 21
3 49
96 24
93 2
99 93
42 14
21 13
63 33
61 63
46 60
2 44
59 17
40 64
87 3
10 31
93 95
82 9
48 24
4 10
86 80
56 15
36 9
19 20
39 93
45 88
37 70
90 32
10 42
73 55
28 12
84 23
3 22
79 71
49 85
73 11
67 49
32 12
54 22
21 1
20 51
70 51
92 78
43 13
46 10
74 29
36 40
30 85
54 95
96 51
39 33
69 86
97 11
93 91
5 97
16 41
64 3
87 28
88 85
47 98
3 57
41 39
69 6
72 39
5 74
61 23
58 15
79 24
71 24
28 22
50 66
61 22
85 28
72 42
56 44
49 60
76 11
82 3
68 85
99 72
58 58
95 27
83 51
69 20
84 47
31 90
61 58
31 67
2 74
88 81
89 29
14 91
38 59
39 78
23 2
7 32
24 9
60 13
75 5
62 68
39 79
41 49
80 50
76 26
21 98
27 19
58 63
72 98
33 43
42 98
90 99
74 11
100 77
61 45
98 5
20 80
46 59
72 89
58 19
30 80
53 10
88 33
87 2
6 79
11 10
58 83
94 23
48 2
38 68
75 75
69 39
90 14
30 46
40 72
44 75
16 93
38 24
2 84
92 55
100 2
5 55
94 63
86 58
75 36
85 9
45 99
16 95
88 63
22 50
76 29
30 12
39 63
12 80
72 50
77 23
79 28
47 43
54 10
50 7
5 64
77 16
59 94
63 42
7 25
87 81
44 68
40 49
94 97
53 50
14 93
10 20
62 79
69 69
55 30
39 10
76 82
84 38
66 95
23 10
82 78
91 22
41 70
95 23
85 80
7 3
41 84
32 24
69 33
16 53
23 61
100 15
3 38
56 77
92 22
3 5
57 37
84 29
38 70
78 43
76 13
1 6
48 48
74 98
32 29
43 71
12 38
61 7
71 45
60 71
7 92
7 27
21 6
97 19
87 48
97 42
84 53
31 83
3 63
52 27
48 40
6 28
53 33
38 1
6 30
21 40
35 28
55 66
93 70
99 23
60 12
60 23
87 55
17 82
86 55
15 49
20 72
26 87
3 86
32 85
86 13
85 90
6 14
24 84
45 15
76 69
17 79
8 75
63 84
44 60
2 19
78 46
96 7
82 20
28 14
13 56
87 91
74 35
46 46
61 32
1 75
10 97
27 100
20 100
12 30
55 72
10 72
9 61
20 72
42 72
62 76
91 92
63 46
19 26
78 24
82 58
9 62
4 88
21 55
24 92
88 63
82 74
14 72
56 95
73 72
22 89
76 100
94 11
52 24
68 71
90 5
39 59
26 14
83 56
16 60
32 50
93 46
34 98
34 61
51 66
18 1
10 17
7 58
12 9
97 73
58 3
34 80
45 38
15 25
33 67
34 16
13 38
58 84
9 37
99 42
95 28
7 89
55 59
9 95
39 16
6 67
84 12
63 1
38 63
80 66
16 77
29 61
58 77
76 35
29 90
44 4
19 12
20 63
20 44
4 82
82 30
67 80
50 4
20 49
17 82
2 5
51 84
28 57
27 10
45 93
1 13
97 29
83 19
58 100
61 50
67 87
81 66
65 7
72 11
53 47
83 99
72 15
15 46
7 4
49 73
83 17
10 14
94 87
52 87
64 95
39 7
55 47
29 96
67 40
23 91
7 95
13 63
26 51
14 10
31 60
14 98
37 12
3 34
56 33
96 82
74 51
93 39
27 64
73 52
9 48
50 78
76 73
28 85
36 45
90 84
18 31
64 34
3 12
72 15
25 24
17 83
68 23
95 64
46 44
81 51
87 37
69 55
50 81
51 65
18 33
26 61
58 28
70 24
10 51
41 100
76 42
27 11
87 60
17 84
11 87
73 100
18 53
60 62
9 20
15 68
53 56
95 16
31 83
5 32
29 36
30 86
26 25
100 17
14 8
71 14
23 99
34 67
93 87
64 75
91 61
82 33
64 48
99 41
59 25
11 78
72 87
4 55
100 96
6 72
77 54
26 10
8 50
46 33
32 4
63 99
98 76
62 40
51 31
16 24
88 61
50 67
79 17
70 81
99 16
32 15
20 6
49 68
81 15
3 8
64 83
39 77
85 86
14 13
71 21
65 94
85 55
54 30
15 37
48 15
62 47
42 95
24 28
64 17
34 70
77 18
91 8
72 49
92 10
31 28
79 48
55 41
74 55
41 67
22 19
50 10
30 91
36 18
100 13
96 44
39 39
58 94
23 15
48 24
3 84
43 54
51 70
80 64
68 94
85 46
2 19
29 16
81 95
99 50
16 68
16 33
17 91
100 5
63 100
65 53
47 44
84 10
35 94
78 80
78 99
13 11
67 66
36 15
81 96
94 74
36 81
44 76
75 97
2 94
56 8
94 52
87 86
45 57
71 68
68 30
100 18
13 87
79 71
87 69
5 36
65 83
5 32
96 18
17 1
8 57
89 46
20 65
63 59
79 57
96 37
83 11
2 7
61 85
44 90
27 10
30 25
49 43
70 98
25 18
35 35
43 38
30 34
25 12
48 90
32 32
37 76
49 46
64 75
82 62
49 27
46 24
26 14
53 89
51 46
9 96
74 96
22 49
3 89
35 94
25 75
42 13
66 25
28 56
71 40
91 36
66 67
46 25
75 96
41 89
68 44
94 9
85 71
73 15
8 5
37 18
5 87
60 44
100 68
11 91
74 24
8 97
36 33
31 72
8 41
21 11
54 28
96 27
8 20
32 47
14 44
27 12
55 5
7 2
38 89
3 77
74 47
9 4
6 93
91 58
89 87
85 44
60 87
81 96
87 56
32 41
80 82
70 29
64 13
37 45
44 25
10 37
1 79
71 38
40 27
8 25
95 21
98 35
50 32
55 59
51 89
87 10
90 97
9 100
30 79
16 19
82 59
14 11
73 86
85 61
46 84
69 3
77 84
3 88
76 79
33 33
99 81
75 4
92 23
68 9
32 7
71 44
56 40
18 72
33 47
59 59
45 54
70 63
43 66
4 99
63 17
71 28
67 88
96 5
47 59
19 88
14 70
98 26
7 22
59 27
25 18
25 3
95 100
59 46
81 45
70 49
45 80
34 58
87 80
48 8
46 73
83 97
12 75
74 19
10 95
95 36
98 100
76 57
63 35
93 50
44 80
83 85
1 70
100 90
72 63
45 70
33 37
62 25
55 2
6 42
21 46
76 39
42 100
71 38
38 85
15 37
43 24
29 55
28 22
39 25
37 28
94 26
37 48
91 19
46 76
82 27
5 79
89 12
99 10
94 9
13 12
69 38
22 15
100 7
100 49
79 74
46 11
11 64
20 61
7 95
41 56
26 79
40 59
55 92
9 90
90 70
65 22
24 2
45 15
42 38
55 37
62 36
47 12
45 28
64 48
3 54
57 30
3 65
8 56
52 30
58 65
29 41
1 67
74 67
25 63
93 11
44 84
14 90
1 12
15 82
36 30
12 22
85 26
12 53
37 81
58 83
48 30
65 47
26 81
53 79
21 24
64 94
96 5
74 9
43 86
89 63
97 50
65 5
9 36
1 3
21 23
85 37
86 69
93 63
78 14
28 85
45 84
67 71
33 29
46 39
5 50
91 38
57 63
91 27
93 49
2 95
86 59
31 42
24 50
58 93
27 69
72 10
17 1
19 11
53 10
3 47
4 77
46 63
2 76
40 82
93 36
44 54
75 6
30 29
31 58
30 9
16 31
40 16
10 34
30 9
11 6
43 29
50 5
76 19
64 62
34 52
14 77
62 39
88 55
60 98
34 79
59 32
49 70
64 73
46 88
62 53
40 93
84 17
93 88
43 28
93 51
40 20
15 21
12 98
62 66
24 34
53 59
84 80
7 68
60 32
11 73
30 51
82 77
42 96
8 69
79 68
39 22
70 82
48 23
42 16
11 40
51 72
80 22
14 99
17 92
60 62
85 55
71 36
95 92
79 81
40 1
78 50
17 19
73 55
34 47
33 40
61 12
7 80
15 14
64 9
67 35
69 73
82 45
48 67
2 44
45 92
3 14
14 31
35 11
40 73
99 85
96 58
64 58
90 34
59 65
9 36
29 31
58 71
28 72
85 84
28 56
83 49
51 38
6 62
93 32
11 66
53 5
91 54
78 62
7 43
47 58
88 6
4 66
63 63
34 54
26 23
59 69
81 29
11 13
34 86
24 8
46 26
47 8
6 80
85 1
35 45
80 50
50 58
82 67
40 2
57 33
7 61
61 61
60 31
36 21
87 98
47 62
66 3
2 37
66 41
92 77
48 6
4 39
25 89
81 6
90 34
15 48
5 5
20 23
83 79
80 100
56 3
78 47
78 35
21 52
78 88
75 24
56 26
17 47
24 81
21 92
84 77
46 24
79 99
56 3
58 74
65 97
65 31
1 58
78 33
72 26
26 33
95 18
78 91
38 85
3 20
8 100
62 22
61 59
37 39
43 29
37 98
70 28
50 13
53 59
14 81
67 82
22 97
18 17
39 59
99 29
62 97
96 86
33 1
84 27
28 10
79 46
44 17
8 5
84 5
41 86
51 35
42 84
71 23
98 99
65 93
17 44
70 20
76 34
79 83
96 83
6 19
99 37
8 82
33 9
9 91
57 23
55 72
34 68
83 87
23 99
35 97
50 89
66 98
52 89
30 99
92 36
25 42
92 14
96 50
59 3
67 12
70 15
60 71
98 82
69 9
43 5
53 60
16 36
50 18
93 82
74 33
76 28
45 76
4 25
44 16
30 35
34 83
2 25
50 4
26 23
86 6
100 58
47 37
11 45
78 44
2 57
49 73
48 45
48 3
57 79
45 11
92 26
96 28
31 1
3 16
27 82
31 48
73 77
62 12
61 73
55 76
71 46
89 24
13 14
76 45
22 87
98 2
3 78
79 76
21 76
17 46
99 23
17 13
46 98
1 65
32 14
68 79
92 10
21 21
98 100
96 65
20 49
23 6
93 37
98 37
14 84
95 22
8 23
75 1
56 29
16 93
59 26
89 84
66 96
33 52
59 77
12 32
89 53
60 37
57 78
21 21
76 3
50 96
89 69
66 14
93 46
99 62
54 33
15 11
88 36
97 45
32 99
53 32
39 100
25 90
72 66
61 12
62 21
4 32
43 25
56 50
39 14
63 50
10 13
4 60
30 38
6 57
66 65
85 71
65 61
91 37
48 39
97 12
100 36
59 99
45 47
75 100
86 100
15 37
70 32
22 24
8 15
79 27
20 60
62 72
20 32
73 66
72 67
97 35
66 98
62 80
67 63
18 8
40 65
3 13
94 61
100 37
70 58
84 15
14 46
67 84
6 74
23 90
8 38
81 64
1 18
93 19
65 74
98 23
95 43
59 52
94 49
95 82
37 87
30 17
96 41
77 73
25 89
46 76
12 46
94 71
76 60
85 77
91 11
9 7
62 36
8 29
66 14
49 56
40 30
83 14
71 76
7 77
48 43
77 4
89 1
10 80
79 24
21 69
46 14
97 18
17 99
29 16
27 18
92 8
80 64
1 69
65 28
5 95
88 51
48 18
2 18
27 84
26 59
29 27
97 80
21 80
81 52
34 2
16 68
23 95
83 31
67 6
1 35
31 40
67 62
3 47
43 37
73 50
2 64
33 67
4 44
86 51
96 8
31 70
42 80
83 64
47 5
26 93
100 43
33 94
55 34
6 14
64 74
18 98
98 71
58 85
92 66
78 85
56 50
45 72
31 99
91 16
43 22
57 35
23 87
64 63
39 1
6 7
94 82
28 33
34 13
83 90
15 22
15 81
1 30
87 84
81 48
78 5
91 48
96 91
15 16
99 90
4 66
22 27
36 80
54 57
55 17
8 1
91 100
24 79
77 60
77 19
79 27
7 5
16 37
43 89
63 92
90 4
36 66
38 24
10 48
24 4
55 15
57 2
96 97
82 88
54 44
63 7
41 40
23 27
17 100
22 21
52 85
62 19
57 31
39 68
36 75
47 66
56 95
91 86
84 92
27 23
75 95
54 23
56 84
44 52
98 14
70 44
48 10
10 1
94 19
56 58
83 67
18 69
93 21
72 11
93 93
17 40
40 44
13 48
54 53
57 66
43 81
14 25
73 56
41 57
80 2
45 55
30 6
41 91
23 78
14 27
14 9
51 79
21 43
64 55
5 97
66 19
9 47
78 52
78 1
26 80
77 58
6 9
77 67
44 63
37 29
17 10
3 15
29 32
63 9
51 1
81 68
95 30
58 11
38 89
68 95
58 85
67 5
87 46
16 19
11 1
78 94
35 62
32 47
28 16
5 89
7 53
48 4
61 7
8 14
75 5
69 89
15 15
37 42
85 82
24 48
43 29
73 2
66 57
98 17
59 6
31 51
27 60
12 43
71 59
23 18
24 87
91 100
32 21
92 49
39 19
80 100
15 24
71 27
9 98
92 62
22 82
74 79
91 12
64 60
29 1
33 69
37 83
81 2
97 84
14 54
34 27
92 35
84 53
66 95
77 49
78 72
29 65
21 62
15 43
48 32
71 29
96 2
95 17
23 89
3 94
1 94
52 81
73 51
20 40
89 38
96 99
13 53
9 34
60 66
96 20
85 1
18 47
3 37
52 86
26 36
88 97
96 32
71 93
33 18
33 14
52 10
76 54
43 73
45 25
27 45
41 91
50 17
17 84
63 91
42 65
89 60
62 48
52 68
22 31
98 71
78 21
79 17
40 80
34 54
49 98
94 35
30 33
23 71
68 7
18 79
1 98
68 75
25 48
67 26
9 64
11 54
39 19
67 2
100 1
66 2
57 70
62 2
19 61
32 15
32 76
58 65
59 57
3 15
87 27
35 59
13 27
57 59
85 72
7 17
81 11
21 56
46 11
30 76
41 35
93 2
71 43
62 69
34 47
35 63
74 88
23 30
80 24
90 15
63 74
71 10
70 40
49 12
99 91
34 8
51 3
11 51
43 97
66 20
17 50
19 92
33 11
76 99
64 87
24 45
25 75
87 34
99 11
5 59
32 78
47 14
9 17
53 22
87 64
11 97
56 5
99 36
36 4
20 70
65 69
90 25
99 94
88 20
16 12
29 83
25 26
100 43
63 10
99 59
96 78
92 12
27 93
39 61
87 56
73 68
21 73
61 36
25 67
33 20
38 35
73 18
35 69
9 62
46 97
82 47
60 71
61 29
47 76
44 86
23 78
34 80
98 3
3 4
24 2
70 23
63 49
14 72
33 34
26 87
29 35
65 84
77 69
98 85
19 24
73 44
59 42
48 26
39 36
30 39
43 16
64 51
98 97
35 91
63 65
71 70
20 70
48 72
26 50
84 67
99 35
70 73
7 100
41 38
92 30
89 24
63 12
1 34
76 59
84 97
65 99
97 72
87 100
7 91
56 65
33 67
32 57
87 11
24 29
91 29
26 31
93 84
50 58
7 56
86 32
94 97
48 74
67 75
63 48
3 71
97 55
75 5
36 64
5 17
37 28
17 22
83 62
44 29
58 47
46 67
97 87
43 99
15 32
69 29
63 38
26 42
91 50
66 62
61 26
22 40
50 89
88 17
65 24
96 37
62 81
40 93
48 24
37 36
34 29
96 26
11 15
18 19
74 100
52 33
26 6
44 6
39 68
66 27
24 99
61 44
6 18
11 73
32 99
88 78
29 59
15 60
83 74
95 95
44 40
59 10
28 5
23 73
88 82
21 42
14 61
17 16
67 89
10 47
35 84
50 67
69 88
78 65
28 3
95 28
95 74
38 9
26 9
69 56
42 50
28 64
21 34
30 39
88 11
57 63
87 84
9 79
8 19
49 44
17 38
40 28
26 67
49 59
84 96
44 64
24 56
8 12
60 84
42 76
53 47
76 42
95 50
76 32
37 88
48 41
10 84
89 22
41 38
77 26
54 89
59 87
54 64
31 59
55 65
68 43
82 37
28 91
7 94
39 96
49 60
48 33
67 19
94 78
88 91
21 5
40 33
83 3
89 35
27 39
95 24
65 88
91 45
72 26
52 93
10 14
49 18
88 99
21 45
32 57
52 82
73 29
87 34
98 11
91 16
55 38
90 73
31 48
93 47
44 84
69 69
18 26
78 54
68 35
39 54
94 22
80 56
77 11
62 58
82 80
90 31
19 7
10 8
13 66
19 12
88 48
18 100
10 81
19 40
41 65
1 40
72 81
68 92
34 72
93 12
70 32
2 56
28 19
23 10
55 90
78 15
81 94
23 86
86 33
37 64
82 33
99 77
30 74
40 14
6 79
48 65
98 41
25 60
41 77
23 34
57 41
28 100
74 22
65 89
59 28
46 47
63 48
2 44
68 94
37 90
12 73
52 59
67 70
81 54
86 44
72 8
60 69
63 60
19 20
27 43
43 98
40 60
44 85
61 1
19 83
26 29
57 88
8 36
68 8
89 94
47 71
85 80
71 80
58 97
57 29
89 79
48 37
54 23
85 61
28 37
26 68
55 41
42 38
72 67
13 93
89 4
41 31
18 7
86 21
25 93
38 4
27 45
14 35
57 9
35 58
67 15
93 34
44 65
96 54
61 77
58 68
37 61
47 10
44 12
85 45
69 99
40 97
90 18
11 11
99 53
17 82
75 75
13 98
38 74
46 37
13 12
32 21
6 28
49 99
34 3
89 15
1 88
78 33
12 20
49 65
6 87
19 36
31 85
61 37
72 69
29 53
50 10
94 60
51 1
99 42
8 65
93 50
57 55
81 46
31 53
55 14
97 87
78 80
99 94
97 82
14 51
59 28
28 6
84 90
4 76
18 51
90 52
9 73
49 4
88 6
27 5
61 64
61 50
12 11
24 44
81 38
69 3
98 93
41 57
78 86
14 94
81 15
52 34
13 81
37 79
54 9
2 46
87 57
68 30
99 79
64 73
46 23
83 74
53 16
27 37
81 60
16 6
20 97
75 6
46 72
50 44
62 77
94 30
14 73
8 49
23 42
53 93
30 99
10 98
20 30
65 56
72 8
98 84
23 17
18 89
19 77
95 56
13 36
50 72
97 86
4 15
98 4
98 78
59 97
9 97
72 94
91 29
23 51
12 69
99 91
33 45
92 76
5 90
29 1
35 36
92 6
45 14
98 23
40 26
77 5
1 78
12 64
41 53
94 16
18 83
35 4
69 76
85 41
14 30
1 52
55 83
32 92
57 4
18 17
49 32
86 12
36 94
12 4
88 90
2 75
89 60
59 19
65 57
75 25
80 81
93 93
88 75
84 48
6 72
30 17
43 36
60 57
88 63
88 27
67 58
61 80
88 79
35 80
93 81
77 31
82 1
61 89
5 54
87 91
99 90
31 83
65 39
78 36
21 79
1 60
14 24
34 92
83 57
100 91
93 63
79 51
92 4
78 47
66 67
40 7
76 35
15 80
20 40
48 77
9 25
41 83
94 16
82 98
39 80
41 1
37 59
2 46
19 33
79 99
72 39
16 34
2 17
92 99
98 15
47 33
98 97
66 4
77 31
74 46
22 58
6 49
2 41
16 42
66 1
80 6
94 49
29 92
52 70
18 60
97 64
22 78
95 48
80 32
85 44
15 8
58 70
51 63
15 21
23 37
89 11
89 78
60 89
6 11
26 30
39 35
92 84
65 51
96 9
97 66
57 7
68 33
39 41
13 48
60 28
30 94
12 74
87 5
22 51
47 21
4 43
65 81
28 37
40 13
1 64
19 74
14 68
42 84
39 61
3 34
34 33
62 6
43 29
81 55
25 43
24 21
19 11
11 8
39 70
87 25
91 17
49 4
3 28
11 41
52 8
85 71
60 8
29 8
23 57
99 18
4 74
82 3
42 73
93 46
99 68
23 100
9 93
71 85
96 70
65 60
45 49
31 74
22 1
57 87
19 56
74 12
95 39
12 96
5 57
80 3
59 92
3 69
99 15
54 36
73 74
35 66
70 33
90 4
96 17
1 10
92 41
32 4
10 14
42 50
24 60
10 61
60 79
11 5
81 15
81 1
6 40
26 66
48 38
69 47
46 71
26 70
76 56
75 30
89 76
53 91
32 93
81 42
48 68
32 66
8 41
80 100
48 77
96 32
41 74
72 41
37 27
34 53
57 57
79 47
85 40
96 59
76 56
41 45
29 99
21 54
51 62
27 22
6 40
31 96
15 80
95 93
40 57
87 50
26 93
70 61
25 46
27 64
44 29
100 10
86 9
26 72
14 20
99 9
48 73
10 39
89 17
99 20
95 66
36 73
95 63
90 2
38 14
70 28
16 88
96 70
36 13
71 84
69 57
67 28
46 8
81 52
16 71
27 32
3 89
50 98
21 11
66 53
82 8
25 86
97 22
56 16
93 11
57 11
33 13
71 84
49 62
61 95
75 84
71 31
15 74
87 34
55 54
42 67
51 53
89 18
74 42
8 96
43 11
94 24
21 54
47 42
40 58
93 60
22 31
91 68
63 34
57 56
17 34
70 79
76 16
53 69
63 20
53 26
77 42
56 75
97 82
91 3
43 16
25 12
57 25
60 24
11 51
7 80
95 69
91 89
65 65
17 5
20 53
1 6
36 79
51 92
6 88
36 54
11 80
25 58
72 9
53 66
52 7
22 47
61 75
4 41
11 53
82 76
50 64
46 37
70 78
13 24
26 73
1 48
10 79
6 94
76 22
98 1
88 21
21 71
76 66
73 47
49 6
6 34
72 5
36 14
97 47
72 85
51 31
7 19
74 28
51 28
32 91
47 100
73 46
27 78
55 8
14 68
95 22
35 41
50 12
49 82
92 62
35 70
8 60
24 61
63 67
48 25
28 69
65 84
55 33
59 71
91 16
48 83
9 21
16 7
32 45
95 7
68 72
50 100
26 91
26 29
35 8
69 32
89 82
31 67
72 97
58 11
6 6
78 64
52 49
74 23
43 13
85 15
71 20
26 84
39 92
48 80
80 60
51 85
93 24
21 76
46 53
94 9
26 30
20 52
67 4
64 25
25 55
67 13
31 47
10 99
53 48
22 8
13 14
41 76
18 22
31 75
20 62
94 84
34 65
83 97
50 33
14 58
17 12
34 37
55 27
26 68
59 30
25 87
98 74
19 42
12 93
6 96
70 78
46 15
18 42
41 61
37 4
60 48
48 62
4 20
84 58
58 32
78 18
36 72
55 72
85 50
9 23
33 52
69 48
2 83
27 21
60 72
33 34
78 1
80 55
39 68
20 51
38 33
29 20
79 76
61 13
36 28
23 83
8 14
91 36
31 34
15 71
23 20
64 29
61 5
99 54
90 60
81 42
95 89
99 45
98 33
83 76
22 52
33 65
67 34
18 74
68 87
9 90
3 71
33 59
84 70
19 59
86 57
54 24
76 79
99 88
42 53
37 13
37 75
27 29
27 12
74 51
33 46
10 84
23 12
33 48
79 94
92 15
22 24
72 4
53 87
22 25
29 79
92 72
65 84
18 16
67 73
61 74
98 83
35 33
10 35
69 86
3 100
96 40
42 38
57 42
15 70
2 60
14 23
30 74
92 75
52 53
71 36
5 79
84 59
21 39
83 96
14 75
42 72
85 100
82 22
67 30
81 59
18 74
74 90
65 58
96 56
71 44
31 5
5 6
82 61
87 92
55 4
43 6
22 67
62 95
30 12
25 49
79 2
98 33
98 39
4 44
56 92
71 13
92 32
21 60
56 25
49 11
12 90
57 63
18 51
84 75
3 37
44 49
9 39
26 48
99 30
28 80
33 50
46 33
1 82
6 36
66 36
84 32
93 22
46 99
43 2
81 90
44 44
19 56
36 43
71 76
92 7
16 95
53 70
30 43
62 86
98 62
93 80
79 59
66 93
56 28
76 100
83 47
41 53
89 34
30 96
16 30
54 51
44 11
78 68
10 79
59 56
39 3
12 75
18 97
79 38
98 52
49 19
89 82
59 60
1 33
21 57
81 67
99 97
8 63
67 9
90 1
89 81
21 41
91 36
21 53
21 60
100 6
14 41
92 32
73 2
80 47
77 75
98 18
37 61
48 64
33 76
90 54
55 71
98 98
86 84
89 59
75 46
7 3
43 5
66 100
47 37
68 79
64 55
40 24
27 15
93 20
74 57
19 17
41 64
64 73
6 70
20 64
25 13
62 74
81 55
21 74
13 59
59 57
60 62
18 47
93 72
66 17
40 56
28 42
23 51
78 67
34 33
81 62
31 75
85 35
75 36
80 18
35 100
60 82
12 63
100 37
20 31
87 53
42 66
49 49
26 37
36 19
70 24
57 63
98 27
4 54
9 50
56 52
30 6
88 13
92 3
23 57
67 16
20 60
56 26
15 11
5 32
39 76
34 88
13 55
9 93
76 39
44 31
15 13
93 43
73 26
25 60
93 75
98 43
6 16
99 88
33 99
92 82
1 21
43 7
18 92
68 58
68 99
26 75
39 28
12 46
49 89
14 88
68 100
45 53
80 99
42 32
11 29
71 2
69 71
64 4
27 72
24 92
32 65
69 92
75 1
60 79
35 67
67 18
31 71
57 84
58 52
93 79
65 13
67 29
76 44
69 75
84 90
99 57
36 69
5 48
3 9
24 39
88 94
84 58
99 56
80 59
81 100
20 52
15 36
63 65
71 3
27 24
54 30
55 92
53 76
32 86
32 63
60 17
38 96
13 53
90 7
96 59
59 57
96 91
90 81
51 52
11 4
76 56
56 80
96 86
25 77
20 98
81 83
84 13
36 5
67 94
18 97
61 6
98 37
48 88
73 64
75 90
7 87
50 50
58 37
44 30
54 44
88 33
26 57
68 31
34 39
97 73
10 33
45 70
70 31
8 72
40 77
64 9
19 37
40 98
72 80
17 12
40 37
44 1
91 73
61 43
92 96
75 22
39 19
30 89
53 4
84 58
52 29
21 31
36 45
3 73
75 69
62 64
89 88
84 4
89 64
74 10
43 47
54 14
88 35
79 67
9 18
9 98
43 75
58 66
93 31
17 53
61 61
47 78
63 90
25 26
35 77
11 7
98 88
53 72
100 98
100 98
49 99
73 92
3 7
7 89
94 59
52 60
12 90
88 75
45 18
22 33
65 32
37 23
41 100
60 8
2 87
50 24
73 66
99 65
56 17
49 93
63 74
15 57
20 90
58 26
80 92
19 39
71 98
51 92
12 30
59 62
83 14
36 24
61 76
4 56
36 74
99 56
36 91
43 37
79 24
80 51
14 89
13 11
62 66
89 92
12 14
67 22
29 63
2 43
66 11
33 29
89 97
5 29
54 14
34 51
55 93
74 79
29 11
6 73
89 56
55 82
76 96
26 97
35 71
72 59
95 49
11 88
6 62
23 96
84 96
54 11
83 92
24 96
52 36
56 62
28 96
93 58
80 21
14 82
85 12
75 30
16 41
61 86
95 18
22 13
86 79
70 53
19 69
59 56
87 24
55 96
55 43
28 81
4 79
35 22
75 28
42 11
78 76
12 78
40 59
84 37
93 69
99 45
16 32
46 15
31 25
37 53
99 11
11 14
85 72
27 63
26 19
81 55
3 28
42 28
42 95
84 95
100 49
52 68
17 77
69 35
27 17
52 1
43 46
30 61
18 92
84 3
53 47
20 20
29 15
77 80
92 37
99 27
23 4
68 45
2 21
53 6
3 3
43 10
27 20
82 34
55 41
9 97
4 98
55 64
67 52
40 15
82 62
59 77
2 12
46 16
23 59
56 95
7 71
22 86
23 51
14 25
60 69
78 41
47 3
7 6
2 16
32 76
93 28
22 30
33 27
15 13
73 11
8 2
28 42
9 84
80 97
81 47
98 11
68 32
11 23
43 18
53 81
11 3
36 69
43 65
45 73
21 41
6 94
12 67
13 74
97 72
21 5
46 43
48 27
74 21
87 4
84 77
80 29
15 40
59 100
23 18
25 56
35 59
60 94
25 87
78 89
97 63
74 31
22 73
26 66
32 4
23 72
64 86
99 3
35 88
58 58
36 25
81 26
9 19
75 29
42 69
75 7
49 91
15 64
99 98
36 39
54 89
76 90
97 1
70 12
39 46
57 1
92 51
30 50
11 90
25 42
2 85
24 10
86 58
17 14
96 77
3 26
84 29
72 58
86 86
2 94
32 66
65 79
38 99
83 4
66 66
64 50
48 80
74 52
98 48
70 39
29 22
94 35
43 59
5 37
35 82
22 7
89 28
49 35
67 9
76 16
25 33
87 48
41 81
68 48
3 35
89 19
47 81
21 79
70 99
38 42
1 60
98 10
98 81
9 98
77 14
49 3
96 90
70 16
3 52
15 70
85 89
43 24
20 75
100 93
21 77
20 25
71 20
34 43
47 60
86 22
42 28
82 36
75 50
34 90
69 65
45 42
46 57
82 8
58 70
72 33
33 25
89 58
85 38
3 11
1 45
34 69
49 57
32 63
63 44
82 14
3 84
64 9
16 47
48 94
13 52
60 43
21 92
59 74
99 79
36 37
27 64
71 66
7 88
70 12
15 76
70 45
53 90
83 10
14 20
47 54
35 93
32 91
29 49
89 32
2 78
37 17
37 10
33 18
18 74
77 72
79 78
6 74
56 46
54 25
44 42
99 65
2 83
68 70
1 37
60 16
36 3
19 87
87 54
50 83
56 1
7 18
63 62
91 93
35 28
74 59
90 43
78 70
49 24
97 67
46 34
38 38
15 74
36 60
14 24
64 91
16 95
10 70
8 77
55 95
54 57
54 23
73 75
26 49
68 99
54 95
34 62
37 11
3 88
50 91
41 28
54 33
35 15
21 65
17 94
44 78
50 87
50 77
48 56
54 86
8 4
11 32
15 68
53 97
42 76
9 40
32 55
80 14
34 74
84 29
2 89
14 76
33 96
10 5
67 96
19 97
