1000 2233
392 149
779 899
199 285
734 862
607 103
590 688
679 855
361 943
968 651
132 548
521 375
471 315
44 266
758 494
574 399
634 995
419 821
870 881
647 383
620 727
878 781
789 6
469 449
868 282
470 723
84 764
712 838
197 555
941 968
59 902
59 382
647 3
940 854
964 68
861 203
523 101
322 452
104 447
953 749
154 184
802 316
751 361
406 253
61 870
285 559
74 346
574 269
179 486
332 115
514 46
53 135
637 659
356 701
427 464
634 931
837 981
588 242
882 949
608 831
483 158
596 42
79 37
143 377
376 367
838 558
565 33
224 181
958 770
555 896
723 588
781 683
766 670
36 740
557 579
135 429
160 14
479 980
339 887
524 153
522 742
774 253
646 360
86 249
723 590
202 383
41 798
140 175
796 681
260 388
772 627
690 613
214 367
813 804
952 48
358 458
761 65
613 625
799 654
923 137
687 129
999 724
192 910
314 257
864 231
986 820
718 936
754 733
662 196
497 253
441 62
895 692
234 193
995 590
313 929
591 425
748 560
954 848
25 90
925 595
886 609
623 277
634 833
697 573
64 589
771 349
299 569
997 582
981 149
143 2
294 976
817 425
996 611
907 109
29 354
399 813
438 359
114 325
623 391
727 925
565 882
387 918
247 871
474 912
642 174
345 631
21 364
778 585
541 507
603 513
522 383
159 760
265 402
75 638
264 368
386 861
924 820
330 239
878 338
437 259
282 978
449 964
327 692
704 498
106 782
801 127
938 15
269 458
357 8
355 976
602 406
444 406
877 370
135 824
655 640
646 462
539 627
24 697
890 488
453 402
576 622
165 516
325 580
553 685
868 939
248 25
727 488
132 943
657 100
810 738
794 924
454 665
735 664
276 55
224 416
816 995
217 50
775 34
241 710
236 928
477 59
204 27
598 238
34 632
767 282
220 795
976 331
972 100
558 738
215 61
784 396
450 885
483 427
120 679
408 683
509 756
529 374
990 829
735 849
31 826
47 301
268 53
408 927
32 655
438 480
121 843
427 773
241 902
729 640
639 550
800 869
572 95
710 166
943 567
755 104
969 604
818 576
322 558
786 651
553 369
896 481
655 730
135 984
176 121
732 436
988 227
209 523
222 490
790 641
784 971
690 957
557 671
830 538
86 339
291 567
678 760
734 792
222 419
531 586
711 499
297 277
557 79
273 338
626 908
488 826
418 407
388 286
733 859
177 804
526 650
930 694
23 616
958 149
701 663
817 561
577 444
191 44
421 415
422 15
778 230
623 922
757 314
345 840
149 408
166 432
151 761
877 717
506 746
902 423
900 861
937 104
987 615
111 488
60 728
951 490
671 270
720 66
56 195
520 632
842 669
163 220
701 701
536 896
373 378
796 935
863 576
231 926
374 845
621 437
215 237
334 394
853 568
406 262
605 495
886 158
227 546
233 227
68 372
64 114
426 333
647 493
771 63
517 529
34 522
976 678
709 209
199 650
301 395
302 718
201 730
93 727
379 327
513 182
537 196
426 137
349 128
99 912
726 95
262 80
725 648
109 348
361 333
978 735
595 606
744 75
635 70
479 485
329 237
228 78
780 500
358 571
95 556
763 558
279 415
409 724
286 197
669 813
523 425
103 519
72 946
932 139
371 811
755 935
837 746
105 666
278 76
181 962
759 952
940 425
598 24
630 244
110 883
495 331
204 270
807 764
771 782
786 449
201 639
657 901
152 496
800 770
686 149
294 110
205 28
120 865
636 608
965 800
876 802
203 790
587 906
505 982
644 642
83 786
798 908
122 23
521 615
617 366
348 814
601 981
161 896
661 884
847 393
279 905
783 296
466 500
872 223
429 651
812 47
974 159
1000 401
621 654
984 45
608 191
518 217
420 85
574 660
113 66
955 254
778 455
778 703
444 21
284 501
954 691
179 105
857 246
154 641
85 452
314 820
419 104
766 265
693 354
392 360
777 764
761 823
330 5
837 350
93 850
44 347
894 408
475 383
537 892
817 640
305 307
186 365
780 442
760 845
524 255
133 920
288 565
745 348
433 789
490 9
389 896
391 622
440 405
181 850
518 921
442 467
570 834
981 131
571 540
308 533
17 452
731 373
468 383
492 861
550 884
586 513
188 630
861 364
440 19
561 192
954 879
62 347
122 242
785 812
464 182
778 354
285 922
469 21
231 929
529 267
609 116
603 957
864 804
132 703
815 657
223 283
220 446
716 607
713 402
496 882
428 216
755 435
447 520
392 834
728 180
128 797
578 108
111 941
403 706
14 790
812 183
863 522
820 52
237 735
509 586
889 684
261 786
694 672
831 606
518 891
112 758
402 907
538 628
942 497
748 801
890 337
359 589
50 38
571 411
615 435
144 130
157 299
803 978
605 148
653 617
301 977
557 838
120 860
366 794
939 488
184 201
993 443
199 541
495 562
436 300
465 946
106 797
148 144
858 855
506 955
584 131
393 940
203 333
84 117
65 518
64 359
272 461
273 162
702 705
738 985
915 697
112 355
442 508
672 412
908 761
677 177
468 697
971 760
619 256
622 894
30 87
604 254
387 85
407 745
536 105
492 329
636 970
446 140
148 671
147 559
871 415
806 865
891 907
516 987
438 351
255 295
253 837
94 374
72 97
195 640
92 462
363 48
96 743
506 526
232 727
356 643
285 370
229 544
179 617
274 127
274 514
862 888
430 574
702 230
847 458
589 632
706 582
393 368
750 361
828 735
679 635
188 527
54 625
427 303
47 204
711 851
745 810
803 714
778 780
509 662
401 263
574 63
530 403
133 25
390 47
364 593
504 610
241 859
16 348
719 103
700 651
858 992
306 774
647 620
296 214
801 735
125 624
621 175
316 468
15 209
24 545
363 715
59 175
589 72
189 851
409 647
676 846
996 836
374 814
312 422
208 724
156 463
243 589
202 576
425 978
592 690
404 327
351 141
616 567
287 405
764 358
257 648
221 14
627 929
35 531
536 264
603 463
54 680
291 327
278 16
608 283
871 939
427 210
475 864
48 724
992 74
470 142
184 888
90 194
857 926
739 68
486 139
127 318
885 345
805 932
559 769
137 857
956 764
196 169
964 434
521 365
70 271
793 50
421 297
368 81
197 764
606 913
595 438
846 713
795 35
50 742
71 546
597 731
967 77
607 76
979 749
445 306
27 477
439 922
936 346
585 86
176 137
90 82
781 385
503 704
375 357
345 549
678 811
923 617
656 223
877 75
833 689
852 987
158 282
383 158
657 780
867 822
705 543
273 431
342 292
339 987
433 262
282 951
618 868
235 812
624 969
413 919
53 52
932 945
135 312
226 535
121 525
137 75
871 189
138 81
358 544
512 291
241 921
758 54
253 118
93 339
102 819
639 319
688 448
111 611
527 39
398 36
79 295
184 196
909 284
117 495
208 303
736 883
123 777
566 984
418 822
546 406
211 771
464 396
412 689
29 741
717 717
859 97
138 297
664 650
10 674
503 328
491 104
381 462
963 857
461 738
368 93
733 857
786 715
815 952
100 955
529 668
694 579
453 403
765 995
794 489
418 808
225 325
607 964
464 417
582 332
715 565
817 801
230 76
922 680
244 565
77 858
147 147
713 300
118 46
516 648
617 760
300 115
729 561
702 133
362 460
306 324
102 119
493 441
933 503
709 969
791 426
969 21
524 595
655 426
197 857
468 770
552 352
992 34
367 966
175 978
905 567
913 104
648 98
2 45
666 754
667 494
289 23
711 204
483 386
911 813
922 396
615 993
84 471
798 773
468 819
546 515
815 515
994 64
153 190
610 973
918 422
426 423
337 124
655 480
736 202
597 519
947 243
487 519
343 461
23 521
983 601
428 839
301 581
479 297
812 322
823 138
100 805
247 41
106 15
435 666
525 662
439 299
531 962
48 311
962 840
136 446
663 531
214 923
26 134
524 597
784 587
231 566
888 935
835 615
655 91
405 930
188 61
270 407
684 821
415 768
271 696
279 628
881 153
975 15
290 891
175 145
95 504
366 179
398 373
741 813
934 963
468 755
21 792
597 395
544 796
772 488
854 237
693 506
805 227
806 668
916 412
784 517
95 681
570 728
623 279
446 355
751 248
506 532
608 31
985 751
309 31
656 761
704 21
745 977
652 17
915 57
704 634
343 81
562 879
429 77
506 526
53 186
659 856
143 261
197 939
260 300
398 479
458 426
76 538
899 535
540 556
86 542
215 379
149 238
312 401
238 50
943 785
667 281
432 605
57 622
381 819
756 929
288 51
522 348
146 355
412 998
647 499
784 116
847 562
745 267
431 399
517 119
942 600
414 56
840 790
594 424
407 143
139 390
501 899
464 261
130 928
202 341
212 863
896 185
498 244
259 64
417 129
971 653
536 243
968 919
923 76
769 393
555 192
737 355
835 592
133 183
709 842
991 397
524 422
358 879
712 730
868 558
549 744
806 923
883 563
304 943
687 117
311 283
201 580
588 321
221 177
104 521
666 775
66 380
301 258
227 102
511 301
403 747
403 139
328 545
697 215
734 334
222 963
698 270
994 405
214 310
488 774
321 780
881 529
396 68
737 250
269 684
689 628
336 769
780 306
465 16
938 223
251 966
119 782
276 320
405 674
766 756
814 879
112 246
619 488
523 997
72 678
822 971
365 616
195 552
622 189
983 39
164 987
734 551
643 884
316 59
690 724
813 707
133 404
982 801
758 122
921 245
736 335
85 618
739 367
628 70
27 85
716 782
585 172
439 959
712 887
18 478
145 922
305 9
528 398
498 748
660 129
750 614
963 260
443 281
427 331
804 413
659 152
927 117
576 377
862 440
616 494
999 161
363 564
84 528
772 708
412 792
812 540
960 54
808 477
111 184
214 835
322 228
196 113
136 788
737 570
76 249
538 545
250 589
958 698
949 215
427 86
972 475
351 523
473 504
943 530
617 824
291 439
486 115
264 781
264 492
517 439
543 778
30 304
947 89
421 564
509 543
947 85
891 703
899 255
96 945
896 243
393 680
426 208
641 794
398 965
62 876
571 321
113 4
501 164
114 485
837 531
442 814
287 807
304 779
778 774
221 891
468 145
567 400
540 885
769 834
790 834
402 572
267 823
66 558
502 604
856 17
295 862
286 422
508 478
795 303
435 778
208 501
562 795
996 544
272 950
928 586
665 891
212 949
989 721
256 936
897 824
140 614
580 333
200 734
364 242
996 220
607 51
994 639
298 114
711 305
62 755
462 370
541 721
668 286
449 951
29 714
102 584
342 66
435 904
145 494
237 825
964 609
653 295
26 833
973 772
736 466
806 93
833 627
836 946
43 191
520 378
912 940
174 133
910 104
565 920
815 23
122 869
866 310
428 608
1000 36
609 795
632 179
632 459
123 475
254 688
872 736
561 585
969 231
31 46
109 245
672 932
428 432
112 501
526 19
823 5
108 471
168 470
357 125
69 765
835 252
649 706
459 905
557 36
241 970
564 915
833 914
846 284
823 953
689 169
56 89
203 678
903 754
969 933
361 958
220 995
201 222
583 273
37 651
642 419
647 173
530 268
469 368
174 33
697 58
268 873
985 703
810 604
256 989
445 217
891 680
429 222
638 967
847 667
813 429
802 447
11 761
106 362
486 542
729 913
560 588
609 894
40 477
715 486
447 513
907 425
452 818
177 708
672 513
721 26
699 143
212 15
165 117
141 60
333 789
861 886
310 342
200 311
501 467
718 548
837 445
562 29
939 829
70 287
937 11
558 101
815 354
984 811
334 425
650 938
483 547
148 712
970 456
186 660
816 114
11 550
152 201
293 149
304 672
46 471
321 701
460 493
434 588
103 292
324 445
978 437
687 506
589 221
253 730
950 126
506 129
843 468
322 685
969 777
667 106
465 290
542 839
733 672
498 551
391 736
633 258
235 195
978 777
840 439
413 997
340 644
386 640
437 511
10 354
448 66
964 846
125 786
834 610
625 976
865 835
650 513
165 806
543 814
642 680
286 5
516 952
732 342
712 775
209 846
25 551
649 119
412 121
12 734
868 501
582 740
247 878
272 326
726 435
805 645
865 296
454 135
945 987
823 276
69 47
327 353
973 836
996 305
866 349
629 407
804 880
70 757
178 682
383 240
510 209
277 753
246 168
664 325
69 462
796 822
567 367
448 401
136 449
753 966
270 49
800 139
635 900
816 585
292 254
561 757
188 150
216 184
786 584
476 120
126 434
99 789
896 583
483 349
857 407
217 792
801 13
205 332
215 136
108 602
748 674
109 391
640 540
525 348
779 264
243 799
502 741
548 440
911 471
80 477
89 821
491 166
81 1
493 49
554 555
731 343
66 967
267 317
459 298
572 525
91 593
572 114
324 434
480 575
197 200
399 441
935 11
815 288
304 110
719 802
363 288
827 760
711 59
348 968
108 632
757 905
177 89
215 666
888 534
646 763
304 361
241 65
603 802
518 87
69 99
299 184
731 12
718 534
753 760
719 942
827 751
401 50
685 314
140 5
667 890
366 418
922 426
837 798
933 704
598 970
673 400
858 18
25 249
972 456
410 646
980 257
184 6
846 287
48 500
628 605
220 247
880 950
482 675
667 815
221 719
521 137
779 125
74 712
85 54
211 262
170 491
163 496
444 717
799 432
465 277
158 505
923 284
501 583
297 653
820 412
444 286
622 812
954 203
509 962
375 59
421 232
855 913
197 244
541 468
89 989
192 567
250 266
840 234
572 827
117 807
574 206
769 638
966 819
329 841
91 721
783 344
569 231
323 255
352 939
102 707
149 287
797 689
520 727
220 567
125 564
368 401
467 844
12 5
848 735
29 383
82 948
566 766
15 738
813 45
942 87
356 387
460 573
577 59
985 992
102 925
1000 201
129 635
786 14
501 45
627 727
944 894
268 795
11 148
464 9
989 980
831 31
56 371
613 503
419 238
716 661
558 931
182 314
377 182
532 708
805 413
538 292
657 4
600 998
950 834
626 380
828 314
969 956
195 659
561 29
227 857
537 334
548 410
942 216
782 345
695 142
715 110
354 876
464 251
566 805
936 913
399 596
713 849
958 124
180 364
230 416
913 140
920 460
345 360
336 609
18 580
757 261
655 342
917 73
293 515
95 305
144 64
703 840
716 73
461 153
619 149
774 247
726 599
50 670
980 767
156 471
796 679
197 376
977 791
178 210
865 642
465 417
886 367
1000 600
781 808
878 346
33 86
296 554
272 819
909 668
549 638
947 449
125 531
608 943
938 248
937 511
755 2
166 414
754 142
92 980
748 800
522 640
493 31
300 833
257 399
348 542
284 237
484 496
387 87
972 683
857 474
130 145
467 122
957 566
980 637
978 5
474 304
48 65
63 881
691 797
785 675
340 933
250 381
975 27
992 171
51 859
942 555
38 887
498 994
55 779
157 453
602 986
350 968
176 423
631 674
196 501
110 735
310 368
238 477
596 914
555 455
860 223
378 525
804 681
438 162
987 700
612 797
493 43
304 705
586 41
894 404
359 825
178 67
635 191
440 541
380 69
685 828
968 663
619 247
212 927
97 803
81 977
497 493
873 864
17 553
350 256
387 903
948 730
68 32
586 155
80 597
590 996
181 889
198 892
811 226
71 617
539 524
489 699
333 958
360 386
80 418
21 338
142 913
708 998
45 373
44 866
135 54
802 40
162 390
109 116
745 893
763 120
858 309
859 529
198 166
970 208
189 260
6 857
535 588
93 167
563 627
751 150
388 431
400 480
903 587
80 217
630 895
482 195
1000 302
648 595
774 799
453 146
472 509
562 868
310 263
994 268
608 976
653 223
279 320
105 308
153 473
868 371
505 563
291 339
20 640
583 89
541 800
875 152
849 647
383 628
780 978
592 558
259 422
773 731
248 721
428 685
186 343
75 928
553 574
351 886
526 738
928 484
409 122
699 267
201 729
311 375
560 486
640 691
268 916
344 596
608 91
489 801
864 293
588 922
633 2
805 694
334 628
60 435
468 436
221 57
543 619
849 983
259 50
419 365
372 202
420 41
94 685
640 746
494 339
535 616
910 190
268 858
989 447
321 670
309 702
770 93
372 30
709 563
923 702
416 515
330 777
163 866
498 911
786 96
569 546
28 226
178 754
479 186
778 81
441 333
484 968
920 812
638 1000
268 892
522 754
816 278
374 848
860 887
100 977
262 905
723 921
244 305
68 462
275 47
549 916
812 49
578 618
73 584
855 99
316 864
623 958
561 797
696 951
24 25
301 620
276 599
507 664
310 283
100 699
986 511
343 567
288 72
357 469
469 319
774 6
392 41
642 51
613 959
561 54
949 455
316 582
756 377
481 855
970 842
386 232
691 829
6 403
311 5
63 616
978 163
931 578
237 310
548 200
931 703
936 30
813 401
593 305
847 55
669 911
384 926
687 77
166 910
716 791
336 981
992 107
90 180
383 502
588 240
892 709
867 546
773 685
527 560
140 461
180 642
392 127
633 53
162 242
755 587
425 346
11 521
598 927
276 952
480 570
174 861
322 859
942 442
928 126
875 442
438 176
931 928
833 215
324 385
235 464
595 749
19 543
392 594
859 978
896 865
672 718
498 151
590 825
163 678
970 638
634 361
806 540
276 459
80 783
609 217
10 342
821 699
540 875
24 919
926 406
695 550
919 970
160 749
353 431
146 214
233 422
515 460
316 56
752 363
605 504
928 837
648 476
337 477
275 672
122 809
759 794
671 272
555 31
265 96
713 501
291 738
384 719
566 420
808 493
182 230
873 529
114 422
812 434
928 492
136 885
430 270
175 671
498 781
590 388
828 295
296 708
951 939
356 160
587 656
267 409
982 934
763 794
46 426
622 9
24 735
299 706
989 856
252 660
808 911
887 145
713 921
614 58
260 928
622 642
835 960
987 766
456 570
811 779
28 499
399 712
611 118
733 487
510 622
72 289
159 5
182 79
824 9
81 385
373 345
519 995
709 548
275 363
597 82
225 133
605 673
189 15
80 585
909 453
80 288
530 134
497 960
652 293
650 532
963 681
983 846
246 845
201 460
96 521
204 374
118 551
159 810
682 6
232 41
227 499
342 447
123 995
125 974
784 155
397 444
251 544
771 600
700 679
143 865
844 150
893 487
49 41
796 608
461 102
962 412
416 121
581 826
226 17
947 273
530 529
155 47
617 248
274 846
631 233
712 594
573 732
352 292
34 307
779 562
471 702
789 85
338 895
975 481
639 583
900 704
722 295
116 968
734 872
227 176
345 108
899 991
941 994
158 253
273 390
189 184
239 654
332 161
555 366
803 876
10 493
238 588
544 686
702 852
545 704
943 247
673 583
576 640
236 728
702 211
487 265
872 203
580 838
412 25
947 725
945 164
387 524
179 219
509 213
931 757
682 97
276 281
559 858
935 398
736 463
504 789
931 972
790 425
345 351
671 558
312 596
362 336
467 138
763 87
216 988
226 105
193 746
428 560
676 157
81 816
267 406
108 819
365 23
582 141
107 648
4 839
740 236
388 960
257 465
396 383
929 804
403 467
895 411
918 475
431 665
228 134
244 365
923 325
413 659
793 700
764 225
179 428
174 987
953 428
229 465
192 371
231 496
514 92
626 563
568 140
963 497
964 436
132 955
188 87
565 847
539 67
60 918
678 747
576 837
248 48
670 612
207 444
877 242
516 757
337 470
703 584
739 167
705 708
439 558
969 203
324 183
480 36
624 836
716 724
298 633
257 208
686 321
939 172
309 696
813 847
242 830
573 869
838 130
461 532
700 541
828 791
326 635
267 678
726 86
337 660
790 746
392 176
73 394
837 148
199 498
307 217
693 82
153 889
706 298
679 556
340 480
437 588
185 667
157 304
430 468
108 101
404 704
797 488
893 383
989 933
883 352
48 67
82 907
219 942
857 669
488 500
606 376
741 705
383 304
629 403
961 511
229 598
244 705
568 152
724 617
572 262
98 995
779 62
458 16
43 819
147 117
742 533
234 859
707 190
94 585
163 653
869 893
965 847
366 559
58 297
230 735
801 551
571 362
172 849
524 688
362 232
446 873
219 645
608 363
567 883
169 438
479 360
348 152
890 688
971 57
626 106
25 777
92 793
479 61
172 36
424 142
759 54
172 353
