1000 2233
649 330
841 868
182 273
890 44
680 121
298 772
491 205
986 596
880 621
839 758
224 523
265 127
879 365
800 669
231 421
600 956
885 302
616 650
467 236
786 793
576 693
486 940
584 775
665 689
712 72
692 285
763 7
678 561
429 977
563 394
410 285
538 317
456 326
798 256
582 521
866 900
811 393
223 676
386 111
779 467
121 399
409 389
719 133
871 797
536 322
873 673
706 229
865 42
250 904
902 824
585 492
772 244
139 444
737 100
117 269
546 109
415 106
313 539
325 648
230 994
139 657
244 873
696 993
810 261
658 726
867 655
628 209
576 645
23 91
926 105
90 813
938 485
364 653
321 497
388 245
487 953
614 66
921 789
980 205
690 304
747 429
746 298
770 892
58 110
159 782
441 644
369 125
754 720
974 47
692 185
719 254
257 891
200 479
887 414
257 588
434 596
695 314
600 175
339 596
347 368
426 278
995 481
459 858
121 477
20 502
293 562
358 404
682 750
316 946
68 583
88 920
265 1
750 732
389 84
855 817
356 452
312 571
860 223
184 661
608 619
661 347
406 949
768 336
618 738
716 930
169 498
435 713
175 224
945 379
905 188
687 715
76 169
825 285
756 559
401 604
638 490
906 157
470 241
677 481
441 776
775 207
765 518
169 223
956 640
135 432
85 212
706 835
27 391
558 549
308 984
484 609
411 634
33 748
894 14
853 519
832 102
286 721
888 859
154 659
729 417
416 825
384 918
336 183
561 710
630 98
115 322
843 27
111 36
980 856
630 606
599 657
699 114
63 499
357 27
701 168
819 889
489 930
311 79
345 532
833 509
837 363
922 543
466 210
546 76
904 356
860 295
348 254
149 154
23 841
440 494
124 365
780 325
310 801
772 552
392 964
374 321
795 903
301 171
379 481
192 476
962 930
464 434
476 232
149 443
626 853
770 995
935 654
221 90
390 310
32 436
674 225
35 911
395 353
495 400
472 117
420 198
152 501
20 390
128 287
214 581
192 493
438 29
477 753
89 943
900 16
319 923
951 318
559 144
792 799
544 62
136 218
697 845
591 762
334 628
373 761
874 299
197 312
103 281
956 113
967 543
614 525
975 898
474 918
119 621
801 343
491 109
34 758
365 779
49 217
40 902
868 54
798 366
565 489
500 666
195 930
841 595
976 860
994 247
260 520
889 999
513 992
297 584
629 340
588 502
283 960
357 965
498 132
134 86
892 195
852 784
192 332
110 812
417 548
993 208
238 162
151 661
568 378
451 90
822 347
270 558
388 385
934 289
895 827
706 876
779 510
863 796
317 256
438 939
818 30
299 47
102 214
175 330
382 286
656 168
751 867
852 876
508 963
249 875
499 740
632 239
25 330
173 45
394 85
929 103
585 632
416 100
446 548
676 299
275 434
776 427
159 925
917 766
683 190
624 946
679 206
602 567
510 551
407 131
373 19
480 161
56 532
393 693
422 530
971 594
960 201
347 780
710 424
849 246
834 426
706 518
282 529
383 684
362 254
500 807
624 170
642 407
767 369
77 124
908 994
470 718
972 32
58 770
812 940
385 292
759 824
712 423
972 877
559 255
22 158
220 87
610 939
87 483
572 735
76 384
322 883
4 167
743 433
691 982
290 73
499 342
580 711
832 382
966 531
483 862
745 311
79 141
299 685
63 364
553 607
238 433
527 997
677 781
914 26
48 350
719 935
617 406
297 535
252 770
503 769
570 403
435 242
686 617
876 232
867 339
829 632
627 512
428 280
129 929
667 494
481 892
883 495
891 483
36 833
611 307
790 482
172 942
884 998
584 321
68 229
249 46
800 258
956 227
287 493
809 714
76 874
340 511
14 576
991 189
727 347
566 833
814 107
577 85
349 179
749 863
731 154
580 423
138 685
720 732
2 291
652 8
749 272
851 791
121 522
863 261
841 527
979 669
668 821
361 506
541 825
854 82
945 465
561 853
596 818
391 403
428 730
450 123
932 302
941 781
267 326
290 985
922 444
564 78
602 97
197 228
76 344
729 138
886 953
753 273
509 375
362 398
973 539
891 860
307 823
299 712
412 507
288 411
731 899
824 332
471 918
244 331
714 513
704 55
547 419
69 337
669 279
8 23
222 84
792 18
441 56
363 920
404 417
801 875
667 187
16 959
771 845
79 672
904 651
859 570
239 181
716 783
300 511
41 637
582 215
672 885
430 171
231 549
548 992
358 647
682 883
50 416
550 260
764 746
428 902
152 58
794 905
295 658
419 216
693 72
381 76
363 110
323 646
126 808
275 649
310 833
648 222
32 798
17 557
413 665
689 859
737 663
917 790
396 515
841 323
228 97
827 457
794 243
470 516
680 200
993 458
769 416
942 593
905 329
587 367
329 157
404 641
981 338
815 797
829 592
766 223
103 535
513 896
787 614
41 50
526 861
222 949
664 564
138 910
478 305
828 275
688 655
503 408
724 249
488 124
273 19
459 173
269 522
566 216
352 886
212 378
551 935
659 994
410 501
847 140
493 335
781 223
451 733
840 24
590 726
64 181
225 547
686 403
934 210
826 969
168 580
813 122
811 839
991 31
663 132
578 299
104 394
541 45
601 825
506 353
428 272
520 87
539 713
545 75
67 95
477 907
348 182
486 861
754 11
298 934
623 320
492 899
646 370
947 140
74 707
746 788
13 232
102 715
449 475
835 596
675 122
120 311
394 166
758 392
381 150
516 438
826 313
158 757
776 663
866 260
102 489
498 560
889 525
780 359
778 43
533 798
126 330
377 76
76 363
805 397
434 525
382 151
417 816
223 432
524 906
983 822
437 733
736 621
233 623
2 205
775 584
269 970
236 647
939 2
721 294
12 202
260 265
767 722
347 852
528 484
652 242
124 857
152 102
151 756
155 718
654 925
862 34
101 271
797 82
187 538
722 790
505 2
504 75
975 590
152 341
223 842
775 191
680 533
158 212
212 164
689 898
674 237
505 138
429 637
306 690
594 27
205 35
78 946
407 642
87 667
977 59
734 712
46 873
779 922
616 464
856 85
682 332
733 551
911 623
147 212
418 735
513 964
796 685
379 796
2 783
941 529
92 574
764 904
247 641
277 33
308 817
684 951
103 539
527 354
280 361
17 261
741 433
119 736
383 796
558 502
840 808
331 528
995 519
153 113
636 734
983 513
228 359
847 562
791 271
913 214
133 8
862 998
332 656
941 932
476 297
913 555
194 295
624 753
934 685
358 660
748 368
968 754
351 370
970 679
321 536
682 819
573 597
562 569
462 477
457 258
141 587
195 296
614 75
85 83
115 584
146 919
432 256
672 548
301 27
939 853
288 759
410 930
624 879
437 942
131 983
397 169
153 914
620 79
918 332
600 703
140 137
365 740
854 404
664 848
327 880
780 252
657 723
913 866
438 718
368 691
707 966
576 545
816 950
780 54
601 571
115 395
360 214
639 323
656 902
279 141
403 771
228 485
526 260
239 507
744 898
426 898
686 19
795 35
42 256
540 488
335 55
709 225
983 681
321 58
653 333
516 675
44 932
716 951
206 443
277 749
309 660
587 82
261 565
796 61
64 855
515 282
353 24
487 768
257 258
41 771
350 514
570 394
447 17
706 386
601 934
258 825
813 267
651 988
687 68
125 569
337 651
353 678
334 886
911 856
959 63
41 645
305 403
942 811
493 708
328 198
303 607
862 334
840 7
739 438
612 360
949 150
973 356
727 186
454 882
831 130
696 594
585 136
560 386
554 700
423 268
589 267
1 46
586 380
271 656
778 634
365 609
124 141
828 323
28 25
193 331
270 668
348 178
255 324
410 854
165 168
60 601
834 898
38 545
621 3
569 103
280 335
929 640
779 429
415 319
632 480
520 617
525 464
348 991
445 530
872 712
975 172
796 644
77 706
742 58
623 652
526 411
366 877
440 668
305 446
669 920
331 609
610 548
258 422
135 906
314 857
832 494
280 810
296 196
64 507
906 384
272 302
942 188
858 365
554 510
598 256
630 95
525 482
39 453
287 372
213 57
406 913
652 66
185 144
351 673
554 742
136 339
536 353
834 346
534 118
152 444
482 907
634 602
671 774
119 50
19 220
438 782
290 18
963 243
609 912
617 139
884 914
722 379
968 789
665 382
753 632
600 664
30 64
658 283
864 474
34 54
463 141
146 265
565 709
822 210
736 778
606 627
828 791
247 105
311 699
83 575
252 499
500 385
225 990
469 553
248 8
833 486
545 319
458 784
719 49
475 605
127 860
471 863
436 365
968 12
950 690
16 285
222 688
36 871
107 45
147 845
760 638
459 427
891 819
293 909
176 902
716 726
437 960
490 393
403 412
300 580
491 970
529 16
798 717
646 771
844 30
909 405
471 879
201 246
813 200
203 943
849 701
81 804
833 653
849 665
282 29
147 106
504 604
508 713
95 300
332 499
765 703
633 819
37 840
449 454
901 134
829 630
176 172
976 808
886 244
212 221
167 991
797 956
908 46
876 391
894 549
805 833
796 90
105 423
706 322
397 52
189 317
817 338
151 317
27 272
329 619
33 999
508 178
466 108
983 74
774 210
829 910
377 709
292 87
900 959
150 542
788 806
715 494
289 164
254 856
864 582
316 332
282 510
256 279
907 58
906 111
772 530
923 537
817 125
554 364
899 453
786 379
302 326
186 191
141 331
355 195
770 9
702 926
918 370
908 645
903 876
891 958
284 312
664 69
99 371
255 803
508 40
765 538
268 627
399 706
307 503
936 336
390 498
991 490
941 524
646 756
62 692
684 461
616 114
300 26
841 318
788 547
881 184
375 929
109 757
212 911
693 857
644 710
782 519
719 190
456 747
176 940
880 785
717 678
968 427
440 561
251 870
464 420
649 37
809 338
913 149
160 492
634 448
455 541
560 370
591 772
622 895
873 877
950 515
140 96
490 40
539 129
551 404
876 702
21 800
681 524
352 370
155 443
978 60
970 917
183 370
302 179
783 976
642 464
503 698
987 372
72 963
517 394
591 318
254 658
939 880
385 888
235 620
437 787
509 549
68 671
520 144
100 211
723 751
161 276
579 775
889 184
209 370
686 92
858 278
328 447
909 861
817 492
569 843
167 476
452 859
909 778
589 282
602 525
171 914
32 857
475 977
318 590
670 111
839 888
600 284
681 165
779 807
967 282
906 384
984 535
430 207
509 422
852 850
886 104
21 100
958 864
973 912
99 285
221 914
735 261
994 438
754 429
371 119
277 897
718 930
368 387
307 400
909 555
664 463
426 732
131 90
796 719
515 181
591 686
112 209
526 43
430 142
81 109
695 652
42 554
998 929
543 336
60 614
980 26
846 690
694 921
853 453
464 440
661 558
346 448
790 134
373 530
110 363
464 95
238 150
462 195
704 261
710 654
880 426
874 322
896 265
488 392
385 846
916 403
561 29
948 554
888 872
570 82
314 461
110 715
160 461
138 310
302 359
156 13
926 90
959 275
12 14
794 976
753 852
175 214
553 65
101 447
700 800
647 588
808 749
435 239
221 402
212 66
344 861
265 310
265 232
91 878
517 177
459 401
356 551
169 483
740 27
70 732
572 300
795 519
314 250
648 269
806 284
774 824
372 18
701 960
742 788
855 993
40 224
643 555
930 136
331 201
698 994
46 163
983 342
15 204
519 412
420 84
26 195
232 54
964 27
913 691
431 628
850 758
831 525
530 127
756 486
468 808
387 222
285 691
261 861
466 305
775 507
943 428
553 624
984 958
151 305
324 128
171 82
301 980
496 766
273 932
129 681
404 41
256 639
116 204
375 82
483 880
563 95
977 101
219 449
456 23
446 173
438 790
130 493
574 940
470 486
359 786
265 777
539 898
176 77
610 670
756 731
173 712
729 705
595 432
585 80
743 130
199 990
703 237
637 645
39 301
286 50
252 561
332 399
698 589
459 521
399 722
836 554
757 385
139 88
844 916
986 244
29 957
76 333
488 741
962 635
279 255
498 140
617 178
610 481
240 426
954 26
83 855
479 14
773 388
17 300
100 481
454 350
115 18
660 896
632 471
571 661
422 514
80 242
20 939
476 570
405 63
107 16
15 717
998 296
628 152
665 318
19 432
789 501
815 576
175 457
359 857
519 61
173 478
379 999
55 678
585 727
625 166
496 299
705 636
968 398
738 973
189 685
482 904
64 656
795 440
462 127
717 845
743 106
171 164
864 104
10 411
754 905
29 918
168 260
835 317
285 186
671 619
884 369
135 712
342 698
239 944
312 250
27 211
946 205
240 387
577 271
195 760
557 385
928 799
212 58
749 767
541 323
396 315
366 122
629 291
735 480
617 794
749 267
528 633
600 429
460 979
733 787
500 887
484 606
938 754
434 949
109 362
441 330
712 980
676 792
793 614
628 500
323 445
165 817
660 41
697 538
224 900
524 172
292 279
54 528
443 773
388 62
837 414
600 853
27 726
20 324
316 899
19 397
4 154
561 228
232 154
797 476
450 431
558 618
131 785
731 136
756 650
130 443
508 412
210 646
534 449
472 421
463 265
150 931
716 39
143 348
362 588
133 275
500 675
236 206
785 707
852 173
428 577
146 110
626 123
895 404
47 981
880 323
73 168
380 366
507 766
514 98
428 904
424 680
78 64
637 167
959 271
472 151
155 672
494 311
144 259
288 135
232 251
314 375
347 49
222 607
146 358
415 685
221 5
686 978
974 719
633 589
484 444
431 654
257 345
445 244
804 468
420 944
392 642
880 896
579 986
26 509
640 608
159 181
78 51
440 889
750 710
480 992
248 859
849 99
39 755
639 591
25 455
139 238
432 723
17 662
211 701
378 272
909 898
747 450
333 922
468 478
445 575
307 481
836 506
6 101
660 486
228 447
940 51
221 497
710 500
709 641
826 289
261 200
378 222
626 733
444 858
332 360
347 881
673 703
366 523
199 148
104 835
61 28
982 368
995 377
244 327
405 682
9 223
124 934
782 35
253 220
26 404
936 367
633 389
730 346
840 949
571 352
923 792
145 158
104 999
500 175
833 19
15 871
326 958
157 889
377 498
930 922
632 279
942 291
446 178
518 306
866 576
531 161
374 351
936 598
689 478
480 58
878 872
533 370
531 318
42 841
59 873
315 180
396 755
592 732
922 255
126 192
922 589
13 456
64 808
235 787
33 767
215 162
874 895
351 923
783 319
179 255
588 706
951 347
496 289
349 595
381 535
345 307
370 51
771 732
33 265
152 269
121 777
866 943
389 95
251 968
914 761
862 465
165 172
102 312
483 880
157 527
560 479
119 587
217 954
164 102
137 708
985 725
32 789
263 42
991 328
27 211
789 5
669 905
901 16
913 602
310 240
681 840
458 153
272 296
847 322
304 188
721 544
861 665
470 489
289 322
488 722
990 963
919 42
671 118
948 132
743 410
535 561
855 143
131 332
885 163
444 4
528 824
392 645
21 331
235 919
133 591
601 806
516 456
680 592
220 505
323 770
856 22
776 956
817 842
603 632
933 315
889 7
322 601
462 316
96 835
887 598
300 977
537 298
454 587
592 352
652 840
449 977
236 680
800 823
206 235
370 517
184 704
901 403
313 479
891 507
126 887
107 431
735 809
136 609
203 58
352 184
656 53
910 418
52 791
672 860
383 402
185 228
974 290
824 872
314 595
272 116
719 281
222 608
77 118
294 688
307 287
703 98
727 959
586 971
767 740
22 539
395 717
519 532
176 490
571 455
766 196
332 167
579 744
809 131
735 296
948 808
414 250
461 341
457 111
533 238
69 517
676 946
866 766
77 501
349 399
380 551
838 450
327 66
147 572
546 799
595 759
945 314
220 609
970 210
582 620
544 578
478 380
922 491
572 892
217 936
677 561
45 224
417 165
129 287
662 85
515 245
211 708
877 893
870 38
423 560
383 701
2 8
250 568
214 133
473 967
21 219
816 168
870 250
647 133
371 13
780 628
771 300
518 78
41 994
35 952
282 87
699 77
835 774
490 497
578 304
826 328
80 552
63 93
869 294
505 467
476 596
541 832
970 779
949 229
59 887
891 383
998 39
498 945
148 942
613 224
980 125
406 845
274 462
385 63
484 858
534 966
548 13
362 473
961 861
566 961
117 454
143 196
368 144
908 547
348 831
124 372
583 827
989 424
124 118
342 630
594 745
406 951
763 350
466 8
886 959
691 379
270 646
838 678
409 131
842 122
874 194
429 973
776 74
88 232
221 431
134 210
647 256
529 76
986 369
293 91
139 459
547 178
279 543
472 613
290 263
603 966
257 645
858 739
209 290
293 454
565 272
74 556
675 96
184 663
240 502
716 796
608 800
703 550
662 634
381 41
578 572
927 735
438 178
106 423
857 747
510 473
908 452
969 611
559 26
769 191
853 483
765 666
243 910
749 855
445 102
989 666
810 379
575 326
539 752
941 896
680 358
659 833
115 656
803 471
842 685
310 148
193 514
722 534
318 885
335 94
4 723
297 57
856 714
697 986
231 752
572 910
230 66
218 214
112 902
40 40
228 450
319 543
965 170
891 319
200 806
636 273
81 833
152 21
702 731
271 483
778 512
222 337
756 768
613 56
173 37
657 815
614 895
18 575
760 291
134 5
537 488
668 755
86 185
490 566
427 894
240 969
117 954
755 409
161 182
11 152
218 605
597 475
478 846
833 76
850 734
365 632
50 195
848 809
50 353
744 181
408 201
93 765
606 37
627 47
61 342
812 813
349 606
60 60
942 246
3 238
875 265
7 976
746 71
911 541
501 819
473 881
627 566
52 134
207 178
271 834
112 935
537 527
1000 841
678 674
510 760
824 69
260 606
468 566
17 693
441 229
831 455
173 946
542 820
575 164
720 799
246 419
387 505
104 191
946 805
892 638
908 738
81 450
779 37
276 481
743 908
854 660
729 955
980 696
472 915
333 56
471 230
24 968
357 597
139 404
851 162
197 215
730 654
869 332
131 44
816 177
532 916
519 999
546 265
62 275
785 763
367 288
54 134
477 739
358 49
121 350
44 313
481 341
335 827
236 964
617 29
383 750
481 557
347 47
322 752
692 996
906 357
67 238
516 1000
678 147
662 744
171 725
580 104
368 793
91 169
694 720
895 719
897 889
949 152
866 493
913 305
253 666
114 776
411 801
969 650
385 721
950 111
680 289
891 73
75 345
350 153
620 602
187 250
686 505
264 348
420 520
792 530
81 461
689 356
511 562
454 998
200 995
181 719
72 971
689 275
393 23
881 178
644 65
312 895
391 358
203 801
706 105
982 429
321 654
447 666
61 231
137 251
227 827
859 905
723 714
855 287
346 90
147 828
1000 621
739 588
435 393
749 703
59 942
371 345
828 588
205 104
247 946
796 506
952 216
304 308
841 142
499 803
958 563
260 335
496 23
326 739
418 520
6 575
983 849
552 542
858 855
106 728
700 75
615 729
441 322
949 200
643 584
648 153
270 416
717 164
610 70
759 908
853 149
86 408
118 609
747 453
395 79
950 994
260 792
48 986
333 202
785 30
456 590
755 297
729 195
372 266
80 362
481 925
74 176
254 498
353 895
806 93
55 261
705 948
207 787
849 268
565 55
204 197
64 658
597 545
79 459
491 793
81 155
889 952
523 663
676 174
359 433
992 350
727 567
244 136
478 91
377 992
407 745
78 885
708 660
95 107
896 697
362 689
765 409
752 556
760 604
586 746
392 337
954 264
994 631
909 805
992 416
624 884
997 712
664 230
314 994
320 726
813 467
471 363
149 5
223 601
711 38
264 600
60 110
874 348
888 733
447 83
781 10
15 250
670 885
73 153
428 30
73 794
213 771
468 990
536 990
413 672
498 69
772 807
932 849
282 928
122 719
767 515
861 818
188 817
858 167
521 196
586 55
120 863
920 600
456 722
310 493
91 623
648 937
600 840
614 288
250 222
703 191
798 915
249 431
1 922
906 134
352 689
650 957
783 150
222 211
899 103
759 944
727 256
505 755
83 241
893 653
552 326
623 884
437 365
152 545
717 915
653 634
423 856
374 121
565 958
424 866
173 78
540 649
595 27
637 66
981 828
398 463
430 294
706 918
531 864
402 520
249 830
931 59
77 47
885 641
498 615
