1000 4466
170 118
764 288
387 180
521 222
710 259
746 300
97 78
313 274
857 967
324 437
719 461
912 141
888 648
468 517
846 800
858 207
310 214
57 189
592 240
805 265
490 538
989 742
341 380
966 342
706 240
928 609
795 954
207 877
789 264
274 514
562 159
135 213
450 123
817 190
715 415
233 154
998 320
633 792
448 482
624 373
547 785
201 672
954 81
584 536
866 895
410 150
189 119
456 652
230 174
64 498
541 152
835 543
245 934
166 540
150 532
131 65
113 977
477 959
39 554
911 869
803 822
622 764
275 587
474 347
171 664
282 11
73 585
709 531
698 263
977 565
36 861
31 567
714 620
77 788
828 743
779 977
708 872
263 520
673 329
825 136
72 836
47 642
734 212
130 878
815 530
439 580
618 905
259 137
656 942
1000 240
155 451
893 500
571 930
688 314
836 435
197 315
969 472
227 633
996 951
956 175
762 354
265 870
173 454
644 465
568 623
541 858
159 995
286 346
812 595
151 677
563 981
90 59
431 292
79 937
826 966
50 758
865 373
480 838
550 143
278 363
629 142
802 991
559 761
304 554
26 113
774 354
126 581
464 966
785 86
789 419
701 36
488 463
677 759
144 777
923 110
528 431
893 388
791 957
211 870
922 5
323 350
869 114
470 539
326 44
392 319
954 375
107 575
422 211
148 887
471 733
389 620
730 509
530 879
789 895
20 617
868 698
849 977
725 51
929 960
804 419
971 566
992 797
806 585
116 89
392 909
735 652
35 327
124 470
611 921
459 554
705 570
902 817
539 51
125 471
681 106
194 469
450 219
414 405
349 130
570 714
136 834
55 157
181 641
983 928
120 945
849 16
26 481
945 371
985 90
477 6
438 859
801 817
573 846
684 768
8 392
825 844
573 501
943 176
475 321
201 22
385 896
471 495
712 663
339 262
796 144
373 790
6 618
472 479
45 327
954 621
112 253
56 57
669 374
728 478
814 239
693 77
447 852
678 754
689 739
439 396
586 212
102 889
307 536
895 79
736 311
873 756
540 792
815 928
26 453
344 230
749 412
400 879
41 919
517 566
711 389
642 492
29 711
975 54
860 340
823 442
801 517
976 214
436 481
543 353
651 330
545 288
600 311
171 2
871 528
52 597
138 125
134 351
317 992
976 405
377 350
294 359
221 345
711 82
360 905
334 373
105 758
19 180
8 544
911 128
322 104
251 293
272 292
121 147
520 174
769 990
731 6
814 638
605 572
55 736
161 471
254 778
202 416
420 3
755 911
475 721
832 53
171 241
795 409
78 178
984 668
955 346
937 548
910 856
50 988
199 40
782 483
439 331
344 913
534 196
99 557
528 867
467 617
987 398
186 700
626 643
596 375
677 48
483 833
279 388
275 107
447 586
247 573
871 149
291 927
120 735
639 49
644 656
138 107
323 766
421 389
575 359
84 969
999 48
409 636
783 129
193 801
887 287
124 365
272 977
161 156
322 828
744 99
729 119
14 820
731 535
365 501
315 780
57 225
530 91
716 813
64 730
530 164
607 238
710 140
585 720
140 463
877 748
972 387
998 289
134 106
604 364
592 499
1 132
657 583
540 375
674 229
178 988
24 38
216 911
100 905
714 865
314 864
368 429
405 722
979 188
522 919
468 770
224 895
462 703
822 219
759 30
917 330
139 385
386 286
201 691
414 268
980 764
246 968
291 385
466 838
9 914
66 658
149 291
732 777
140 467
104 6
946 855
709 998
533 544
616 988
34 433
756 454
285 594
869 950
230 696
796 281
351 994
78 204
543 805
109 314
97 978
709 319
86 875
848 424
423 353
275 937
60 321
55 774
375 314
601 202
433 200
114 675
557 757
463 627
88 323
778 817
824 410
615 694
481 72
16 585
969 501
306 539
933 563
190 260
274 948
280 124
469 259
387 538
635 161
868 97
18 210
827 286
774 574
381 475
365 960
436 528
707 378
861 212
967 647
785 560
844 896
941 149
961 48
370 704
122 944
405 29
588 788
64 417
813 211
455 767
817 427
804 604
326 442
956 116
345 382
264 866
575 111
885 43
278 280
828 812
72 585
522 640
447 807
969 515
3 683
78 609
166 431
121 408
689 356
424 569
4 823
340 939
258 399
626 416
722 513
99 359
39 68
908 240
953 630
279 259
530 477
553 33
354 62
562 241
756 313
16 813
479 450
260 890
573 466
714 780
183 333
798 543
487 970
106 39
372 902
321 249
106 625
216 88
255 943
95 641
943 256
556 111
442 752
360 671
465 592
592 229
540 323
485 46
78 586
644 516
415 129
655 405
201 743
355 860
524 258
536 447
467 577
652 351
837 656
136 667
308 15
225 389
897 715
984 947
798 516
715 47
346 997
978 96
817 280
722 359
754 967
782 307
447 468
753 429
424 858
141 53
152 417
959 835
135 646
56 382
206 800
189 201
142 773
232 769
385 587
494 560
271 631
983 813
747 641
617 34
52 702
333 781
869 517
137 679
996 435
852 344
126 599
876 593
450 798
107 544
970 280
846 744
125 873
781 910
368 977
246 605
504 340
883 923
425 83
871 162
858 626
196 320
295 400
440 671
190 514
827 86
330 703
778 942
980 517
360 997
484 683
928 590
492 605
916 624
438 756
617 459
97 35
424 190
344 371
319 499
954 615
318 313
395 729
107 897
426 828
30 634
305 447
405 230
745 584
585 634
587 847
864 578
823 487
273 746
825 808
915 966
799 560
518 515
412 197
944 420
401 276
201 126
359 254
183 220
869 461
963 859
152 468
963 927
838 348
934 453
74 184
235 687
564 530
18 995
798 155
577 140
791 191
120 687
116 854
621 968
282 437
337 467
990 827
82 531
869 940
583 566
28 410
479 518
321 399
690 586
399 915
150 915
583 292
59 447
618 681
32 506
207 695
220 920
947 492
949 180
404 935
629 477
942 446
271 467
630 837
823 814
329 750
535 48
510 20
931 174
232 959
526 890
701 731
642 644
929 112
813 84
292 995
742 714
520 36
308 279
964 167
951 849
851 131
117 59
662 869
623 74
246 134
969 153
523 513
901 702
816 846
17 51
860 138
484 158
738 445
389 553
794 194
572 162
38 226
967 436
894 297
919 285
892 984
904 454
193 777
836 86
614 551
841 303
436 11
110 247
580 184
562 945
472 680
133 250
576 204
845 652
438 520
643 558
147 772
795 9
567 444
328 597
301 929
533 530
500 119
973 72
215 445
12 511
766 663
475 631
867 359
216 82
126 632
364 597
330 378
467 979
933 761
719 233
108 806
886 331
516 756
127 926
218 964
201 916
293 794
765 99
382 925
431 742
631 883
640 706
377 562
671 323
316 72
131 228
179 701
491 722
877 28
622 458
950 270
963 207
211 462
411 205
218 125
466 784
288 968
993 702
48 717
319 177
195 306
371 54
851 118
700 16
598 422
545 341
665 649
369 680
59 805
325 318
909 496
289 393
561 679
847 40
464 562
827 437
850 406
200 805
450 290
337 4
960 522
169 806
317 815
148 767
482 613
427 668
409 76
404 592
370 904
792 848
480 689
100 151
434 532
64 315
978 272
291 790
241 625
109 174
921 936
243 773
857 913
430 913
501 203
92 221
220 364
902 823
344 963
905 232
417 900
453 199
851 904
985 766
115 938
388 787
45 834
814 625
657 78
45 452
682 756
608 793
886 650
832 683
169 439
514 951
945 998
822 593
435 690
683 869
357 909
105 527
554 767
13 827
977 686
704 262
710 376
872 586
456 282
918 150
673 13
151 284
410 739
844 114
380 222
657 961
559 706
705 113
903 830
752 347
34 23
680 213
115 173
885 602
706 941
993 32
442 693
849 816
978 722
285 265
541 213
156 349
554 194
998 714
524 712
464 626
714 604
540 411
832 693
30 464
5 265
344 55
651 87
454 849
219 555
371 230
390 470
971 334
356 51
919 440
569 867
644 399
851 850
235 135
974 808
995 69
480 536
379 197
93 124
272 737
748 479
573 817
15 537
966 117
111 359
532 525
231 561
716 538
532 739
792 218
3 380
212 471
523 169
146 289
423 515
679 824
237 277
435 458
657 639
125 787
651 766
813 200
524 369
24 387
278 749
992 139
593 715
57 456
478 725
645 755
512 796
409 980
286 509
998 138
131 783
505 31
726 350
955 673
506 244
633 987
735 739
133 777
39 204
363 848
898 34
661 315
747 848
752 175
496 183
429 368
245 553
425 930
810 833
197 937
977 384
278 697
121 154
518 351
534 711
897 781
238 602
97 250
21 709
291 976
498 468
184 92
208 205
413 610
758 534
627 31
231 895
287 749
731 564
707 874
756 364
996 449
74 357
818 831
760 101
627 431
260 754
543 967
3 532
213 25
786 414
613 971
766 248
109 447
653 183
957 412
403 388
258 651
791 185
286 690
259 632
742 197
879 379
787 152
430 884
770 54
87 263
476 413
13 283
606 568
712 6
450 347
602 726
293 539
667 480
135 436
766 164
558 168
401 815
859 311
897 103
291 489
12 323
263 230
37 81
884 151
51 262
748 186
722 682
788 497
504 977
428 843
665 275
882 386
628 700
815 868
508 805
632 435
809 17
798 781
20 889
559 36
118 977
219 798
945 456
151 822
613 772
269 969
973 28
186 43
264 260
775 184
224 260
441 35
582 689
642 314
396 403
749 943
889 909
645 649
553 1
327 369
539 129
3 262
249 519
703 929
203 134
772 993
956 294
519 569
699 132
577 509
196 191
352 185
325 53
188 306
833 876
770 2
840 929
813 936
309 932
392 334
615 450
429 697
736 434
233 805
569 953
437 727
404 918
343 512
305 278
71 993
394 505
874 841
270 163
43 33
721 372
877 57
275 305
330 544
741 992
199 943
7 760
605 518
893 799
370 127
989 274
502 278
898 504
279 695
940 79
637 280
958 6
366 778
559 897
723 620
66 801
265 440
61 169
866 612
614 98
361 899
265 271
73 786
515 490
855 579
803 22
755 509
139 114
484 457
427 876
113 327
479 724
424 319
844 829
426 553
79 415
149 182
950 648
161 396
276 534
692 437
777 974
110 40
752 129
405 639
568 178
523 424
164 561
75 981
899 514
487 251
888 223
597 790
843 618
445 924
606 924
581 750
968 921
461 186
606 529
524 947
109 545
169 519
89 368
562 496
274 866
936 996
578 49
761 125
704 855
389 690
223 716
906 28
983 694
401 754
939 468
654 645
810 219
539 109
775 674
869 786
137 853
334 331
923 821
554 907
589 701
522 311
17 295
340 129
95 302
400 720
609 74
364 198
424 431
914 376
285 365
277 306
913 457
311 329
573 707
190 486
115 743
611 938
787 668
601 12
6 927
436 357
248 225
607 853
837 93
741 610
411 187
345 104
656 976
829 684
48 516
903 504
400 234
928 811
702 251
387 702
118 75
260 799
606 299
614 994
499 854
860 931
930 700
513 461
192 193
528 974
746 295
884 208
470 8
113 946
136 317
818 797
223 882
256 888
861 591
450 645
34 504
431 361
121 302
893 184
201 365
222 622
21 76
118 263
389 463
806 16
123 368
244 227
559 258
705 663
100 157
993 574
408 797
919 950
224 419
774 201
81 2
489 556
376 715
852 763
699 402
112 188
270 582
715 720
584 565
542 845
3 285
957 750
943 733
498 833
95 946
851 168
250 202
264 625
827 877
838 622
682 166
198 382
562 70
654 874
792 426
871 993
226 144
125 996
958 326
43 810
350 107
636 214
419 932
643 844
95 160
604 271
265 741
264 150
397 401
749 667
74 513
620 851
290 189
729 608
365 266
599 186
78 271
801 961
316 56
802 245
827 911
334 415
145 941
223 861
769 693
105 986
67 666
717 595
890 452
394 347
708 632
527 904
182 613
523 19
294 959
302 60
663 695
661 660
728 673
473 658
157 916
464 655
933 662
883 697
106 734
831 699
124 744
420 12
278 613
105 124
704 808
134 146
291 265
648 832
888 526
920 485
145 733
924 410
191 20
845 822
842 146
888 538
684 907
37 30
719 791
859 186
818 459
474 86
264 94
887 402
816 422
836 486
446 593
509 244
953 44
36 345
507 200
573 312
612 551
683 990
256 267
9 607
572 8
274 704
76 973
730 851
744 55
283 486
419 71
825 956
291 327
502 226
804 352
343 491
645 662
748 781
777 50
556 498
430 424
783 688
210 191
194 569
105 908
631 932
488 758
874 298
518 291
573 562
829 314
573 869
613 72
970 114
234 403
691 43
601 513
360 319
503 922
774 382
714 986
575 648
413 57
807 238
17 682
216 439
175 575
231 861
342 395
252 165
971 847
886 467
908 462
469 923
4 416
694 649
899 235
587 2
339 661
424 577
444 539
559 755
232 526
565 899
512 41
315 63
845 436
157 41
807 236
550 143
506 848
771 571
828 918
899 227
921 524
6 834
871 567
915 269
18 559
104 304
593 33
373 695
375 868
121 749
571 92
140 960
352 451
699 266
870 235
152 842
143 741
480 561
971 989
195 638
308 139
182 322
923 707
500 741
833 134
89 479
455 495
502 167
47 47
8 536
688 314
337 679
445 336
590 191
7 308
847 269
471 240
113 595
757 864
399 729
572 690
373 128
675 220
892 173
845 582
634 612
50 460
950 210
660 821
192 978
579 591
991 370
90 280
57 515
943 150
887 508
694 425
334 830
263 356
239 857
756 343
847 831
260 184
920 700
51 565
398 28
711 707
299 893
60 683
308 216
217 215
602 596
977 273
770 59
444 773
589 84
835 330
873 631
935 502
710 76
842 519
321 660
836 18
412 990
136 7
980 28
892 147
202 147
485 788
763 87
704 505
408 868
402 616
79 902
674 422
192 250
225 211
944 331
841 227
241 622
235 726
712 934
335 544
166 241
656 858
536 672
341 151
455 755
610 904
569 547
973 785
62 431
801 433
563 127
238 478
131 988
143 15
529 614
722 224
735 116
732 233
866 64
795 55
963 48
282 482
695 119
712 30
224 177
849 362
963 66
323 99
616 944
187 554
861 757
326 362
595 62
728 923
375 686
808 866
106 796
962 62
674 784
332 45
551 178
9 637
615 867
257 803
874 315
487 519
438 529
202 174
780 734
196 431
281 498
846 703
758 821
786 93
945 320
279 494
434 969
913 618
215 939
807 181
480 355
339 695
715 460
37 805
249 948
841 45
687 829
540 310
287 421
371 38
820 166
212 50
201 119
922 681
235 337
941 473
714 690
352 633
44 845
338 141
2 345
45 278
826 302
994 999
771 795
155 633
868 354
232 632
189 858
211 571
3 429
948 104
913 47
933 117
818 5
414 944
752 675
618 33
216 933
937 875
476 319
940 6
711 29
228 88
916 860
508 615
504 319
482 776
972 171
618 332
780 99
483 246
42 540
400 326
291 434
992 784
113 954
878 206
687 166
209 610
256 44
397 933
713 959
601 331
659 941
271 836
242 687
296 93
536 708
549 509
154 742
215 521
386 947
135 192
883 69
470 959
777 811
575 326
742 782
992 16
310 372
229 559
252 137
989 127
858 297
563 823
806 223
166 819
399 874
145 660
44 386
660 214
605 679
473 696
728 307
544 192
341 19
131 13
323 753
338 563
321 749
361 474
285 800
733 303
49 431
363 186
761 486
841 767
86 74
147 693
630 622
543 42
497 247
153 124
278 784
616 505
228 359
647 192
921 326
901 854
287 771
525 755
722 128
751 90
947 843
565 932
248 807
791 325
457 74
88 534
637 445
30 506
387 95
590 953
681 930
213 655
65 589
240 22
71 280
525 232
316 859
960 142
606 191
295 276
990 827
486 674
704 856
740 716
774 534
724 139
758 365
509 547
911 45
739 875
968 6
292 800
250 176
851 321
696 725
224 852
438 18
421 504
287 306
939 289
70 715
835 680
22 790
262 776
978 971
486 866
958 699
834 186
875 44
230 279
215 993
200 807
499 431
181 833
331 746
490 777
794 502
883 839
507 677
295 168
361 360
825 28
616 886
961 646
529 158
489 223
82 491
305 92
564 699
172 203
451 224
105 402
178 31
58 152
732 203
208 930
860 138
261 39
510 295
976 765
179 823
693 754
657 356
450 667
665 741
764 576
952 220
184 798
158 614
298 940
754 295
105 566
667 651
17 710
288 342
639 654
330 485
73 286
477 347
156 404
755 997
724 975
88 190
583 828
631 404
738 98
123 673
771 485
391 347
173 86
879 804
383 281
733 346
413 885
221 48
269 456
417 692
772 601
117 823
199 476
900 264
794 458
841 705
980 686
575 992
633 960
946 592
695 462
796 213
177 918
369 100
71 382
339 352
564 437
462 670
655 503
965 210
555 220
459 608
766 33
75 788
717 589
417 890
215 478
383 567
134 338
313 693
465 838
857 323
621 499
227 579
767 891
826 707
531 376
26 13
825 774
660 134
794 804
101 250
951 440
830 703
459 616
966 157
28 649
643 197
574 795
469 679
568 298
60 714
932 103
332 288
955 654
8 831
567 70
76 49
336 964
714 204
464 127
374 123
127 493
42 12
735 853
411 568
616 396
434 247
166 624
443 777
350 631
905 269
573 385
32 590
873 578
674 353
109 554
131 984
377 836
301 818
672 498
173 624
505 167
188 690
647 36
662 984
697 84
430 458
834 879
641 985
162 659
318 363
347 702
717 515
853 973
621 950
146 425
275 39
682 437
106 859
841 121
230 270
308 490
280 221
80 47
621 730
411 566
63 300
57 77
90 955
72 929
824 720
108 370
262 843
92 5
885 403
83 665
17 714
568 914
221 550
582 978
950 106
261 947
435 514
503 678
124 643
484 167
848 584
510 590
181 118
718 15
707 825
709 795
9 405
604 101
943 606
916 14
835 288
303 914
356 784
93 489
474 984
472 382
388 215
217 795
496 679
624 540
503 118
608 719
733 805
592 666
469 468
803 661
620 460
513 820
658 691
452 102
876 348
4 609
36 732
651 275
423 878
850 722
542 16
98 270
462 980
308 170
424 32
194 22
513 918
219 440
27 957
883 950
211 198
504 997
753 431
518 6
955 396
388 171
338 401
29 838
634 937
240 659
631 194
225 642
763 647
854 318
721 213
954 552
709 542
797 556
697 273
761 314
914 631
671 191
337 616
152 482
907 956
989 687
785 579
808 199
833 814
72 358
491 899
305 492
972 628
322 869
415 248
773 97
167 25
570 412
933 885
196 375
792 950
274 613
905 370
136 647
211 43
603 513
577 39
865 42
256 593
135 712
496 862
457 794
599 274
957 660
918 433
640 854
762 254
47 85
300 55
255 969
50 958
431 598
52 914
489 11
999 436
700 805
173 299
348 125
211 648
601 638
18 506
644 104
175 756
949 24
516 530
488 805
636 856
82 509
618 811
465 526
571 957
906 901
511 85
945 2
236 437
820 274
67 642
24 20
617 184
891 429
520 92
744 812
443 856
958 270
885 378
577 851
395 100
208 727
613 390
981 554
145 296
352 633
120 377
76 34
543 35
369 4
864 203
864 581
174 342
834 778
405 703
674 858
159 402
142 395
311 229
706 68
435 897
604 89
994 237
497 963
106 187
143 757
540 874
817 16
286 970
511 296
320 403
99 92
960 390
948 450
606 962
495 248
56 857
393 548
671 192
134 446
633 706
150 425
421 974
50 605
738 21
547 88
632 357
244 968
372 320
563 450
169 85
172 231
442 374
934 594
433 321
779 291
387 264
140 262
194 808
884 957
714 797
296 394
284 485
397 990
53 489
450 973
104 311
17 368
408 730
67 17
663 720
681 898
859 843
915 487
603 33
285 855
374 21
469 263
52 979
343 943
43 183
241 594
947 543
79 930
442 836
872 419
194 462
415 972
910 485
699 913
880 192
415 963
534 482
571 830
496 632
289 217
236 980
64 114
91 413
781 32
89 285
549 439
456 506
245 263
6 597
546 605
298 414
465 73
715 646
336 967
273 579
803 542
42 687
392 636
254 378
947 839
60 380
851 957
123 100
299 269
81 843
898 900
392 393
923 346
628 95
238 314
318 540
869 613
860 241
384 463
815 828
689 193
763 209
857 414
186 148
33 806
474 248
570 637
730 643
606 829
585 303
108 168
519 867
808 815
530 201
520 910
859 485
768 637
822 836
767 744
310 530
152 816
430 3
210 809
953 659
521 674
10 358
834 488
461 897
67 234
173 54
864 606
467 837
103 227
974 133
158 885
509 935
175 133
23 412
115 774
595 601
84 953
448 746
665 946
807 549
374 120
243 603
849 273
904 330
638 892
258 381
212 149
825 154
446 12
811 259
852 134
602 270
567 331
610 813
288 414
325 287
113 288
511 789
178 910
545 478
982 142
322 811
347 470
385 115
470 981
157 753
301 408
677 625
371 198
792 262
527 453
487 391
301 947
270 358
595 173
334 864
285 187
902 399
627 514
5 275
318 137
346 548
750 44
637 226
686 597
611 318
878 494
277 174
17 799
465 309
253 942
160 192
173 898
575 914
162 344
670 177
142 759
140 998
295 571
912 833
538 773
489 547
230 281
184 891
549 662
921 722
854 770
334 438
390 892
947 611
650 776
339 5
446 839
130 855
833 236
328 807
527 568
892 575
142 838
655 214
41 544
661 949
408 528
552 507
494 24
20 850
34 59
460 591
406 681
588 373
683 687
620 379
867 716
780 545
254 902
202 175
110 851
581 519
474 144
606 686
775 606
266 959
738 23
9 895
567 133
522 570
293 332
469 941
400 563
15 290
198 592
762 23
659 201
122 151
981 675
305 223
496 814
579 258
786 198
763 78
624 44
981 653
472 924
562 789
725 781
951 88
47 788
429 893
912 904
331 789
583 751
239 191
289 880
409 4
299 72
593 651
193 685
732 942
923 326
858 516
2 184
867 709
871 298
341 617
261 91
744 121
810 158
202 612
106 269
523 764
564 915
195 990
435 729
975 246
910 618
984 321
520 966
955 544
753 771
402 435
427 487
537 316
149 39
898 536
180 380
138 714
957 377
313 8
237 214
302 740
473 920
849 636
838 942
583 954
826 46
178 372
489 46
574 725
697 747
29 322
462 677
188 735
183 417
316 48
535 702
330 176
309 664
831 813
860 897
584 1
339 715
879 803
695 479
224 276
44 681
669 171
40 937
939 785
368 299
731 990
833 728
434 946
536 43
57 13
42 253
245 111
741 490
664 848
909 410
182 354
704 433
561 90
522 574
710 426
986 360
566 906
451 996
918 803
484 608
799 2
161 508
326 35
383 940
797 12
188 551
152 709
324 107
473 623
989 406
789 794
957 942
77 317
438 243
302 673
249 272
561 30
904 733
748 430
618 736
230 853
722 447
295 215
801 327
854 586
272 89
841 415
239 919
137 373
225 636
459 686
141 537
896 793
807 161
925 638
140 358
500 717
858 737
554 439
6 646
967 67
883 861
97 963
90 187
497 396
204 647
212 666
2 581
699 569
70 462
971 381
983 262
270 883
993 229
153 310
354 743
404 387
583 36
77 101
981 640
45 786
56 804
761 227
623 899
842 136
205 30
293 626
922 649
100 552
241 483
588 738
24 722
821 153
210 725
909 781
552 480
829 21
836 267
874 59
652 387
501 421
893 840
244 846
958 470
503 466
960 836
379 605
397 399
11 373
710 960
466 732
539 378
442 415
191 365
568 625
530 278
821 409
349 804
951 679
65 877
478 995
993 495
287 951
387 519
956 480
346 629
179 368
751 342
467 167
372 305
170 901
928 203
281 426
142 43
830 791
221 750
409 818
249 764
239 518
361 425
770 752
615 773
440 603
427 165
904 373
504 647
1000 880
246 410
945 906
838 676
793 605
225 778
760 408
994 275
67 580
519 621
741 919
564 823
201 317
127 725
969 906
461 928
218 785
780 587
894 320
23 15
480 490
373 784
523 987
330 85
36 336
629 252
19 316
168 507
54 484
700 328
591 300
562 723
361 824
138 935
942 268
216 860
988 884
378 848
947 949
100 673
73 586
956 60
790 72
526 898
432 218
568 854
344 69
719 224
60 957
313 173
611 511
697 100
628 101
447 346
663 597
805 183
962 282
731 903
245 786
451 667
150 438
157 629
583 549
773 959
931 385
8 965
44 472
147 142
640 108
92 855
247 420
31 744
767 177
746 564
176 226
889 326
529 568
579 311
49 466
514 449
142 3
455 623
130 999
813 922
432 281
417 110
972 296
528 642
208 54
849 700
304 936
343 475
559 328
352 171
728 518
808 148
654 571
671 331
611 780
967 352
845 141
711 23
172 667
827 783
278 401
721 14
540 972
101 122
242 431
838 225
434 392
631 434
242 185
823 506
89 120
17 745
614 863
957 626
809 700
389 742
264 986
593 66
764 895
379 988
561 188
268 362
633 112
421 451
290 117
343 299
43 906
796 772
491 639
795 936
291 348
224 64
103 794
785 368
872 376
354 880
868 71
66 548
605 879
252 997
22 1000
447 295
170 26
998 641
101 165
185 936
288 345
218 523
873 656
265 880
281 319
801 502
532 849
752 337
980 140
755 154
487 441
200 636
132 80
489 408
74 42
16 458
922 653
534 121
768 500
146 731
941 237
1000 431
640 817
439 401
152 71
322 17
780 289
160 324
963 693
765 626
52 501
799 630
912 815
937 945
235 495
419 952
398 8
264 849
856 303
126 354
608 152
90 746
485 254
833 462
255 223
520 550
171 462
38 165
794 488
812 452
866 999
444 575
412 882
847 470
388 691
597 630
341 927
113 470
650 10
355 82
846 865
220 188
221 341
181 134
169 543
176 720
630 454
61 24
885 122
919 53
565 29
557 164
965 93
49 100
516 844
756 193
418 592
912 468
796 691
949 321
619 699
332 303
877 51
663 332
491 785
943 639
18 286
860 628
954 897
410 268
898 908
454 802
234 973
636 183
567 31
924 670
762 687
385 273
945 751
1 170
789 710
792 115
131 389
388 959
915 11
626 270
476 699
648 469
846 729
577 427
246 401
196 398
861 88
429 460
362 896
35 978
595 545
792 137
968 66
397 11
17 380
379 802
98 208
226 642
206 875
822 10
929 201
957 816
645 424
570 266
982 904
317 589
102 890
289 305
826 998
965 194
306 979
388 825
701 75
341 338
851 196
219 564
849 912
685 748
417 253
535 298
7 631
120 233
853 681
307 467
495 248
582 644
792 608
45 330
828 108
184 4
292 586
800 735
501 261
54 442
737 770
389 372
436 475
43 96
712 175
892 48
106 552
767 279
498 651
647 182
399 827
587 376
713 151
350 885
469 128
607 43
357 852
570 896
973 310
662 985
143 563
310 727
448 750
264 189
953 589
624 451
230 801
318 422
930 682
372 157
658 137
289 318
133 869
896 295
507 263
954 741
571 133
376 336
274 490
81 85
795 180
114 779
914 381
609 238
312 931
762 104
490 513
682 3
74 620
294 800
108 350
245 147
890 453
50 612
145 413
163 55
746 770
573 333
378 336
245 553
762 171
88 156
319 167
900 882
139 769
669 59
138 171
585 675
990 524
636 617
732 542
917 604
365 423
375 697
54 720
529 502
184 9
678 267
904 995
854 460
40 460
115 688
837 455
213 477
215 345
951 561
796 557
431 66
252 633
970 312
966 751
877 510
74 709
733 132
110 413
385 1000
378 454
210 688
363 545
882 377
195 452
938 236
207 371
26 291
552 530
885 425
147 916
890 343
873 511
516 720
688 342
619 214
391 550
897 282
550 497
502 464
228 854
101 40
367 270
85 71
304 201
368 516
964 327
303 187
28 392
684 117
638 517
454 614
849 420
89 718
261 15
699 409
809 197
976 215
563 808
495 740
524 830
924 681
201 785
420 425
827 375
811 261
536 890
769 345
232 512
320 932
328 996
808 452
866 307
204 760
163 377
59 612
484 450
207 288
82 937
929 425
943 260
83 119
262 165
988 230
898 451
840 805
64 967
598 681
696 200
760 507
312 623
142 182
649 443
435 18
200 135
551 612
174 199
315 643
985 735
288 13
617 348
448 712
987 56
299 385
746 122
868 24
49 244
490 258
682 163
16 670
570 803
108 985
850 289
131 650
592 583
460 654
780 171
489 397
979 472
249 363
784 667
585 152
382 351
630 785
375 370
284 972
568 206
762 856
154 697
940 195
739 293
768 858
747 816
921 748
584 429
743 359
114 850
261 706
895 696
466 89
880 94
889 757
762 614
481 713
415 759
621 374
706 257
372 696
455 100
130 54
424 209
566 678
577 231
586 878
653 760
998 340
190 1
326 624
409 517
655 693
951 731
782 795
86 140
65 848
14 302
891 962
213 747
204 782
27 18
407 237
79 701
131 298
8 274
131 973
172 899
214 515
644 205
839 755
254 901
502 362
826 430
437 216
838 764
75 785
178 612
69 622
189 865
192 977
510 985
48 956
939 134
13 371
694 150
905 469
722 708
291 287
378 868
630 905
979 42
219 686
758 780
435 505
423 988
317 835
544 303
838 478
358 552
540 749
315 781
826 433
67 81
928 526
159 201
104 747
613 943
618 398
533 850
392 174
750 716
963 343
127 763
436 529
902 776
300 169
517 91
21 903
655 341
646 151
464 124
986 968
987 866
346 920
913 767
175 389
112 571
865 413
930 877
410 263
58 310
276 824
891 542
663 432
736 590
379 274
5 517
581 367
989 428
697 164
929 561
317 959
7 592
231 222
9 213
105 256
770 995
12 593
229 632
265 915
662 535
146 864
486 804
647 25
859 148
338 50
341 906
476 403
995 747
525 792
332 315
656 378
831 470
196 421
259 896
212 608
695 669
704 152
299 874
834 516
805 793
962 474
6 666
731 33
586 628
251 101
844 328
319 911
511 703
452 194
878 951
535 983
789 402
343 842
285 702
629 386
180 726
867 53
3 631
970 730
46 828
618 357
608 67
198 814
876 254
869 42
325 835
531 521
487 68
821 894
227 880
369 602
719 328
380 866
492 51
833 676
582 666
681 78
448 620
525 175
669 964
926 100
64 550
214 509
77 998
924 397
725 440
132 661
998 121
813 825
137 349
849 889
739 846
224 450
972 268
677 179
627 431
527 160
759 383
698 675
103 285
860 214
596 415
848 418
314 712
302 178
267 733
345 105
747 993
976 600
85 2
949 33
12 753
161 519
843 718
294 451
470 298
459 945
847 580
236 360
466 629
896 734
904 139
801 570
912 370
31 32
921 990
349 233
690 314
939 264
931 460
226 862
857 726
27 214
205 23
385 938
726 672
218 612
402 360
594 150
665 89
623 75
707 208
670 667
36 800
837 331
55 200
583 290
72 304
19 390
137 808
637 405
142 66
932 900
329 899
434 580
374 70
607 327
984 793
727 376
267 637
199 416
487 90
804 786
100 33
284 520
736 72
18 523
170 266
78 775
435 308
491 356
752 89
56 662
434 735
752 206
181 456
714 136
172 698
753 43
227 735
404 668
612 350
255 923
227 8
897 899
882 564
300 6
510 667
617 448
759 332
217 407
508 977
156 970
285 713
990 854
759 748
157 474
676 370
885 781
368 796
916 410
493 185
910 699
152 427
122 387
825 960
186 531
695 313
327 150
178 734
444 948
479 623
926 859
712 157
282 913
281 95
7 740
628 581
439 338
38 377
923 873
824 489
892 456
79 935
563 260
964 457
465 284
364 745
111 158
753 909
576 8
743 456
442 55
104 904
513 667
313 558
276 209
890 865
182 320
698 883
62 805
433 810
375 775
165 816
97 243
597 372
566 593
345 271
286 485
856 144
820 135
176 633
510 579
545 127
488 826
90 125
730 919
595 650
214 779
330 806
771 810
150 849
933 668
271 125
106 205
108 135
926 532
243 329
192 248
780 611
811 718
862 494
510 212
257 279
684 402
35 74
677 596
140 413
675 857
753 336
238 607
972 708
785 948
130 977
730 782
228 790
726 765
567 501
546 516
764 307
723 51
752 101
711 640
333 646
194 193
207 130
594 227
689 527
260 23
997 430
197 559
327 382
545 774
875 514
639 397
74 294
570 455
106 757
362 974
651 262
777 995
282 50
127 586
945 520
655 115
573 242
7 683
807 837
548 153
732 21
299 537
941 654
81 492
40 844
301 710
69 876
401 943
169 577
956 427
598 360
450 906
753 612
442 48
595 107
495 758
609 398
185 583
236 85
561 140
858 441
56 793
899 249
696 269
244 862
425 750
816 286
134 451
386 692
661 752
300 798
643 53
27 262
590 7
64 874
929 294
24 405
251 814
141 907
16 974
292 232
31 907
869 634
266 814
862 971
513 850
744 656
271 671
720 132
715 490
232 110
769 114
755 982
535 61
740 84
216 641
432 274
732 115
31 349
174 620
239 71
933 830
889 488
427 835
450 929
657 39
875 351
681 409
298 94
171 934
871 955
561 286
32 241
866 365
365 837
138 531
332 170
337 853
910 910
256 610
72 227
391 414
420 535
314 898
693 652
23 450
230 409
617 517
412 535
280 705
343 428
855 901
885 332
797 765
504 811
821 314
763 92
701 495
336 957
243 29
13 401
163 848
962 284
138 327
133 171
311 912
62 778
580 961
411 779
433 848
893 822
554 13
873 971
844 259
25 897
860 162
192 323
56 208
258 454
747 723
977 765
965 872
161 893
825 296
525 305
678 126
263 47
623 474
420 384
515 809
790 612
421 250
824 692
84 218
694 30
196 177
954 573
724 267
784 559
287 585
947 957
99 669
669 622
604 209
267 372
562 889
719 413
974 940
813 27
570 135
750 869
454 818
448 940
491 889
955 255
332 212
645 223
912 687
479 139
402 195
519 998
185 667
388 740
240 112
717 753
903 918
754 553
888 180
385 153
75 816
243 589
418 985
748 664
382 883
142 279
1000 934
374 334
33 184
166 953
626 814
514 716
764 623
339 572
666 857
95 268
946 146
878 777
128 176
751 910
931 409
105 513
6 884
650 644
736 518
844 421
317 887
803 38
306 978
888 85
196 528
345 437
778 254
342 956
447 498
374 923
737 266
368 313
245 437
530 776
544 159
806 503
455 610
456 622
264 968
185 797
135 130
391 925
66 644
91 973
702 118
777 166
799 948
227 560
803 111
695 531
921 443
724 423
202 423
457 484
47 32
639 483
658 37
570 227
627 860
315 460
124 500
505 152
822 233
139 117
594 52
783 788
537 848
943 645
437 894
919 337
709 682
328 270
173 123
176 23
331 903
576 82
980 781
188 272
397 961
215 248
314 59
900 948
106 800
374 546
680 152
225 420
812 86
790 745
336 347
147 42
492 508
409 477
491 191
821 158
28 786
639 425
273 420
309 865
803 826
481 708
844 180
15 757
819 293
809 985
148 750
243 810
614 251
590 607
883 188
249 690
219 398
715 672
305 384
915 973
396 766
353 662
416 762
586 940
107 318
975 704
8 163
678 969
759 228
368 967
915 780
425 804
802 252
156 774
825 486
972 487
910 341
140 605
540 602
328 930
850 993
738 940
732 105
398 966
153 624
134 246
923 909
414 653
442 980
113 434
529 838
818 199
567 774
444 730
752 781
523 918
434 182
969 440
392 795
642 506
642 862
392 987
675 121
407 452
898 295
90 13
890 560
692 518
226 513
768 262
341 473
642 512
602 414
84 305
69 118
650 931
29 334
430 158
332 359
365 177
642 531
991 957
650 221
947 675
76 798
1 928
577 41
686 504
842 416
875 345
538 92
375 691
327 713
193 663
525 863
214 309
427 946
97 964
147 667
925 398
742 438
309 113
478 370
334 391
251 836
567 335
903 284
959 258
250 141
199 126
406 673
596 231
243 220
623 25
845 684
876 127
81 144
318 503
372 277
978 396
100 602
583 955
564 510
516 598
653 548
130 900
384 6
86 551
364 255
697 308
150 96
440 175
684 444
51 92
281 963
626 543
45 179
67 61
258 122
422 617
408 654
218 552
649 765
700 365
838 349
447 382
144 557
191 188
799 50
709 559
799 515
894 376
910 398
228 110
992 449
419 930
667 113
581 170
571 526
207 49
495 477
114 973
338 741
51 328
779 643
315 929
661 598
895 88
80 195
665 277
486 218
349 929
959 311
101 67
613 938
830 68
473 543
913 107
652 399
394 139
471 781
500 720
595 898
564 998
18 826
490 186
52 285
515 894
443 135
729 729
936 440
705 997
995 972
564 912
327 747
663 451
795 658
427 254
450 185
269 530
444 68
471 853
819 282
205 426
967 809
457 606
826 487
344 924
941 730
867 122
153 970
807 738
719 730
733 194
297 450
530 132
934 152
752 87
586 274
132 132
3 661
822 689
469 346
476 66
623 555
415 547
516 251
60 279
748 419
180 68
800 902
804 21
305 446
918 327
225 676
446 652
32 268
719 843
145 582
748 629
202 871
726 802
872 814
20 130
856 631
343 181
359 707
426 652
876 414
464 93
432 904
661 122
693 253
436 235
612 269
176 271
749 692
267 415
995 251
746 940
253 661
926 692
447 603
764 961
111 545
414 881
384 182
105 175
394 944
613 345
784 54
64 576
912 444
75 547
335 466
75 892
43 501
921 953
895 557
131 356
250 598
529 340
680 335
928 418
199 389
290 5
332 521
405 390
956 390
728 412
763 236
73 82
432 192
633 212
183 498
845 598
814 157
527 501
664 618
652 979
181 629
236 87
440 847
21 75
367 130
768 189
655 992
842 486
238 429
85 398
159 312
132 190
129 310
266 748
920 791
548 803
875 623
354 496
756 206
882 950
427 257
381 643
580 735
49 969
300 420
45 294
415 841
320 940
365 570
962 177
713 719
784 944
97 843
845 167
577 728
236 7
872 113
983 903
888 391
11 33
298 245
353 348
336 644
63 152
618 248
101 29
778 24
657 684
31 850
875 556
470 436
977 7
668 284
652 570
269 162
554 176
561 737
778 504
977 881
531 931
294 808
933 687
99 380
654 374
374 714
894 479
419 683
507 76
825 210
934 587
435 599
693 94
535 567
815 851
155 705
371 596
331 106
801 535
412 554
775 143
709 613
621 705
816 420
249 584
614 345
876 138
536 662
468 169
471 631
184 451
540 83
143 659
960 487
289 645
878 171
132 261
188 523
144 313
766 103
812 827
787 899
271 856
182 504
183 603
382 969
510 986
646 343
303 792
46 158
670 394
152 637
797 778
236 298
256 95
100 228
946 707
312 71
93 964
588 779
631 27
269 158
815 40
640 477
436 748
643 767
694 925
722 706
955 502
131 332
996 652
458 515
765 266
30 797
936 158
682 890
459 929
293 44
973 347
154 566
381 662
209 778
227 110
204 569
77 703
923 344
132 311
121 941
532 575
964 94
503 142
89 362
803 102
421 165
103 749
229 833
858 862
95 976
844 725
23 515
619 503
243 550
128 687
343 425
663 810
946 784
563 644
439 404
999 89
85 689
70 141
304 750
28 460
869 608
666 827
114 990
958 501
12 414
720 303
22 807
231 996
513 373
226 441
110 257
504 306
6 750
112 708
219 85
409 881
948 482
196 807
405 732
749 641
908 265
749 92
141 656
507 819
903 765
614 300
781 688
717 449
119 414
687 920
222 639
715 267
179 78
738 433
824 181
392 955
277 630
430 944
245 874
395 721
598 990
214 661
541 809
166 839
96 920
474 915
618 771
201 845
842 645
540 753
468 599
855 396
478 213
828 322
429 343
135 469
414 698
587 413
589 221
987 307
977 188
954 508
261 129
668 900
449 494
602 40
952 28
874 43
456 7
245 666
36 527
312 912
869 728
859 91
357 859
837 893
10 419
845 819
138 9
747 978
17 329
189 589
292 386
834 248
225 594
307 624
997 600
917 681
293 760
128 679
125 595
939 309
628 404
909 865
94 20
966 973
137 726
124 8
968 484
134 827
563 632
301 909
389 356
526 176
901 91
545 161
533 37
277 467
886 687
618 957
698 224
613 672
817 574
775 866
397 927
798 245
301 160
107 432
950 170
91 773
965 687
94 802
782 114
227 120
921 340
362 39
287 816
136 744
985 16
935 305
570 901
195 149
424 979
398 849
239 914
644 824
117 590
936 280
295 864
430 907
467 972
967 791
396 977
304 998
778 644
114 679
591 677
108 715
234 207
405 345
520 140
490 906
502 616
238 493
632 793
501 957
310 446
184 294
162 421
276 403
43 98
386 467
652 967
177 624
685 478
992 590
409 321
820 682
527 523
