1000 4466
560 400
825 65
562 464
677 404
853 811
836 733
579 912
265 215
228 140
769 349
780 388
73 70
149 639
419 622
787 560
534 455
98 379
79 696
690 825
521 716
255 39
80 289
991 60
903 874
519 934
138 758
719 686
124 246
305 367
539 579
734 347
295 205
641 702
590 141
985 737
651 636
891 248
75 306
159 341
518 432
142 195
892 198
338 371
493 926
782 746
352 767
458 393
957 843
344 540
259 265
58 124
411 307
809 293
490 305
495 288
987 21
111 970
171 589
511 243
564 277
397 545
874 74
175 626
225 543
361 885
445 780
843 826
216 642
353 533
647 256
417 879
749 97
240 413
559 212
430 455
167 947
997 194
470 871
977 987
28 186
196 878
374 275
546 183
57 872
594 358
436 185
973 949
467 11
953 634
237 302
600 240
222 831
271 582
598 735
368 350
471 489
312 55
514 960
201 924
971 111
809 987
897 223
178 855
479 116
248 487
678 680
854 325
889 479
561 567
855 170
563 873
940 692
961 344
544 72
974 385
86 72
918 824
911 367
699 257
437 449
196 467
192 134
177 496
668 803
192 175
105 776
331 314
354 946
64 496
750 667
200 876
523 253
896 684
126 643
683 283
443 161
45 583
467 454
433 843
361 145
925 15
157 225
177 571
409 796
252 224
22 729
975 495
576 606
431 903
982 538
79 691
339 364
588 658
1000 506
967 294
695 683
631 917
788 83
154 337
677 702
920 867
387 473
735 593
148 553
855 365
273 403
380 618
192 124
294 10
250 663
583 256
454 595
215 238
364 27
251 904
404 852
330 344
677 514
959 544
917 563
786 578
632 434
919 644
345 133
997 276
34 632
47 569
650 96
791 874
290 17
118 468
679 201
126 928
75 730
488 786
4 60
110 667
420 448
522 328
303 758
237 578
272 192
673 732
300 701
503 312
869 879
675 690
896 909
554 83
184 754
611 7
521 348
379 40
165 558
879 81
187 318
54 811
939 775
717 971
883 993
337 826
517 204
760 660
798 809
617 42
617 737
167 152
474 747
866 55
20 834
541 268
35 29
281 695
371 374
409 877
951 268
332 903
210 472
727 857
458 227
344 859
136 775
956 268
33 866
657 722
992 430
773 226
378 588
893 911
968 700
311 555
640 462
273 839
525 476
191 857
195 909
905 641
875 868
594 579
893 192
786 552
249 882
325 964
765 697
466 185
754 369
822 987
319 423
238 291
61 423
976 828
864 415
651 657
677 249
266 837
190 845
869 553
127 324
127 385
805 30
265 223
834 197
142 583
427 784
797 794
106 185
259 475
716 751
158 460
475 133
426 274
325 809
408 565
235 86
858 474
243 578
129 616
255 953
55 950
276 440
5 68
692 642
918 629
988 15
602 331
622 160
4 907
129 45
45 173
436 359
239 501
118 574
794 653
209 979
810 305
442 55
183 217
275 219
691 18
42 414
720 221
215 523
672 407
914 335
267 608
202 95
132 36
223 976
244 245
241 790
998 214
438 430
705 497
408 339
714 779
845 940
855 107
693 572
684 590
440 345
666 726
894 583
995 750
4 754
464 200
581 599
163 351
799 227
389 125
290 322
777 622
389 514
807 123
633 725
690 433
787 491
306 231
854 981
35 115
471 427
652 14
463 23
793 851
365 912
730 852
258 136
962 589
666 63
848 247
105 317
41 567
716 795
924 436
228 203
685 204
631 188
250 983
23 231
841 443
208 116
576 518
550 846
916 23
133 179
963 918
839 885
233 8
290 283
983 380
711 849
119 520
676 995
146 932
995 446
138 293
721 632
96 212
144 83
439 405
485 238
71 433
498 683
987 380
557 738
283 303
328 829
299 639
47 66
698 292
845 645
860 803
327 907
241 621
695 887
964 294
858 32
700 414
91 177
502 779
230 17
257 389
53 329
928 937
751 288
588 967
404 194
200 60
730 709
771 577
723 818
593 930
917 426
130 975
128 215
242 934
44 670
103 367
944 484
735 911
348 254
967 782
472 991
852 321
555 382
534 464
157 893
16 17
556 59
746 243
51 523
415 556
375 699
55 348
144 310
878 488
158 874
699 903
850 443
610 296
720 342
547 891
716 407
169 171
9 939
571 163
475 255
462 141
615 431
961 332
678 647
719 332
886 734
505 980
64 606
730 979
99 70
385 464
320 144
362 681
980 947
965 645
433 378
550 370
772 634
595 528
433 747
707 737
304 485
44 577
594 993
507 493
96 505
353 344
565 298
347 58
385 171
587 676
503 146
399 709
287 694
736 496
125 646
453 940
704 960
630 259
260 179
265 491
32 350
359 248
433 526
928 584
445 676
299 149
217 941
39 279
692 208
254 407
129 651
44 725
929 919
540 772
895 655
419 257
530 253
899 319
438 29
322 93
155 248
536 830
365 803
780 272
674 477
704 558
647 460
601 398
731 377
336 4
779 391
499 645
77 368
540 269
972 400
641 938
698 536
163 790
137 452
87 768
601 30
208 452
542 793
618 31
279 742
857 684
32 602
1000 265
761 886
163 714
516 294
293 317
691 771
378 349
111 329
287 704
322 577
861 481
655 752
578 654
244 431
695 938
919 473
123 204
254 55
742 111
781 143
935 360
412 433
199 667
959 433
940 463
756 592
679 861
64 203
822 701
291 426
474 648
735 210
634 447
965 388
47 707
663 68
366 739
215 682
121 441
127 244
302 885
39 90
814 144
51 545
559 418
106 401
227 862
408 311
847 985
292 356
133 614
699 499
810 12
11 895
961 446
41 267
718 458
132 936
187 155
879 306
158 184
27 947
177 738
290 663
41 450
414 207
152 904
472 278
708 157
505 903
157 138
100 869
362 47
314 929
765 949
341 815
298 964
941 553
380 286
854 851
57 170
760 765
217 570
46 341
442 61
791 114
695 398
216 530
460 243
552 644
300 574
747 663
324 456
360 682
77 561
979 561
773 177
795 831
831 899
893 198
774 756
279 984
990 8
750 730
500 662
657 724
368 671
91 626
50 323
45 486
155 955
121 651
775 832
816 835
226 323
493 27
671 211
944 962
618 442
861 541
456 920
778 590
186 839
548 976
494 869
338 861
54 141
561 680
638 22
790 155
554 274
895 619
670 952
827 263
284 851
101 108
10 66
837 236
889 246
839 770
367 246
786 487
502 422
249 193
587 163
30 943
735 329
794 646
418 654
822 655
995 772
910 878
609 554
633 853
477 332
290 959
989 263
338 613
435 726
123 780
836 496
118 301
146 951
230 324
427 754
363 130
935 148
769 355
197 698
926 137
663 905
287 791
449 431
187 814
822 461
542 603
235 259
456 223
666 356
100 398
937 797
386 73
640 418
157 796
983 394
797 288
757 86
5 538
842 534
406 586
206 316
203 389
319 278
715 340
568 832
507 595
156 960
225 443
63 769
874 464
253 304
244 11
769 10
357 457
584 948
298 410
395 777
625 443
193 176
856 956
290 548
347 91
941 690
610 384
651 550
504 831
881 998
317 617
362 589
565 730
107 322
343 76
638 318
856 747
823 434
765 264
58 111
124 367
483 427
708 296
388 51
839 145
899 523
991 890
161 136
679 831
540 159
246 658
669 291
696 887
435 739
212 879
359 737
102 29
494 364
63 172
922 911
912 750
785 784
467 614
788 722
674 16
610 891
62 276
370 774
977 54
276 651
308 481
137 658
850 855
967 964
707 114
78 98
402 527
357 739
192 526
845 579
135 179
693 630
575 952
605 329
180 889
731 2
549 734
385 619
839 260
252 75
953 333
591 580
574 43
774 982
470 89
636 491
228 34
701 721
617 96
52 171
368 702
326 112
712 71
86 75
677 101
679 809
224 106
69 414
546 226
388 152
981 255
735 554
795 436
715 227
749 531
529 684
301 991
871 758
828 890
392 818
733 337
351 30
912 315
848 383
368 917
280 121
565 936
976 689
43 970
197 508
617 513
331 29
99 691
525 331
73 9
983 712
574 983
333 939
377 718
417 959
583 747
705 346
167 701
134 319
533 866
310 412
343 915
698 637
547 195
33 727
631 524
571 198
32 818
608 911
732 741
655 342
311 460
135 706
714 605
489 572
255 630
91 804
319 407
151 468
204 269
146 219
879 217
109 835
643 175
391 3
392 720
658 997
161 56
346 73
38 576
841 529
419 941
173 227
895 239
672 194
902 59
767 805
544 34
548 311
207 704
653 645
429 461
434 787
316 87
986 911
284 487
847 172
560 143
853 545
161 858
591 296
82 500
483 999
794 678
673 218
405 444
783 759
43 390
912 960
520 850
528 661
586 536
970 775
559 901
978 846
484 177
948 637
830 753
507 272
565 141
738 157
500 995
735 680
411 282
971 525
461 808
83 778
994 765
154 42
758 990
61 307
240 827
477 321
588 456
385 449
514 176
361 518
716 141
180 424
244 34
659 872
628 281
819 358
836 645
247 83
151 322
316 39
718 264
148 324
227 387
83 897
120 862
589 560
494 403
6 688
630 284
656 627
459 254
209 281
494 769
626 372
33 1
649 802
45 480
136 198
900 857
244 416
383 743
230 664
777 100
565 398
753 274
387 405
149 614
284 684
802 335
858 716
69 68
27 149
997 483
545 856
782 339
129 358
871 995
285 736
573 504
570 828
238 891
379 623
703 233
172 894
671 81
543 779
313 2
298 670
174 290
567 425
160 543
516 867
417 778
241 758
458 440
676 194
668 456
784 88
530 503
465 519
245 318
193 114
567 195
631 759
200 844
659 482
237 823
291 112
931 413
50 157
672 858
43 862
163 871
330 463
383 809
715 231
188 895
793 447
622 111
993 855
708 817
828 337
138 242
17 940
496 987
128 226
240 800
464 754
316 650
834 855
621 309
587 599
469 803
214 820
30 710
416 135
377 434
82 168
721 361
643 519
461 405
555 815
457 833
225 901
237 768
614 149
861 429
248 965
679 601
840 561
136 553
940 69
951 109
654 198
897 794
851 930
915 417
580 122
547 454
168 247
320 161
569 875
557 529
298 291
426 956
336 52
331 479
742 747
759 380
87 699
370 471
96 19
571 641
546 22
559 886
53 9
516 990
656 240
895 335
626 273
655 705
508 959
367 385
797 640
440 47
933 344
844 879
202 988
916 596
934 424
324 825
54 314
170 910
837 796
402 449
455 773
300 354
350 273
476 909
569 397
618 940
392 36
712 595
489 980
983 154
238 602
434 647
421 898
352 169
230 719
598 126
385 865
987 694
405 538
371 165
50 400
21 893
656 15
789 258
558 676
690 964
812 786
545 288
201 193
608 23
317 858
940 366
752 220
92 149
899 704
257 875
794 169
454 433
83 307
216 523
751 41
607 658
673 765
538 87
113 449
930 636
147 194
133 607
301 575
700 722
268 510
244 765
807 296
105 523
635 801
303 1
389 689
423 946
659 325
944 269
92 126
235 565
987 824
278 312
432 181
954 49
62 672
670 655
86 330
897 299
467 857
443 206
269 428
533 176
174 960
764 514
647 694
530 93
548 714
757 1
948 446
951 447
146 637
900 255
655 256
871 811
181 749
245 834
645 738
672 534
658 526
317 390
188 785
6 557
191 48
610 577
49 666
352 981
895 341
87 983
400 57
369 195
744 627
692 478
791 260
896 571
80 656
467 986
410 344
160 420
522 440
659 840
383 705
647 658
69 8
496 502
67 725
761 889
333 102
208 961
170 481
661 288
199 557
47 517
722 234
966 522
63 892
946 527
983 724
339 142
76 167
430 557
687 565
439 975
162 643
881 955
606 594
888 731
991 589
39 111
627 615
402 200
238 611
542 37
816 378
68 505
909 121
714 50
940 88
393 372
233 484
264 613
140 29
303 894
712 489
893 536
204 679
459 164
173 637
671 274
282 475
586 739
759 478
954 423
659 782
393 968
522 423
900 109
915 660
204 248
954 375
160 129
984 195
442 904
582 747
134 174
838 87
318 861
306 390
704 4
723 559
750 76
627 775
325 285
683 998
751 762
54 89
1 248
836 90
813 587
768 771
113 186
475 775
191 654
454 546
555 327
484 3
672 759
654 577
43 492
356 403
270 530
211 415
447 151
154 172
950 710
604 575
754 93
848 946
429 102
516 432
139 226
486 315
824 121
738 535
943 603
679 700
979 2
121 335
90 606
833 809
540 680
552 903
297 719
248 752
760 510
995 778
185 835
785 430
556 418
87 695
424 121
299 983
269 177
417 747
242 875
569 602
792 273
494 865
4 992
736 122
761 717
243 304
588 357
966 348
662 587
397 660
838 614
568 703
380 888
274 370
671 872
810 206
664 97
941 575
37 929
698 862
879 683
68 752
68 893
572 654
973 802
613 563
553 594
750 921
393 261
396 84
858 44
485 245
646 200
853 616
387 817
21 926
746 624
463 652
49 741
436 210
2 338
822 78
714 181
86 158
531 602
135 97
538 215
817 679
729 863
127 340
446 656
281 689
363 436
403 795
708 28
836 58
236 792
216 355
680 944
783 967
122 30
891 234
519 290
822 325
810 469
898 108
95 502
711 632
664 552
920 166
740 938
846 598
627 845
380 725
939 338
337 443
262 546
289 758
610 387
20 773
175 938
38 854
844 380
93 801
707 51
214 747
873 431
689 716
919 842
392 433
795 947
956 186
792 964
608 629
937 804
444 562
506 462
491 692
263 312
789 926
243 629
718 724
435 444
629 670
912 342
438 457
89 812
641 93
454 78
328 728
422 637
357 73
410 794
282 238
272 140
598 54
449 687
367 264
859 632
915 219
295 98
613 715
612 595
567 923
2 95
834 597
296 68
223 763
399 501
753 834
309 792
337 274
411 640
169 767
847 891
297 275
107 364
422 874
20 474
102 612
876 72
629 710
816 419
82 89
370 527
234 26
184 906
725 905
131 72
540 210
922 885
737 222
716 310
487 899
921 256
334 616
730 527
985 746
565 201
167 346
314 793
341 885
408 236
418 658
376 863
881 824
849 119
851 381
83 39
978 784
820 542
168 48
102 310
70 154
94 382
125 559
735 417
672 147
589 965
696 232
187 389
671 609
661 856
781 799
943 327
743 583
268 523
42 66
183 428
508 540
470 963
308 78
689 241
189 757
776 38
447 128
627 779
222 53
367 608
513 252
408 567
932 523
369 663
758 496
285 778
36 466
986 567
388 513
257 24
235 593
632 781
384 292
639 368
918 373
998 607
446 749
966 78
259 305
267 930
508 138
929 86
429 516
276 210
342 743
374 911
787 929
973 588
698 987
194 36
760 143
635 670
292 625
265 540
259 579
899 596
898 46
978 922
447 848
995 748
841 761
848 764
803 389
623 938
629 421
225 448
955 245
868 292
724 808
474 833
724 296
136 574
626 894
760 797
51 304
239 29
717 525
359 417
245 307
102 31
226 386
758 986
831 615
443 257
469 994
376 566
318 832
674 495
99 601
467 952
440 587
952 150
147 293
812 622
544 133
715 740
295 707
392 980
676 315
663 917
511 247
899 729
18 579
745 887
446 351
108 793
814 681
431 262
169 80
758 937
220 706
189 416
886 503
895 270
683 283
496 913
586 184
180 724
231 418
286 703
49 945
457 338
5 506
395 942
985 439
237 876
370 330
356 283
847 390
923 502
779 262
23 332
415 268
817 191
349 356
816 317
38 102
804 466
765 311
564 852
866 552
737 638
217 478
169 469
112 216
61 630
380 333
795 374
396 867
684 384
636 193
903 907
492 446
493 249
63 831
731 690
693 765
803 47
905 156
571 271
715 542
932 933
550 622
332 647
651 830
653 585
837 273
436 736
524 553
138 384
890 562
470 479
704 925
298 7
426 534
522 304
567 119
272 147
994 939
50 464
860 923
842 841
359 157
565 61
556 608
253 998
230 393
71 459
181 280
910 863
525 940
390 152
180 43
497 457
783 355
166 160
309 300
893 72
642 124
44 105
430 153
653 371
220 746
134 767
59 135
631 46
64 884
191 703
602 938
896 789
221 214
815 463
520 921
461 839
863 214
160 244
113 974
666 583
747 727
897 801
251 753
454 892
861 464
902 566
898 357
932 577
148 541
869 189
260 208
778 573
932 419
986 542
413 535
525 707
907 951
306 955
11 926
570 193
780 71
850 196
819 251
565 725
917 343
352 683
377 419
653 346
883 356
776 455
483 218
749 190
476 931
528 341
445 294
491 822
187 513
475 737
837 364
332 367
871 476
769 536
480 113
356 694
84 296
164 736
58 849
834 872
182 698
691 693
56 258
361 970
468 407
258 733
129 89
879 385
770 668
278 788
328 234
569 258
821 647
301 592
226 331
68 753
922 243
403 925
349 353
885 453
878 127
638 161
661 760
448 482
78 440
490 776
953 110
843 788
792 873
428 423
427 176
204 674
735 129
265 156
835 259
798 648
657 219
439 979
923 579
606 74
524 15
770 330
627 926
499 598
916 935
519 550
854 961
680 186
325 561
676 266
329 552
452 945
958 883
581 405
195 241
426 466
163 697
479 636
78 249
256 224
433 656
864 475
186 301
754 793
261 397
12 440
474 185
831 98
356 157
321 215
795 731
818 880
691 334
842 677
867 519
202 248
543 676
726 888
263 180
226 719
310 620
442 85
259 341
864 970
947 875
529 679
533 199
800 774
828 342
474 382
601 113
425 688
447 195
450 164
389 134
622 229
575 934
76 449
686 780
853 346
923 140
503 695
864 783
380 100
279 802
712 773
400 222
261 463
640 790
426 616
525 371
848 498
931 715
764 796
538 526
73 320
589 352
555 102
996 674
28 208
155 649
946 700
473 142
295 390
394 924
328 755
6 300
119 478
575 68
17 590
711 108
353 774
200 896
387 941
257 41
962 956
944 420
650 530
963 761
782 331
13 797
691 189
384 400
819 393
253 488
228 712
117 389
783 844
980 411
873 410
576 187
645 935
374 489
431 504
926 79
218 712
290 753
332 110
123 960
797 868
276 79
428 449
573 609
377 480
929 105
420 615
424 95
541 529
766 66
625 316
242 249
612 580
752 609
793 78
584 426
292 350
492 26
913 9
366 944
474 900
991 378
700 947
385 960
546 34
823 966
65 680
112 494
715 511
95 860
180 750
229 248
200 655
278 687
779 481
944 851
55 807
527 702
730 150
396 67
53 627
217 605
502 219
214 974
807 330
528 746
268 173
597 177
385 983
176 8
266 944
899 840
553 985
688 102
404 617
968 578
213 923
372 256
656 414
286 826
824 92
769 595
610 739
885 701
944 815
260 260
919 870
296 994
633 762
523 153
212 979
108 52
330 58
289 350
159 359
584 856
198 29
492 160
332 865
78 917
843 86
834 716
113 875
422 254
686 147
390 423
450 908
883 897
716 825
143 559
284 512
146 682
50 493
592 712
260 101
561 208
452 36
256 151
296 376
565 598
145 275
779 737
580 532
178 921
276 535
582 307
894 753
102 1000
379 964
334 299
945 897
829 534
43 665
704 413
493 619
93 432
192 66
137 478
788 540
827 581
33 836
190 283
485 80
291 352
561 11
389 1
604 444
427 487
22 262
329 238
942 518
719 966
853 800
456 958
201 451
693 524
443 856
944 758
433 431
497 396
381 937
925 195
251 95
377 851
743 66
955 834
133 689
122 240
175 6
633 769
883 777
168 670
130 827
363 628
379 220
913 139
101 599
318 352
144 913
953 739
517 445
207 962
817 362
606 484
247 3
867 471
811 846
413 19
327 966
351 29
209 954
370 973
443 59
80 440
682 610
498 774
736 55
363 653
275 83
363 188
499 159
158 449
616 187
298 164
225 840
44 306
398 958
108 906
479 431
204 555
418 314
141 245
49 633
857 347
370 235
306 119
829 27
658 630
122 463
481 408
240 785
843 249
447 666
175 219
279 698
529 418
575 545
104 222
231 882
593 988
85 794
906 334
644 997
152 118
497 58
505 799
525 538
827 964
45 925
963 991
301 964
319 940
216 848
637 3
522 282
753 153
23 257
523 719
577 599
343 346
189 340
59 513
30 242
316 923
593 55
705 526
600 126
86 609
752 14
699 955
594 473
99 457
477 478
902 492
338 928
239 785
751 846
646 351
13 33
878 228
746 712
720 753
896 199
727 25
788 563
802 686
224 296
702 100
281 379
697 988
185 489
672 43
214 286
178 624
761 783
138 433
777 329
729 447
718 951
857 45
166 312
11 693
882 622
738 123
970 328
86 976
989 144
50 680
146 782
759 780
683 116
367 833
452 321
226 319
88 598
60 348
284 835
885 958
258 955
736 900
48 211
212 646
847 919
390 992
532 374
917 164
305 881
733 621
381 312
21 972
72 909
857 46
593 638
104 500
272 287
718 273
571 662
124 32
349 934
91 324
235 852
173 790
909 413
380 467
523 166
593 571
805 642
726 803
178 384
948 908
826 963
870 994
36 264
724 861
705 227
106 83
23 634
862 540
727 368
45 525
286 996
686 630
208 359
245 956
361 842
194 375
242 718
40 237
442 545
222 653
58 344
401 589
400 287
136 621
317 787
903 898
287 921
549 364
920 228
789 952
581 443
769 902
631 856
642 380
861 298
713 193
497 988
834 275
590 908
764 490
425 268
698 178
573 693
660 549
629 895
583 359
902 651
113 96
905 33
462 238
686 690
534 168
452 895
116 60
2 247
896 609
426 877
878 302
480 64
621 170
551 946
346 977
980 626
578 397
129 290
171 875
883 209
883 106
29 137
479 1000
139 274
166 932
216 350
636 37
904 451
608 177
558 764
189 727
936 1000
597 262
694 314
73 491
918 455
650 295
635 699
324 303
281 276
46 434
99 189
843 407
46 605
155 364
259 981
979 128
777 622
193 794
104 889
457 903
383 820
690 320
334 596
266 297
909 685
310 908
756 812
899 540
369 574
152 747
77 926
113 852
223 467
998 713
991 135
945 886
628 721
852 748
239 148
849 71
782 118
672 489
450 346
516 717
537 222
838 60
740 574
953 851
482 199
244 243
972 781
587 672
183 373
79 539
933 971
905 584
708 118
867 184
157 799
775 416
166 894
373 729
745 965
290 86
11 611
292 993
13 546
79 678
503 232
258 941
904 882
851 692
727 813
455 508
37 780
667 383
321 365
78 713
291 931
204 468
145 469
764 913
221 838
515 398
660 299
128 779
984 184
189 676
480 59
828 202
99 151
560 210
528 171
896 596
274 729
607 365
516 15
303 453
265 865
609 850
38 701
814 412
982 789
242 407
957 337
779 236
694 26
118 671
430 48
139 890
766 486
788 809
540 272
482 13
298 972
152 905
758 526
390 224
857 234
591 365
728 318
203 353
990 693
638 784
536 61
559 404
647 186
226 865
650 193
294 783
185 613
864 132
747 414
799 279
785 77
525 942
433 330
228 977
804 414
855 244
407 857
732 577
14 877
633 180
885 249
796 597
629 463
666 522
789 422
569 338
374 576
173 146
854 677
831 212
862 143
881 548
404 484
755 977
874 415
282 994
837 151
387 406
422 671
764 266
469 196
644 560
329 346
662 74
249 448
722 339
742 647
188 118
390 54
547 117
451 481
931 779
370 470
996 354
509 63
96 351
145 298
473 809
993 420
329 997
801 586
959 381
3 374
905 708
822 464
5 811
330 610
350 664
485 243
165 818
905 813
254 374
875 864
863 29
326 125
716 339
910 667
902 946
382 653
887 709
122 553
143 885
933 443
762 912
133 72
640 693
434 348
172 249
411 748
774 469
232 740
825 997
241 275
13 786
693 802
334 881
28 361
283 123
422 18
456 723
34 20
100 411
640 985
340 263
391 688
190 400
504 476
703 234
592 755
542 206
194 927
622 777
83 345
960 651
917 673
759 457
188 975
530 620
212 574
213 856
569 419
880 158
77 770
702 218
421 481
856 157
932 564
992 948
543 271
430 671
56 871
182 275
868 153
304 433
469 241
623 20
480 517
611 135
295 64
607 229
928 279
883 823
740 775
691 762
665 805
342 454
265 260
984 920
129 731
952 528
139 668
539 196
412 607
247 148
878 709
97 627
215 997
487 540
233 946
711 483
296 26
590 8
175 145
106 904
179 236
649 187
918 375
871 383
485 744
620 115
507 81
876 733
588 657
309 925
722 420
716 88
724 183
97 470
498 125
958 667
354 244
819 746
862 96
69 53
540 664
827 47
293 604
808 370
614 701
716 713
530 181
411 784
173 754
820 790
850 264
659 954
23 100
447 931
980 249
29 983
816 367
371 797
412 543
398 339
853 760
356 928
454 253
931 259
948 261
8 666
664 106
569 660
257 955
188 624
927 777
277 283
497 541
820 974
456 401
172 126
426 779
838 851
576 437
916 313
696 871
542 337
123 236
600 905
200 872
674 608
544 209
367 739
968 931
86 955
2 794
388 493
51 404
689 928
303 252
814 930
97 73
429 908
763 676
489 617
36 478
649 75
949 143
922 942
267 616
450 763
193 66
14 455
394 389
164 361
275 114
690 399
287 585
637 962
961 212
755 941
598 634
970 90
960 581
646 797
516 548
631 511
477 978
928 124
135 317
898 485
660 472
511 295
99 545
679 659
460 684
342 92
501 742
948 276
968 930
140 263
850 432
773 941
70 961
188 885
640 452
1000 997
995 581
197 355
195 152
826 391
612 410
91 310
865 457
767 513
37 519
866 964
350 131
677 271
453 407
9 984
543 635
216 895
607 185
708 41
242 943
182 214
481 456
368 851
226 251
779 89
488 586
690 804
535 525
13 780
656 917
984 207
11 137
801 285
48 132
661 3
605 572
795 297
499 717
271 876
425 780
889 541
840 213
524 463
365 46
127 349
354 265
607 962
516 974
251 302
254 710
159 400
421 889
354 551
435 897
399 688
389 965
920 107
493 487
398 902
264 271
986 944
472 325
120 575
339 42
55 803
922 896
242 800
43 589
641 864
424 285
321 551
606 333
248 109
799 297
178 200
80 214
447 95
276 8
666 352
143 838
35 163
715 577
110 956
630 97
522 157
922 752
179 281
236 676
929 827
526 817
263 85
46 117
828 617
636 723
981 132
416 393
177 269
577 801
180 499
479 636
117 684
970 802
551 951
936 195
476 779
635 345
429 605
121 812
459 79
26 813
426 339
622 179
832 116
453 993
667 805
948 821
928 743
943 603
61 304
361 233
23 679
741 176
845 409
681 193
403 607
374 277
808 662
25 900
737 805
781 648
139 762
559 263
501 214
352 388
179 980
167 69
797 566
661 495
829 552
286 790
213 947
78 982
471 203
394 597
923 218
763 870
772 867
207 951
459 223
200 147
739 259
226 858
667 568
857 404
703 306
969 498
639 554
28 365
79 228
352 549
694 842
678 443
999 215
572 495
746 412
468 259
748 854
955 69
707 470
683 881
107 616
809 637
475 620
183 700
729 969
451 708
234 845
527 783
635 150
911 230
307 788
494 673
430 28
73 416
891 583
618 349
295 792
198 960
401 658
224 170
899 800
76 930
951 795
532 419
808 632
335 628
965 247
565 438
777 901
300 578
101 211
326 249
853 164
977 25
359 411
549 279
303 227
850 256
574 885
535 654
302 118
860 177
352 510
905 571
726 313
733 819
873 490
776 235
276 260
384 458
319 127
664 547
813 177
397 436
998 258
16 280
910 662
806 606
756 567
291 727
148 945
130 603
45 948
535 45
636 334
229 283
703 230
264 95
443 874
701 160
159 418
701 530
623 18
246 626
193 324
785 299
755 36
325 163
779 970
523 422
702 412
848 258
682 17
238 922
299 647
722 252
426 645
448 635
945 562
667 605
880 596
53 677
563 810
333 426
522 947
868 175
856 149
807 617
709 767
328 660
276 766
613 126
413 660
864 394
116 956
949 71
608 168
71 759
93 499
875 488
939 168
650 270
676 321
252 359
674 632
944 973
718 697
125 752
418 766
61 610
481 618
596 529
929 231
701 392
488 272
61 966
148 791
942 901
162 752
830 756
912 780
821 158
738 608
355 641
825 947
919 424
303 827
385 890
660 641
841 208
636 520
317 875
23 26
423 331
328 731
997 705
367 316
176 414
871 353
477 906
264 107
527 838
302 576
498 578
760 870
754 512
514 867
226 94
235 736
894 329
464 633
697 261
567 679
863 477
741 838
413 521
297 495
404 971
382 79
266 897
581 926
632 7
232 257
821 906
257 681
337 877
609 634
331 440
33 629
420 964
252 438
826 400
683 582
198 319
232 714
814 848
779 370
67 389
320 859
604 140
143 174
658 305
859 591
138 410
548 398
742 729
989 417
68 206
102 176
213 995
811 544
63 718
811 721
572 538
738 552
289 998
415 54
72 588
863 46
254 539
336 11
646 774
7 856
684 187
314 398
978 517
999 329
686 795
387 387
18 478
852 544
579 591
584 705
891 663
995 33
568 60
653 787
442 34
738 217
16 480
24 462
796 383
308 334
970 919
869 65
749 986
296 259
147 423
266 663
68 976
41 807
454 124
492 918
100 254
926 782
210 380
639 834
235 65
947 718
948 555
41 377
230 813
37 706
143 758
94 112
250 745
57 137
938 451
388 228
627 961
516 591
690 111
175 537
911 177
587 833
346 62
13 901
52 80
179 260
289 653
843 125
429 521
25 277
476 738
509 558
999 811
842 770
662 721
81 228
841 193
820 271
846 184
315 253
471 497
690 233
264 371
809 229
877 176
179 269
842 904
223 34
657 764
538 361
440 747
891 25
72 320
638 385
479 89
418 279
471 234
579 842
469 392
80 56
770 967
14 649
174 613
747 291
312 988
172 283
183 116
23 378
324 790
466 917
621 666
58 501
748 594
853 93
38 757
297 879
501 29
954 127
207 761
184 542
316 156
710 920
963 332
541 559
14 900
55 358
465 802
364 502
511 209
16 116
109 713
915 137
205 330
759 849
573 397
6 813
669 91
666 937
197 427
907 286
660 712
589 281
674 305
575 770
743 200
436 198
89 35
638 990
51 550
734 270
592 7
109 822
772 361
839 588
323 538
747 177
768 284
652 239
648 967
11 369
788 382
458 996
699 398
786 102
133 146
550 606
321 585
750 355
272 830
285 315
759 864
876 302
889 24
925 697
683 893
624 116
23 427
17 596
969 63
288 738
581 189
463 937
351 147
168 676
465 627
533 526
209 877
766 872
576 802
231 246
92 778
38 898
750 63
105 336
45 928
943 128
202 903
930 432
866 555
603 447
399 647
190 555
719 801
713 516
515 852
34 335
138 222
758 731
331 507
59 487
494 888
207 282
756 432
270 130
883 683
272 534
323 426
632 276
27 517
646 148
804 477
758 354
501 962
399 272
286 37
45 778
613 999
600 608
260 281
235 831
208 498
565 512
428 853
107 616
876 567
44 991
227 965
356 161
613 604
122 272
997 351
697 47
584 77
451 296
881 161
73 896
979 488
884 454
162 78
712 23
26 689
883 517
766 149
307 323
171 46
301 955
130 489
294 328
9 979
278 964
11 856
128 931
947 758
212 438
829 959
398 346
734 347
52 870
695 411
299 240
309 39
234 241
556 49
805 300
792 608
907 907
602 238
417 386
697 227
62 866
310 415
957 887
671 739
286 355
501 17
916 489
814 640
856 642
467 769
109 668
355 796
354 893
886 780
723 436
356 183
624 497
180 735
317 32
469 979
472 899
904 14
623 517
827 543
63 135
864 152
726 86
588 272
785 931
1000 609
526 986
732 906
84 780
911 197
142 77
912 98
29 742
16 875
963 908
957 926
536 399
857 558
368 820
273 627
962 276
695 173
875 843
633 300
369 473
183 395
977 796
88 977
938 36
22 143
520 78
613 348
657 778
168 548
227 557
525 68
660 200
436 264
785 751
147 470
448 562
733 433
949 631
702 46
193 358
569 234
606 180
306 978
316 153
645 505
880 746
445 582
608 647
197 595
872 598
963 351
247 926
480 181
107 781
897 707
817 779
857 836
510 381
853 86
697 954
206 765
318 289
787 342
388 394
932 821
384 432
248 783
40 453
872 553
89 950
433 695
994 171
6 269
567 97
540 66
894 903
149 168
373 812
597 86
858 511
712 734
201 910
890 303
755 360
821 764
705 515
423 682
725 814
313 22
785 696
873 581
517 240
193 331
141 522
814 501
841 992
297 142
692 231
41 622
726 382
352 198
186 11
802 813
528 445
129 238
260 762
467 512
157 299
770 397
263 196
891 163
194 269
80 14
888 179
534 196
235 439
632 399
588 406
218 23
133 127
886 677
985 696
866 633
390 970
24 790
362 872
390 120
427 780
804 885
85 906
608 153
896 227
581 400
592 316
855 664
643 964
849 964
679 65
183 154
545 60
428 846
998 648
566 29
158 359
997 531
468 677
919 997
968 675
383 552
269 269
505 768
843 669
240 242
38 886
377 466
21 793
941 637
932 883
83 881
946 333
43 712
956 739
732 409
976 638
815 471
627 562
489 616
644 176
381 87
46 141
328 826
802 281
563 436
370 306
141 260
423 822
983 677
957 916
357 388
282 372
603 717
18 618
710 31
70 63
71 971
352 904
748 273
512 413
679 458
850 875
309 871
62 571
119 641
319 233
684 391
677 581
454 195
147 85
240 517
153 745
919 270
347 894
262 126
744 292
936 936
515 736
314 897
150 667
61 812
986 336
273 656
153 754
813 288
12 444
376 426
61 39
659 537
503 919
197 68
312 134
14 484
598 48
644 385
543 686
425 662
703 883
66 257
694 746
914 372
784 710
317 495
659 759
317 99
652 36
681 232
26 252
705 184
818 580
51 106
553 484
785 160
557 18
609 673
557 5
291 64
396 843
559 91
890 211
956 132
499 772
746 52
766 941
233 971
230 154
856 209
765 198
399 609
700 787
989 560
829 731
187 570
25 883
6 406
34 979
329 645
603 327
945 662
146 225
223 621
725 844
658 376
754 2
514 857
45 400
334 87
302 709
639 92
624 14
139 944
100 157
883 301
44 5
396 633
912 712
106 999
196 473
105 166
600 538
922 152
439 688
116 484
984 210
64 845
768 557
68 562
414 267
641 948
118 111
974 882
223 354
362 1000
261 202
941 227
831 102
64 791
314 563
264 385
908 266
55 102
762 847
651 802
250 859
150 570
370 948
988 691
879 576
432 656
847 325
423 543
352 860
291 757
918 593
521 230
489 621
35 653
772 628
672 186
1000 208
815 695
654 620
831 859
809 113
154 895
610 484
94 227
490 486
315 330
195 595
39 409
895 948
525 420
920 141
457 818
422 695
102 900
909 47
288 770
924 717
994 422
262 334
306 966
557 683
680 118
178 848
467 540
566 886
27 851
325 49
472 400
446 186
242 952
636 862
694 80
280 381
712 619
900 204
275 168
537 27
587 242
338 1000
283 422
487 939
503 176
803 176
196 406
23 792
451 739
181 831
986 54
805 559
514 712
307 900
618 274
87 423
122 669
987 715
937 759
921 531
968 557
187 186
253 635
753 577
889 94
726 692
698 603
579 717
730 589
179 320
174 963
901 654
847 175
494 74
861 288
596 327
927 321
180 463
748 616
972 933
261 191
498 893
104 951
115 695
951 752
13 127
639 802
766 32
418 648
450 860
29 960
65 741
842 732
390 24
783 867
369 397
502 96
694 720
595 962
92 915
665 931
887 770
837 194
431 597
81 233
527 265
819 775
6 296
291 774
961 476
296 214
367 144
996 113
172 895
731 109
102 91
313 85
131 351
849 80
873 13
254 233
93 266
262 549
485 677
169 176
150 19
423 760
742 438
95 464
282 561
241 551
402 966
5 942
528 288
130 254
549 1
848 152
124 317
302 202
981 493
261 265
619 942
98 441
527 631
808 823
955 839
932 928
31 524
327 959
167 92
232 99
754 896
991 422
253 556
515 359
711 617
733 529
347 52
211 898
672 12
686 453
60 959
604 504
629 69
231 911
967 532
531 359
161 427
580 508
535 367
830 787
577 432
43 976
979 661
297 362
955 852
625 530
311 747
385 432
356 202
323 150
175 950
692 122
144 832
918 760
866 332
494 638
469 99
174 207
996 921
868 201
696 751
514 991
130 322
564 879
421 130
925 540
970 756
282 925
1 377
645 493
407 821
35 969
762 80
703 933
183 16
53 271
805 710
815 794
328 260
516 397
974 629
572 242
797 893
885 631
155 733
217 776
709 929
678 811
241 345
204 234
387 811
267 589
20 295
794 573
398 282
761 138
273 396
728 118
2 10
989 944
911 844
403 475
196 968
653 924
600 317
511 583
817 665
630 146
556 100
26 416
142 299
507 943
182 110
361 563
32 41
179 649
787 423
97 196
788 418
890 964
537 885
223 914
751 602
246 798
765 572
288 417
526 79
355 939
851 491
696 590
423 868
790 89
953 437
453 134
973 624
948 836
179 159
197 21
191 423
507 873
319 168
770 730
377 686
135 838
738 899
316 544
975 538
502 607
176 974
975 614
136 65
644 738
519 229
111 991
808 927
822 220
579 462
770 954
948 937
90 912
586 846
917 970
129 516
283 342
136 226
813 782
132 229
809 784
731 286
711 713
194 506
126 93
40 992
271 265
569 982
89 250
315 125
12 315
604 944
254 907
426 721
545 796
369 189
259 350
305 947
372 873
878 880
899 327
134 645
282 336
430 984
133 659
662 455
752 308
312 16
926 976
197 788
562 507
392 655
474 362
121 890
990 225
667 777
342 231
782 582
994 181
966 612
903 987
874 548
393 987
934 435
899 460
113 298
200 512
936 901
318 406
393 461
222 569
657 790
782 22
535 297
399 378
870 3
254 731
159 405
631 370
924 594
461 743
854 996
500 316
913 670
824 281
843 723
307 687
640 590
59 701
704 760
281 271
168 814
283 793
5 152
154 152
460 171
565 609
205 8
37 808
491 259
919 35
46 324
453 525
233 201
965 971
260 843
440 298
162 516
596 999
452 55
643 845
653 536
594 115
757 992
939 347
134 699
99 53
690 665
340 90
210 192
260 801
800 912
805 733
799 790
323 140
301 434
97 498
408 656
572 156
470 691
294 214
235 509
772 158
239 513
937 662
157 458
681 29
318 505
623 639
748 594
783 153
335 455
52 302
43 276
956 148
352 609
215 415
9 884
515 886
870 556
715 345
578 303
587 393
5 149
462 96
843 370
136 428
323 384
765 49
656 186
648 244
52 531
276 352
88 789
703 677
206 98
370 308
743 607
858 964
621 724
314 504
562 509
551 375
271 940
938 787
95 540
522 267
65 519
951 160
617 354
552 531
735 44
894 22
846 594
359 575
207 806
76 528
140 627
691 89
933 779
245 925
118 673
417 720
927 840
792 840
539 402
199 657
129 337
680 327
270 761
985 624
601 572
91 31
126 957
52 835
492 541
254 109
775 898
446 662
398 651
285 358
558 141
90 742
949 193
799 447
728 771
792 161
37 669
391 293
410 378
234 307
876 539
891 365
921 973
631 826
87 817
536 836
26 187
59 698
274 284
875 151
370 1000
780 25
730 345
816 643
150 898
134 387
326 956
486 629
468 284
846 62
568 819
40 857
367 237
794 758
536 539
516 982
854 81
589 200
601 648
951 488
533 109
71 354
320 744
110 795
120 214
842 993
252 56
613 262
662 466
949 657
655 789
419 444
395 405
316 359
145 931
667 172
876 284
197 729
372 592
531 825
190 508
124 219
1000 184
536 361
854 290
542 691
584 298
583 546
193 644
752 629
186 1
604 783
797 622
592 318
562 395
686 686
789 868
474 308
198 124
224 172
623 830
372 572
602 18
952 486
681 246
818 138
500 778
115 417
126 811
161 867
944 233
517 698
813 960
846 701
836 547
621 358
458 396
423 220
909 142
654 418
442 36
240 446
335 942
830 819
266 867
198 439
416 330
682 318
614 223
247 541
420 965
7 744
406 710
431 820
305 693
802 637
132 60
700 282
52 838
887 764
390 494
498 379
945 854
597 249
585 954
814 156
142 442
71 288
691 547
53 643
463 575
331 120
479 736
93 261
834 1
125 388
444 381
170 157
27 742
772 563
933 791
873 251
912 315
539 224
273 708
896 234
494 84
201 82
700 680
747 159
817 687
913 620
570 135
951 415
735 937
97 260
890 952
906 729
332 710
893 159
152 392
992 919
718 653
356 818
681 842
95 480
218 649
433 123
803 501
106 225
724 167
707 645
625 277
16 773
881 397
709 190
497 23
614 116
488 936
469 459
976 336
319 401
