1000 6700
862 822
350 268
891 457
563 83
931 821
776 819
503 734
652 661
301 85
574 693
473 764
904 428
543 33
342 533
867 707
902 226
381 969
738 698
306 282
104 121
162 141
234 12
856 691
383 969
286 376
736 685
350 349
338 545
300 316
268 539
695 649
239 530
743 619
692 341
475 100
750 867
683 803
431 413
431 508
576 647
409 142
869 987
813 787
368 451
152 784
911 713
586 143
427 340
937 597
476 392
764 46
675 939
480 187
110 720
661 242
591 639
447 684
942 323
574 542
342 16
572 257
549 918
999 344
187 372
132 309
88 602
107 878
299 36
404 874
757 937
98 562
964 667
183 914
443 306
54 101
416 289
128 959
182 688
712 304
177 280
391 743
580 978
656 997
438 249
277 238
736 667
176 12
985 84
347 164
82 458
649 854
683 50
234 337
812 466
699 373
293 269
788 127
846 994
368 416
640 302
882 493
913 18
492 908
361 777
456 882
670 443
211 267
471 383
297 932
784 581
975 186
235 594
575 779
490 608
903 490
214 435
130 79
851 85
405 301
593 978
539 563
285 885
18 204
950 562
604 215
1000 282
807 455
212 698
813 763
350 619
709 463
806 572
384 858
360 932
300 918
876 496
741 308
646 43
319 517
999 369
925 297
898 883
238 820
432 302
338 508
540 83
393 525
272 65
572 861
871 671
882 776
600 434
725 861
577 821
482 214
362 596
781 20
54 304
178 970
758 254
941 949
245 944
931 466
652 322
263 152
272 590
566 441
911 657
731 46
207 235
148 920
63 251
715 16
172 217
45 255
398 378
727 654
216 856
412 544
979 111
776 211
779 897
824 387
137 619
368 327
311 846
468 298
487 127
447 35
365 183
231 733
448 779
750 728
557 669
251 910
916 25
759 383
289 57
841 830
588 426
90 265
265 317
402 660
289 87
473 71
416 857
38 852
461 752
636 554
596 870
368 149
367 759
692 43
505 565
751 376
498 461
643 435
230 776
966 143
6 195
329 707
293 383
596 714
171 505
888 996
550 459
763 587
437 609
816 575
627 270
652 915
858 860
67 605
701 575
680 82
836 547
392 151
628 377
208 961
333 175
858 718
338 509
309 250
396 504
298 403
935 858
208 462
468 256
104 832
814 939
161 605
413 344
485 260
966 824
675 72
24 392
987 321
704 42
173 937
910 371
410 40
318 571
361 113
184 176
556 370
249 355
784 480
104 177
521 609
129 443
467 159
821 774
210 444
1000 476
491 145
26 386
449 613
919 88
41 908
567 180
534 885
182 47
733 755
733 942
346 478
623 498
882 63
221 209
23 831
19 10
719 312
657 909
237 90
130 137
743 824
296 308
694 976
334 335
865 751
181 791
370 427
184 69
983 671
519 535
362 946
344 173
466 800
329 589
856 680
648 695
619 772
787 233
996 668
496 156
235 651
582 885
528 904
186 485
706 591
60 66
724 662
743 204
107 664
132 840
609 373
255 777
285 64
313 482
889 632
308 157
827 463
835 303
332 334
159 705
252 183
418 577
60 682
248 199
322 777
681 288
233 307
601 287
614 932
425 935
764 148
443 42
801 332
745 541
575 620
990 273
324 992
603 828
266 878
620 822
600 473
817 21
414 257
438 105
973 929
98 200
877 920
516 283
766 153
425 855
144 306
527 6
82 569
678 499
862 554
266 145
427 554
146 765
890 448
964 439
498 582
79 774
501 740
959 409
448 566
844 646
511 153
123 206
670 506
756 551
73 383
50 41
413 3
222 274
893 798
813 178
694 51
813 407
939 145
36 691
641 91
121 425
500 704
97 483
345 907
843 295
186 267
364 661
469 773
21 403
845 77
120 345
671 265
238 493
167 166
779 177
289 752
200 848
512 503
401 260
82 132
981 107
297 605
524 678
661 296
852 20
269 509
135 70
345 160
521 635
614 822
242 451
449 710
947 418
497 134
241 188
390 998
464 562
416 720
960 242
633 988
548 12
94 628
758 462
601 665
17 570
378 356
358 419
897 758
568 27
558 120
1000 384
850 123
785 539
835 922
708 7
436 771
390 24
298 114
998 81
768 190
407 708
388 74
508 263
984 621
215 73
42 811
864 705
772 977
604 415
348 788
428 601
965 211
210 200
45 785
615 456
653 28
544 756
60 201
116 471
132 525
696 460
659 133
979 822
652 471
514 145
316 303
597 344
237 619
88 108
158 864
963 484
392 379
579 455
363 528
7 907
759 390
379 842
908 80
768 696
250 846
786 310
41 762
473 290
859 644
864 341
469 478
737 371
322 89
1000 239
735 943
563 908
640 334
409 469
834 811
919 838
679 612
500 152
565 605
119 89
391 693
971 938
890 238
874 871
721 256
583 290
770 350
914 953
47 719
664 428
102 782
209 23
778 355
512 166
439 168
823 588
529 701
456 443
662 285
557 807
407 599
208 866
588 733
980 106
485 192
402 391
769 874
61 942
227 186
271 912
504 204
153 707
594 295
975 288
248 765
930 963
404 822
948 207
451 917
55 527
785 553
967 110
178 302
251 608
50 106
328 239
694 992
110 967
665 264
601 937
920 61
161 724
270 277
634 695
321 893
333 361
243 667
237 338
26 66
99 663
912 321
859 441
627 356
189 446
134 930
932 447
383 725
538 769
639 5
714 940
837 653
445 519
331 981
94 658
487 822
590 674
564 233
888 560
630 776
222 802
962 580
914 201
811 629
118 2
478 413
829 389
151 710
703 601
770 535
369 422
123 203
243 257
278 233
856 140
832 741
201 795
499 902
179 360
22 854
620 407
715 821
770 411
800 806
132 23
990 705
15 198
373 519
602 604
454 609
186 147
951 786
231 879
491 240
773 538
696 727
556 537
119 606
65 100
207 839
139 306
905 683
270 43
525 716
243 348
85 290
790 511
45 935
15 936
745 283
746 329
167 520
767 343
560 526
114 162
172 441
772 849
283 622
1000 28
204 746
87 32
362 747
628 935
337 764
577 373
590 606
121 60
989 314
299 577
296 959
813 12
671 962
887 660
650 361
404 153
153 463
677 640
21 852
853 675
532 610
581 958
96 81
962 635
697 43
90 399
23 329
115 843
632 572
428 851
360 852
802 266
844 157
549 325
542 829
512 883
652 448
292 60
585 644
589 255
715 813
492 866
427 658
147 13
200 710
252 207
428 872
587 448
77 219
951 749
974 191
245 192
675 894
5 101
385 504
355 910
467 431
847 784
742 556
613 788
414 984
358 151
518 588
270 490
125 650
572 306
980 873
868 529
737 292
944 691
78 252
259 347
722 202
389 803
159 926
34 199
474 939
955 51
679 328
883 816
211 640
386 900
440 315
334 806
564 723
838 310
970 776
445 587
87 732
805 323
982 992
305 567
773 253
353 635
654 764
386 595
311 455
756 505
362 381
946 768
166 778
589 668
932 852
986 799
978 655
839 958
708 178
834 306
326 512
154 832
67 321
100 329
9 678
127 987
523 376
272 38
421 137
359 879
628 521
120 848
660 171
699 742
911 861
893 266
845 364
949 809
782 957
855 748
234 981
261 929
353 611
152 1000
308 32
123 462
802 534
769 645
67 470
298 882
441 336
114 863
810 638
456 298
13 291
665 173
924 539
559 446
595 718
80 136
490 217
263 923
676 374
17 170
75 363
193 451
690 790
142 955
738 496
40 920
822 471
910 253
998 353
650 873
648 752
779 80
314 73
570 64
506 900
566 590
54 431
384 775
388 387
447 79
332 869
150 933
512 734
993 709
763 516
340 541
599 231
972 784
669 725
179 270
265 22
872 298
292 304
701 402
232 668
175 987
56 183
170 771
717 738
259 573
889 75
739 96
352 706
267 848
882 925
498 156
283 684
689 878
148 909
984 94
615 801
150 256
502 605
252 425
164 778
666 422
706 670
682 44
676 289
848 217
882 681
784 890
48 398
288 227
446 478
905 331
464 898
834 252
166 912
37 463
806 903
744 206
85 278
414 689
322 877
500 250
99 793
20 416
606 957
333 736
650 556
888 215
299 840
605 473
569 902
164 22
633 600
869 703
51 185
496 749
866 292
446 291
215 190
998 63
719 615
488 845
848 614
958 900
96 570
686 687
894 241
698 773
855 196
559 73
402 641
137 498
156 888
870 596
870 223
399 902
882 31
98 10
681 324
810 593
111 616
589 404
341 736
301 900
359 622
224 370
180 605
768 847
377 145
132 198
14 68
469 397
287 490
434 688
508 46
916 982
321 450
59 90
247 908
519 947
745 891
119 276
144 262
886 805
880 189
625 824
873 750
370 853
286 689
392 518
505 909
85 667
741 849
614 632
67 563
583 602
70 661
757 438
991 667
89 386
193 366
340 546
182 516
797 564
704 877
541 732
865 39
4 705
643 372
80 174
25 631
165 378
365 691
240 920
271 67
507 8
380 331
125 372
293 558
799 324
908 517
119 907
226 271
9 463
300 795
521 629
273 47
210 826
566 797
722 859
866 489
931 662
130 116
812 863
614 188
830 196
482 385
264 257
166 546
652 285
519 470
119 259
308 844
485 698
705 667
514 238
839 162
538 557
354 25
802 674
90 822
212 957
315 114
271 976
260 593
677 628
700 574
652 986
328 764
102 611
639 206
1000 361
86 16
742 563
404 435
886 845
944 357
161 269
309 519
909 223
669 405
973 842
683 890
815 818
623 201
941 620
830 477
861 204
136 818
889 554
344 481
520 328
624 920
275 950
570 112
17 743
568 533
747 225
916 866
176 609
937 634
946 485
416 336
80 248
516 136
154 753
31 907
280 228
162 911
324 943
937 253
707 567
501 522
927 897
352 438
896 249
212 712
782 742
333 559
809 675
842 522
962 304
808 282
879 352
527 691
787 545
107 23
427 918
220 802
962 200
990 287
766 345
154 249
544 824
147 155
952 728
322 817
663 760
419 589
204 540
150 379
592 546
246 636
337 695
821 895
882 536
430 356
810 169
938 559
921 577
180 939
798 780
685 988
611 408
920 524
919 848
23 79
491 692
148 734
558 47
633 784
241 856
897 653
108 513
788 673
759 603
583 375
26 936
42 107
357 224
800 415
528 333
186 151
69 766
605 493
281 256
479 837
159 296
822 810
84 578
857 152
492 478
853 32
764 869
657 783
590 624
298 478
600 346
184 171
757 513
983 639
330 257
423 223
82 504
213 836
675 131
656 874
439 864
500 572
300 954
194 46
988 481
158 682
38 695
552 124
83 291
692 694
586 858
714 821
260 305
494 425
488 116
681 145
776 355
158 45
667 640
294 330
497 146
164 434
306 236
786 473
583 606
883 761
655 411
142 647
420 202
617 772
67 526
452 772
928 222
498 2
791 149
188 739
60 347
117 478
652 34
846 674
922 114
572 720
307 221
645 749
450 907
887 410
757 952
874 420
646 985
768 308
739 331
308 255
910 44
944 15
453 392
261 88
499 853
383 564
5 415
927 152
191 205
591 885
269 242
465 311
730 29
345 129
300 865
398 520
557 950
133 267
404 990
222 746
362 769
413 532
406 401
98 431
833 463
834 267
251 956
955 655
460 192
468 923
227 567
427 693
555 695
492 900
585 148
705 208
864 268
989 896
533 956
952 754
258 584
318 822
559 694
328 523
37 485
241 849
225 70
362 102
607 754
694 946
52 755
855 706
11 833
175 568
994 742
464 585
714 195
933 22
793 945
902 148
323 673
56 564
661 565
459 323
418 516
650 723
646 506
686 937
445 709
348 5
549 393
682 429
63 357
942 857
818 876
183 232
792 101
978 691
176 948
118 797
810 174
848 345
366 65
72 915
213 682
986 965
782 108
318 940
19 704
929 57
729 391
242 681
20 698
877 53
376 971
812 675
953 201
288 187
812 496
28 994
132 791
219 218
854 440
701 256
397 595
967 701
887 779
231 774
317 31
251 357
15 483
427 349
622 924
115 745
553 176
43 822
608 668
878 204
284 835
430 497
45 478
966 6
658 775
647 384
317 692
76 488
364 690
773 972
857 600
56 132
851 936
11 581
531 521
156 449
264 303
465 509
907 354
808 890
524 107
153 437
203 786
734 472
15 786
554 222
419 283
911 330
780 448
62 185
556 479
563 379
242 412
23 510
232 533
125 499
804 455
717 103
23 584
651 684
249 563
728 309
275 479
32 405
259 848
667 281
764 93
717 241
595 96
463 923
779 985
739 416
858 115
971 445
882 734
810 236
921 923
777 160
369 587
900 372
873 481
35 325
738 955
506 899
290 445
689 525
668 717
348 682
119 552
115 808
699 996
860 560
175 732
252 152
405 736
634 768
212 986
292 366
837 369
680 914
791 354
61 546
148 490
839 607
305 517
302 334
58 475
935 217
459 645
386 92
56 708
114 280
6 835
208 114
720 80
777 141
75 631
219 20
882 551
140 817
994 194
419 609
383 913
821 518
822 358
873 867
177 497
540 436
126 116
719 27
104 327
788 212
669 68
508 842
694 780
636 127
242 528
98 520
579 592
661 911
535 872
971 432
408 854
385 708
117 438
39 409
783 246
497 183
436 826
823 500
456 513
661 138
335 230
356 268
452 640
623 884
582 338
911 520
765 243
456 664
889 904
10 514
876 757
112 295
467 528
452 251
624 182
369 128
419 556
272 651
164 823
500 326
19 972
14 437
881 569
361 785
796 818
631 768
415 933
74 962
919 646
316 422
991 324
896 339
469 266
566 551
939 391
3 212
191 886
878 846
395 39
220 294
373 884
918 850
384 581
590 666
906 588
37 933
204 370
24 930
773 152
102 336
655 975
284 254
665 321
305 123
811 365
994 415
949 455
55 888
584 581
948 375
651 563
929 440
535 104
19 829
748 839
145 620
818 239
447 356
785 436
414 596
305 427
226 765
778 818
275 27
158 909
573 287
514 42
256 704
617 879
280 253
697 494
909 629
563 736
869 703
975 599
813 578
910 522
244 950
646 341
233 105
762 550
63 780
55 305
808 700
257 645
495 633
148 829
972 473
602 640
380 814
524 690
871 564
265 961
160 68
864 760
393 748
420 159
956 533
675 505
27 332
863 124
137 673
853 885
854 899
112 98
534 553
726 317
427 362
650 736
79 839
793 764
587 244
125 400
187 42
957 568
168 376
67 883
876 189
724 85
281 272
764 331
3 113
863 297
729 389
281 959
368 909
599 672
584 975
972 586
573 980
101 176
391 272
701 235
122 894
154 461
55 810
86 388
577 628
263 341
681 467
327 407
651 216
820 356
239 103
609 379
465 450
836 536
168 389
94 475
11 947
382 997
711 527
886 542
130 492
292 714
52 686
987 383
688 279
799 344
728 699
901 269
878 644
648 817
12 982
685 675
853 220
680 837
65 978
509 176
501 456
360 822
137 230
445 319
224 290
697 837
115 803
550 655
79 138
571 746
234 924
786 883
410 105
593 814
526 472
810 90
227 673
890 379
144 689
237 799
722 362
416 401
897 104
494 74
761 685
893 122
474 573
406 131
481 427
760 719
877 467
109 613
546 165
179 304
705 545
444 88
766 853
30 975
737 913
164 332
78 923
436 148
277 259
399 396
202 89
61 464
366 137
294 712
892 6
537 317
981 421
377 432
36 333
235 948
899 254
689 279
525 142
346 885
585 573
767 413
326 427
768 602
401 317
285 643
232 132
702 851
395 461
564 641
989 962
29 346
839 151
260 578
134 598
742 271
832 91
542 70
651 737
793 947
23 404
27 942
758 189
817 369
83 369
701 803
456 242
422 671
446 652
844 742
985 977
128 977
466 702
66 264
443 860
57 549
518 280
415 618
615 971
82 271
157 570
677 820
253 679
732 182
623 310
284 265
703 449
904 107
989 549
589 561
430 355
959 840
160 720
210 597
82 69
410 165
722 479
203 6
189 960
114 276
98 236
137 461
599 245
391 309
923 776
46 507
354 526
379 170
405 716
130 529
231 91
408 444
281 152
447 584
862 549
325 739
1000 14
693 521
217 525
180 88
131 503
557 781
41 701
950 301
579 4
393 238
158 701
92 434
994 486
73 371
162 646
535 793
15 101
975 654
614 258
815 211
301 123
235 648
402 233
47 120
668 633
486 450
432 988
910 121
341 775
770 757
312 812
583 49
177 768
799 170
412 315
617 654
626 211
54 27
109 153
638 275
647 978
233 775
203 239
631 945
675 133
833 80
601 62
757 328
253 255
373 527
805 688
568 722
832 623
776 398
299 973
443 199
828 623
323 308
746 582
254 880
42 343
102 363
179 700
681 832
708 466
66 629
304 873
14 901
217 39
689 73
74 293
599 202
132 120
171 769
242 281
459 576
549 182
473 143
336 495
804 855
876 377
53 234
238 103
851 617
556 388
303 708
660 962
736 694
574 750
433 655
828 841
550 400
225 577
755 794
407 102
637 832
879 253
846 816
278 488
133 901
322 964
684 528
665 42
648 619
10 320
317 380
929 157
112 713
439 167
18 94
305 177
388 640
188 989
389 485
399 878
846 426
594 234
551 84
367 472
63 159
32 782
191 330
984 589
127 553
688 979
281 282
316 448
449 729
196 465
939 828
316 617
581 726
636 811
848 648
960 985
843 684
640 656
440 777
130 905
613 994
923 274
557 62
314 795
941 81
654 378
503 482
154 15
882 267
400 384
159 909
827 559
974 505
715 231
991 687
541 634
658 955
697 6
776 499
194 859
951 442
89 743
393 305
563 114
229 841
998 170
189 713
392 776
463 134
144 418
637 662
811 215
252 388
584 14
296 16
901 439
967 828
656 1000
578 112
990 577
847 358
967 472
657 542
160 551
638 412
304 569
328 485
99 816
421 118
666 282
192 381
897 927
533 605
336 573
312 687
443 860
703 588
546 11
883 756
49 393
708 537
281 876
10 100
669 246
788 592
542 578
621 442
648 700
522 359
763 390
949 886
466 276
261 42
623 393
52 913
525 511
559 407
989 628
802 420
434 279
442 194
541 791
1000 840
153 92
717 17
688 604
72 294
420 928
962 224
847 324
43 735
780 514
113 102
27 848
56 428
281 965
757 164
245 224
698 646
461 993
806 396
239 110
298 566
368 64
508 694
744 211
144 821
500 129
170 100
179 648
205 372
498 327
143 255
952 21
626 252
122 419
205 622
248 444
561 726
174 4
213 245
60 22
211 187
935 101
392 411
382 732
360 180
453 414
575 713
749 367
385 498
106 992
843 425
444 671
55 782
215 669
693 100
27 70
12 105
580 148
701 106
178 597
129 964
843 744
381 740
341 84
805 641
140 450
999 500
218 518
748 183
89 705
706 187
659 82
748 792
675 56
448 921
89 274
720 805
554 615
698 864
742 894
824 495
633 760
529 88
410 241
694 848
70 586
398 882
198 442
626 431
885 296
9 465
867 747
238 70
557 603
517 267
2 645
217 951
583 306
265 507
308 256
511 1
61 304
832 874
915 230
774 694
32 885
617 720
694 448
297 824
785 714
454 463
208 215
121 878
976 840
952 351
657 59
918 810
127 977
384 914
810 423
129 110
230 213
255 648
964 778
435 169
319 310
133 675
264 814
758 78
99 811
93 83
432 251
675 436
507 527
318 234
907 28
794 21
743 698
3 9
572 752
764 483
304 454
243 695
867 145
962 149
225 898
280 808
297 383
174 702
608 849
99 587
159 781
17 341
865 955
413 625
30 234
450 813
363 778
487 108
504 120
764 405
256 141
521 884
716 256
616 736
505 815
918 275
93 26
270 446
302 865
357 658
595 800
463 335
497 650
913 793
911 475
421 982
170 941
185 401
186 980
56 362
483 370
983 348
709 748
377 38
29 722
356 219
650 771
234 290
808 423
281 574
104 875
859 854
494 393
87 886
74 205
622 645
480 425
591 925
848 417
355 439
702 880
617 596
779 610
331 748
394 696
744 107
372 535
200 767
733 257
179 804
196 482
650 568
479 596
932 239
709 163
563 512
362 794
164 198
374 869
787 927
6 301
996 857
98 127
723 176
261 861
181 729
225 131
813 899
112 539
472 185
307 474
153 369
223 840
118 471
100 276
257 315
452 70
896 950
466 588
413 810
520 373
470 455
223 97
214 318
923 39
538 74
453 692
94 242
111 427
198 937
51 56
925 526
77 12
713 909
828 588
508 483
877 426
93 133
976 338
253 674
225 902
275 213
528 27
824 156
882 330
396 620
997 296
127 466
968 958
664 811
17 665
594 989
997 779
330 812
275 496
691 422
313 906
938 15
406 950
529 958
630 189
344 798
170 348
984 454
285 276
414 921
480 538
214 879
350 984
861 818
433 827
894 714
475 875
247 530
118 142
605 364
787 465
456 100
702 138
52 702
674 192
409 64
369 521
290 762
807 257
80 193
872 239
760 767
962 445
992 897
502 579
158 896
51 180
961 241
819 631
374 541
349 519
124 970
105 580
680 975
7 920
666 236
232 435
542 272
451 512
885 585
770 965
473 8
82 743
796 802
183 20
345 688
501 695
882 935
296 143
161 545
893 264
566 627
359 768
303 525
891 323
771 101
212 560
23 116
176 618
649 951
240 457
296 39
404 462
681 562
909 714
827 104
290 95
365 942
475 933
178 862
465 279
300 389
868 660
22 988
723 22
625 664
464 462
800 595
769 590
108 208
289 797
648 162
572 815
493 294
550 635
488 516
461 403
479 650
291 239
32 977
853 546
691 534
190 323
858 586
101 726
168 163
986 265
743 249
53 319
160 985
152 664
624 374
368 815
29 467
279 875
757 898
77 246
935 56
986 225
103 102
14 990
182 218
130 245
209 4
556 488
677 281
271 134
337 540
72 940
365 24
610 975
603 39
795 651
173 422
797 991
630 742
862 663
303 573
56 209
244 291
82 184
909 614
565 588
574 374
567 512
687 897
140 987
940 776
728 200
709 672
566 54
248 123
620 8
546 612
316 637
482 614
749 489
407 350
777 515
820 469
188 517
75 319
411 127
607 438
714 269
376 495
469 596
195 467
608 953
720 88
471 866
602 958
535 866
874 763
867 673
141 647
840 986
577 697
633 868
996 984
203 914
237 954
650 451
337 192
83 874
55 288
120 87
421 330
247 740
489 12
971 960
248 878
314 168
538 639
461 425
236 102
467 663
197 857
918 122
177 497
604 524
473 292
647 140
897 2
798 501
977 945
386 431
757 978
978 157
949 201
159 22
405 416
960 197
246 884
263 345
571 543
931 653
125 125
332 393
928 487
970 767
84 915
711 159
284 993
104 227
274 935
287 860
385 591
500 763
530 844
136 801
440 753
800 487
772 417
512 823
809 376
509 721
225 760
570 623
766 893
892 450
914 530
182 25
152 474
550 857
1000 768
958 688
375 78
532 826
556 282
370 524
733 989
214 364
920 674
227 750
634 141
455 680
83 969
923 999
304 169
846 952
1000 32
770 768
968 49
630 116
79 120
442 483
626 878
62 806
241 777
843 599
648 481
552 127
663 957
590 22
139 828
981 503
3 692
149 369
459 639
422 791
292 713
624 937
514 547
75 729
717 195
657 719
233 58
711 678
150 428
656 68
456 196
978 142
591 765
494 425
73 922
468 618
396 271
749 671
764 165
687 260
195 474
749 912
67 999
236 109
422 184
712 635
855 295
533 997
847 786
182 466
848 377
105 437
677 929
264 214
249 371
745 704
483 989
416 73
960 856
760 372
161 984
686 970
889 872
742 852
424 667
931 923
467 68
771 921
257 87
561 437
119 621
842 67
13 524
592 842
615 605
610 284
478 812
90 553
148 916
837 852
163 224
559 348
943 211
372 957
687 897
944 269
488 260
680 71
10 312
631 707
321 839
914 220
837 173
756 608
514 141
43 972
985 906
737 766
837 535
852 9
759 144
646 452
115 870
829 387
681 984
892 997
477 804
121 836
470 914
693 264
107 697
719 172
817 56
697 168
862 247
921 581
698 739
290 988
169 253
345 904
858 660
992 871
259 86
230 4
794 51
228 256
613 739
657 229
771 274
120 194
929 563
877 146
95 218
380 556
320 833
290 20
741 28
737 889
67 29
1000 93
272 512
721 960
754 440
610 254
864 649
869 372
783 763
663 639
406 894
668 125
50 192
74 65
875 512
89 747
125 903
186 678
920 202
677 969
289 785
697 463
455 691
592 750
630 720
768 108
735 685
75 829
358 20
871 454
963 377
495 382
346 262
545 495
307 224
279 274
626 231
30 32
72 554
969 697
96 505
302 993
691 817
576 558
821 420
972 132
381 446
980 697
225 785
391 969
168 266
294 154
46 305
329 113
403 189
224 620
316 982
995 966
825 353
339 959
293 672
166 881
714 895
23 980
834 1000
139 658
239 280
213 796
603 624
915 579
945 381
710 736
250 312
62 772
57 806
612 376
592 233
831 231
456 173
912 895
45 108
373 196
40 939
201 837
99 986
882 869
648 288
802 467
603 917
687 650
395 887
716 50
221 85
885 421
633 351
55 219
3 44
253 86
171 153
844 423
782 985
304 343
250 288
45 807
406 935
239 473
280 411
994 924
357 262
811 44
364 221
988 23
515 912
380 617
25 341
213 633
234 380
509 250
735 444
29 35
971 517
397 455
39 629
838 126
182 11
846 642
266 383
472 675
621 928
89 596
25 756
740 515
185 980
511 477
397 653
236 815
458 584
137 686
256 698
728 816
346 133
520 345
617 493
410 207
170 828
996 518
443 591
362 430
266 999
128 272
334 41
217 684
740 926
739 357
811 116
465 683
24 91
408 384
451 584
770 908
152 437
254 818
488 695
645 376
949 47
559 907
265 122
172 576
120 385
836 252
465 18
848 766
353 773
758 695
287 591
112 657
657 698
285 45
870 331
671 523
267 971
668 246
422 135
734 197
486 480
867 348
360 900
637 993
147 267
810 471
486 994
757 998
748 636
979 449
231 980
328 142
130 164
240 634
542 577
950 195
342 204
816 132
771 858
792 180
736 525
765 711
326 914
16 715
930 433
552 149
362 792
894 866
132 664
825 214
736 62
916 416
912 860
843 932
855 781
914 800
463 748
734 959
177 198
41 817
818 291
490 241
872 305
939 558
481 233
433 498
700 752
288 430
653 55
37 548
222 244
474 924
289 167
365 247
799 470
200 599
948 529
787 885
384 382
950 138
807 678
408 31
594 598
243 172
396 920
188 989
766 23
48 528
812 958
546 824
686 90
774 805
168 267
250 266
458 439
439 710
976 520
316 539
906 457
699 402
62 932
835 237
377 807
28 612
434 258
502 529
864 266
202 916
350 762
719 423
366 693
863 914
747 901
847 552
645 111
890 161
809 693
151 767
95 666
383 881
546 522
528 298
75 63
884 234
279 317
770 884
132 631
580 527
496 271
816 350
930 194
512 928
703 322
841 632
918 746
855 141
885 133
408 371
306 440
205 337
114 316
724 130
981 973
568 844
72 901
719 403
18 657
819 431
95 627
786 489
304 671
751 978
337 966
350 13
946 677
411 120
599 103
732 231
560 879
402 545
921 31
365 313
195 469
157 694
905 24
721 987
468 783
980 120
136 554
35 719
557 351
256 888
286 182
938 981
725 590
971 831
69 366
409 111
807 244
133 645
502 298
895 917
691 604
88 901
369 315
86 593
194 293
507 823
136 506
151 371
333 25
18 204
228 601
147 93
805 840
579 349
333 896
466 920
371 293
185 443
461 992
391 243
385 559
149 23
604 34
849 810
366 400
55 490
516 520
747 148
845 888
488 565
230 538
484 858
830 418
698 161
34 761
214 254
362 605
901 391
378 519
282 968
330 307
162 960
895 387
17 66
88 909
275 182
505 944
588 133
979 299
240 208
242 791
236 473
126 280
210 272
99 455
154 119
545 443
507 111
156 643
934 433
613 629
268 102
279 643
563 256
923 681
669 758
636 56
480 924
668 182
319 384
957 236
935 375
769 846
819 918
67 687
297 673
476 282
179 159
583 274
183 11
684 515
319 333
601 550
866 319
804 265
33 753
890 493
523 902
484 382
689 69
589 407
930 56
957 235
233 584
897 109
890 55
696 329
968 204
967 417
250 139
878 713
914 962
689 130
933 686
113 123
845 76
32 299
978 72
232 433
796 705
581 580
219 859
358 548
840 851
464 695
993 215
211 268
425 404
467 540
645 70
392 403
824 755
390 180
776 8
430 546
238 179
219 456
410 511
342 554
357 643
27 578
846 843
730 524
366 366
319 138
467 134
377 720
609 891
911 817
196 640
342 392
919 204
164 904
896 43
129 445
617 187
937 737
193 791
155 648
441 767
517 972
760 38
141 257
224 467
369 642
38 897
80 602
221 598
439 36
84 696
478 316
539 643
528 732
970 4
902 736
987 474
757 490
931 239
955 935
221 779
734 887
62 641
893 617
738 345
525 29
510 148
885 304
28 19
882 747
650 241
188 789
467 580
687 476
404 832
195 368
264 396
637 145
181 282
948 107
197 227
220 569
350 713
30 816
202 164
942 183
40 214
828 229
441 479
468 331
60 881
622 902
946 644
6 887
114 284
197 938
798 102
894 802
957 815
458 579
623 565
509 767
580 323
750 18
125 418
211 782
673 298
35 280
290 941
114 673
166 253
336 957
670 441
66 551
98 980
680 564
514 30
365 731
102 601
267 212
104 669
956 254
509 92
858 342
568 94
623 103
159 991
374 677
948 204
824 73
517 218
152 224
900 335
232 900
623 295
433 737
361 880
863 545
872 22
59 345
917 864
7 50
559 729
157 432
216 736
361 998
870 776
738 241
883 905
157 873
902 813
658 299
384 772
61 297
768 8
926 920
279 474
122 705
245 187
431 864
298 604
932 320
430 6
591 414
649 11
797 370
459 211
325 529
230 664
429 885
439 699
500 539
200 196
926 164
521 966
972 236
379 544
233 39
331 693
614 183
77 885
782 407
55 58
251 195
417 380
375 397
28 341
868 930
760 78
957 795
76 776
90 669
625 756
216 41
631 548
383 756
392 39
626 32
352 177
42 10
235 536
620 866
391 456
38 550
773 840
582 471
596 139
843 42
375 760
554 352
706 275
834 350
448 114
656 878
40 680
340 340
43 357
810 795
104 979
611 302
241 91
593 510
67 775
182 122
90 485
638 803
138 26
736 308
519 652
873 280
998 927
504 19
170 410
531 408
112 599
121 226
707 718
471 59
825 90
195 544
595 770
836 682
345 426
776 590
572 504
11 518
91 951
463 199
214 455
558 49
118 3
458 786
299 161
806 155
396 630
211 305
403 664
244 149
582 474
626 117
960 603
568 393
405 919
639 454
865 500
388 102
658 23
958 334
58 285
472 103
230 594
613 871
881 229
966 293
666 706
782 15
601 198
615 791
894 943
586 250
323 874
668 264
813 523
883 151
670 480
829 840
470 654
201 232
646 571
539 641
43 162
549 430
609 794
865 34
397 975
872 402
242 488
910 390
813 823
771 260
281 156
467 485
924 563
871 735
848 569
746 937
67 610
53 802
103 318
940 10
731 168
687 702
552 534
194 929
332 108
733 910
235 473
620 463
113 935
520 521
753 175
796 541
9 3
456 521
604 555
394 493
686 945
57 943
44 748
936 695
945 729
169 475
714 909
591 692
988 868
978 496
656 126
111 14
717 124
742 285
518 71
98 693
480 978
493 739
182 331
345 610
117 262
631 925
408 738
932 470
605 873
479 322
917 220
341 75
536 262
989 301
511 828
181 881
296 627
299 580
214 354
156 553
759 331
968 987
628 743
796 380
188 103
919 842
121 827
53 380
289 111
767 545
814 905
201 721
431 749
827 130
421 249
601 692
311 17
147 69
358 340
541 551
505 669
840 77
683 947
871 449
248 185
763 153
651 23
144 277
139 895
46 259
898 968
808 204
621 471
944 236
319 633
73 941
757 515
340 773
427 786
892 67
901 171
578 550
7 76
585 830
558 401
955 233
69 88
234 104
665 77
944 999
877 447
288 584
647 985
442 96
753 418
331 937
745 325
770 951
281 10
597 555
943 491
490 403
150 664
590 856
116 820
201 158
842 557
112 663
607 631
314 345
277 834
148 11
451 432
285 956
833 528
74 852
735 726
531 41
694 752
740 532
5 106
189 33
413 171
459 27
750 246
5 5
152 682
815 346
611 651
874 686
383 182
106 570
516 185
175 828
92 17
101 68
300 553
276 249
871 698
48 450
291 405
514 286
553 227
997 588
313 678
946 259
884 549
132 844
848 732
549 419
304 345
935 313
666 8
364 509
823 480
671 470
854 68
145 459
97 724
365 987
550 105
395 261
871 604
257 618
939 559
357 342
867 626
612 594
69 864
815 949
597 159
601 446
967 772
2 108
342 789
919 398
896 301
743 883
840 779
783 292
531 611
591 477
75 483
427 232
655 671
668 377
697 575
500 155
710 756
613 353
570 918
379 174
490 168
621 470
591 330
976 226
122 671
932 192
802 493
13 721
511 847
435 122
163 142
842 123
916 244
523 835
404 111
738 817
201 868
805 629
557 138
595 237
30 923
659 824
959 142
33 551
286 984
572 542
356 502
227 552
480 292
867 985
772 873
690 361
54 233
24 551
217 730
81 420
618 223
44 796
995 568
903 537
603 144
216 480
915 990
29 737
906 700
45 243
299 707
949 910
466 789
501 71
579 930
600 407
259 380
543 292
628 162
887 319
518 745
54 365
848 286
410 670
347 261
74 625
272 342
763 630
180 978
180 954
731 506
858 175
379 57
541 137
44 525
33 810
623 746
622 614
636 654
417 648
938 206
697 948
347 192
218 355
189 631
421 514
370 795
342 330
936 574
557 154
795 991
398 825
126 603
289 916
30 287
202 574
767 767
818 955
508 203
604 268
907 364
897 158
543 108
861 514
29 299
95 279
815 338
685 980
676 324
582 950
118 824
998 632
66 225
205 942
700 118
864 977
224 402
487 78
538 589
245 47
23 393
876 632
170 957
910 51
144 670
333 261
460 849
995 590
924 979
715 533
937 545
382 906
75 472
751 162
763 62
400 687
168 135
698 437
955 969
217 174
490 936
366 679
160 723
931 401
307 477
762 625
709 437
847 728
973 246
841 659
971 776
221 252
271 189
195 127
946 852
399 710
963 834
633 806
347 588
894 472
73 415
836 337
528 248
426 354
100 972
126 648
233 729
357 381
772 987
94 357
287 8
551 962
729 292
735 9
588 942
90 723
814 721
977 933
864 860
911 448
666 883
157 777
677 643
366 522
479 314
500 559
179 397
809 107
366 207
239 704
563 409
665 274
88 108
311 661
391 209
70 194
14 818
30 879
295 422
762 388
873 201
579 342
701 377
798 551
153 106
481 932
417 763
50 566
369 999
464 234
684 221
832 689
792 593
433 728
296 536
672 1
865 24
645 65
493 214
996 344
995 213
542 308
820 654
933 718
912 266
819 587
127 290
412 628
745 624
319 630
599 859
697 691
767 991
409 392
571 82
469 101
51 993
964 416
774 673
851 298
421 950
800 848
193 383
42 123
968 895
47 249
932 798
483 953
651 39
984 323
880 320
49 566
48 444
741 456
439 108
186 170
889 386
368 25
985 396
714 102
581 615
673 311
479 282
408 972
718 39
913 498
91 285
710 180
621 624
201 157
293 695
340 695
426 454
746 311
127 362
893 142
64 215
741 282
313 645
751 979
343 535
747 574
100 331
118 846
287 52
686 110
698 131
793 704
546 570
30 337
995 40
209 986
10 96
428 857
193 161
81 894
358 231
961 694
780 681
856 740
960 105
542 251
605 215
455 509
401 494
692 447
830 150
808 826
450 48
412 972
367 549
644 821
3 976
832 179
945 663
644 558
31 502
640 164
814 459
944 982
669 635
109 465
134 52
298 855
704 449
832 507
683 722
450 672
663 369
594 875
661 773
146 588
476 563
676 98
734 280
299 660
856 560
351 424
157 642
733 727
260 346
117 103
198 190
674 416
57 634
742 784
527 820
211 23
151 232
466 507
971 956
632 630
865 277
244 331
339 577
339 652
999 395
900 391
95 67
93 596
649 323
468 385
232 147
718 470
881 85
67 313
591 945
960 844
760 187
116 770
894 640
555 917
623 781
478 427
430 344
657 92
351 597
604 582
230 266
115 825
377 787
470 564
770 503
265 182
358 449
701 373
680 231
853 579
918 839
114 836
539 117
408 481
404 78
415 584
51 529
786 313
183 697
163 882
274 484
109 397
602 767
529 269
672 799
82 692
516 417
929 656
935 547
809 489
31 25
268 317
143 913
380 629
68 615
859 333
873 354
228 807
316 797
799 873
518 879
817 946
343 499
337 233
32 401
157 70
152 475
787 135
704 265
384 933
78 589
516 324
686 896
564 159
156 75
495 417
675 143
754 396
425 270
292 14
209 775
962 600
911 150
692 214
792 273
750 129
127 276
128 200
641 734
111 314
2 762
442 69
518 439
941 131
937 304
913 920
879 901
26 645
949 800
192 848
846 289
919 386
375 803
943 599
594 580
164 657
959 785
351 934
343 952
51 966
840 820
113 254
212 404
260 383
833 492
750 983
850 330
361 614
228 122
407 611
194 963
291 77
994 992
6 91
718 992
915 500
620 943
730 423
654 955
513 197
715 815
246 2
156 123
686 40
136 458
938 539
160 578
757 693
243 200
903 964
924 353
245 408
687 626
94 150
280 194
255 879
499 579
32 993
597 716
966 557
546 41
311 687
980 281
360 282
203 711
546 841
63 995
729 943
784 966
780 584
503 313
856 278
378 310
949 541
372 997
271 838
58 233
990 824
991 881
286 66
233 255
368 227
458 268
352 363
295 250
645 863
933 649
979 336
111 803
508 316
401 7
939 380
312 753
768 861
864 593
159 695
829 392
368 65
490 670
80 267
757 415
455 842
456 712
233 879
114 167
973 416
140 457
17 6
477 674
435 294
103 576
841 800
295 680
355 427
264 696
811 511
89 291
436 841
154 409
72 827
739 188
801 321
30 739
425 828
872 778
977 459
524 833
150 54
696 257
271 865
501 714
337 607
747 656
163 420
11 441
394 26
747 552
542 29
262 238
59 87
233 251
905 77
471 217
789 63
966 858
862 876
944 877
136 396
507 669
956 828
505 897
870 886
649 262
766 38
596 256
312 726
929 981
868 275
385 458
30 637
99 611
271 699
794 136
658 397
794 674
424 480
238 434
269 310
989 563
416 603
368 507
119 233
134 350
969 997
625 619
714 399
911 21
946 710
977 883
590 922
583 136
430 112
305 187
397 330
960 360
117 732
147 990
32 472
82 792
320 139
431 804
527 990
288 454
88 805
735 670
196 971
906 830
750 717
675 709
552 698
800 918
243 938
404 482
643 268
557 618
89 381
276 926
287 440
280 112
95 25
427 873
309 337
963 956
200 325
858 726
661 735
991 612
516 979
435 925
961 707
357 740
724 292
247 671
498 671
134 691
570 953
669 917
552 363
227 530
557 490
200 360
669 688
348 419
15 337
841 753
105 64
164 662
258 431
88 641
510 234
418 549
726 173
918 361
869 985
272 377
748 987
396 154
358 237
112 57
957 820
236 397
131 256
105 233
650 847
127 459
997 682
885 208
28 37
517 853
52 444
741 135
957 737
775 45
434 175
249 944
836 498
78 490
776 204
868 788
756 194
172 862
430 645
165 83
357 706
658 10
814 666
223 334
632 195
719 183
168 397
945 631
470 261
782 118
958 149
597 847
945 578
160 321
321 229
500 302
8 907
861 719
858 53
375 966
142 129
94 10
609 223
903 279
386 580
533 387
943 578
861 322
287 222
314 308
935 105
250 434
477 520
806 980
88 668
542 557
878 795
3 781
547 309
820 726
713 919
674 904
275 51
307 470
632 286
170 623
566 409
389 709
125 185
150 305
320 208
203 637
208 633
135 232
704 767
126 934
610 479
324 470
320 817
87 714
436 267
49 114
856 438
583 577
743 815
492 815
755 47
711 933
396 356
736 364
599 502
383 606
100 419
46 187
568 171
26 686
417 764
733 502
965 911
903 214
211 105
889 628
143 331
120 205
531 603
296 208
569 425
750 279
410 275
605 441
90 505
242 699
409 521
336 682
851 548
357 474
57 159
515 906
750 195
104 270
307 598
790 812
356 64
252 199
849 431
755 248
806 171
945 375
67 370
570 622
612 725
802 783
154 210
852 793
904 272
350 911
671 22
419 576
122 156
807 736
299 959
703 142
468 226
295 644
575 16
601 179
519 355
965 836
820 712
715 967
787 617
490 968
540 849
261 197
970 131
809 561
519 780
937 725
837 340
162 817
517 706
151 311
60 773
94 697
673 595
472 638
833 333
157 329
659 841
518 914
597 519
129 659
309 741
585 451
256 139
556 591
334 184
707 76
668 835
229 255
169 826
612 909
393 911
998 515
237 333
189 431
881 88
872 356
157 586
952 563
173 151
676 957
785 194
189 673
13 829
810 948
618 110
814 348
843 876
125 141
417 838
923 620
88 756
956 462
144 668
709 650
532 350
866 531
726 729
262 655
865 540
198 34
902 85
438 412
640 622
514 127
816 906
750 418
673 893
103 144
789 386
48 2
110 122
878 777
622 723
612 229
632 655
88 785
284 905
620 316
567 36
342 1
232 811
408 904
397 610
320 547
4 964
1 298
802 506
249 855
624 91
89 579
568 190
256 23
972 41
897 76
16 406
536 747
715 273
264 78
418 979
632 93
573 906
177 498
480 134
354 646
955 366
117 705
707 305
599 78
967 126
955 300
219 316
536 422
56 962
774 340
394 776
342 552
193 340
631 370
129 911
233 301
146 245
582 7
976 817
964 909
588 966
140 44
657 159
894 89
960 800
787 459
716 714
201 931
375 459
483 795
115 932
87 148
674 377
14 310
671 741
719 668
203 259
236 509
433 102
947 717
25 522
662 921
257 720
924 311
775 622
838 980
568 685
426 803
525 145
924 949
881 781
48 459
92 676
257 318
483 1
494 448
573 472
279 360
143 490
404 58
81 213
206 485
960 290
348 387
594 262
632 804
44 993
847 19
447 538
325 367
927 160
407 36
619 874
638 720
688 945
891 430
830 953
141 806
281 828
332 907
721 310
842 372
922 610
997 515
381 963
79 545
766 236
390 320
332 169
44 767
699 556
983 738
845 441
170 672
765 377
371 19
203 563
243 851
291 223
185 387
165 473
407 987
806 916
484 852
198 292
480 311
921 995
691 183
70 845
158 122
467 699
104 84
918 484
690 515
405 200
548 284
200 875
550 133
73 848
15 937
443 611
410 839
560 150
892 883
594 517
72 364
91 730
699 460
228 585
919 203
210 693
436 861
660 962
227 39
79 440
145 518
258 239
2 200
114 549
708 448
631 689
303 974
333 308
732 773
28 19
139 932
593 319
795 766
803 308
390 650
206 749
442 171
659 94
17 88
110 809
410 597
959 570
206 729
82 331
139 126
455 633
573 293
850 396
8 207
4 35
935 732
144 70
136 344
71 98
342 977
525 561
782 523
993 567
234 364
353 38
329 200
468 139
269 574
494 495
795 160
607 646
191 655
260 955
197 662
37 578
129 834
509 893
864 680
678 768
741 271
890 573
181 345
563 113
227 463
947 509
525 986
733 750
708 299
451 29
528 267
253 295
122 948
248 846
513 134
228 182
814 226
670 761
823 43
572 628
991 768
675 272
452 916
469 257
832 238
643 970
346 161
391 928
722 381
429 114
472 260
173 184
421 918
659 145
72 494
823 675
906 594
606 94
386 86
631 937
275 914
462 580
377 664
364 533
8 895
261 659
285 475
48 190
874 882
667 109
270 672
485 974
699 180
650 153
391 609
123 549
267 822
347 746
815 614
531 150
356 905
190 121
512 33
542 760
358 654
221 861
651 667
797 725
154 718
401 673
689 924
121 502
146 130
202 997
643 237
404 779
262 163
778 538
266 240
933 783
720 426
538 418
438 142
759 873
936 689
682 236
498 31
986 474
287 887
4 955
453 420
79 189
551 806
136 488
946 39
215 217
840 439
88 426
288 393
108 232
524 715
93 660
625 698
213 251
690 12
80 342
662 163
237 923
534 153
897 522
560 607
652 368
294 372
497 991
712 812
546 468
597 870
763 424
302 637
274 536
100 281
94 278
69 619
197 541
867 788
859 1000
548 710
450 460
411 841
565 577
662 160
83 197
46 802
378 697
274 273
322 642
868 302
462 33
650 835
935 92
118 751
232 178
543 502
907 59
958 591
42 662
298 892
111 969
140 837
812 437
956 949
404 735
250 291
745 457
701 139
755 630
240 331
727 145
328 438
325 815
79 132
642 472
772 104
300 594
889 785
633 550
396 545
928 361
558 433
85 917
839 243
634 341
760 703
369 508
359 575
347 375
591 570
108 822
789 740
900 535
60 445
231 651
58 878
550 191
545 999
812 965
799 316
10 656
518 859
796 491
572 575
474 763
324 368
80 992
484 681
822 985
597 833
792 157
230 611
239 58
433 653
246 25
13 237
294 32
234 479
330 383
392 176
500 316
136 511
94 919
305 126
570 86
685 941
491 114
713 936
657 136
321 548
609 794
161 606
659 371
717 732
970 375
698 705
144 16
170 117
311 954
525 939
664 176
2 450
232 836
210 541
614 3
110 139
823 399
836 479
811 283
598 880
493 763
170 643
310 329
19 700
330 145
142 265
249 702
542 871
856 874
985 410
398 474
337 642
71 536
12 496
468 888
893 670
145 35
1000 532
174 127
505 987
135 340
974 502
428 960
633 756
409 805
215 864
623 158
867 129
218 77
764 274
568 968
986 843
440 823
621 318
201 584
774 971
7 276
20 948
465 863
497 386
53 883
123 702
67 781
139 601
254 303
697 580
135 101
526 185
441 128
392 320
366 982
762 634
320 607
241 418
961 354
528 735
492 918
525 916
193 825
993 32
837 765
796 391
231 278
248 694
837 749
753 779
501 440
915 858
44 391
644 689
243 305
365 189
380 821
725 635
233 217
566 712
582 159
566 497
722 283
656 796
978 254
968 189
718 358
707 18
330 748
92 440
775 788
160 252
15 864
171 530
756 878
193 753
977 109
430 132
639 964
390 451
938 812
246 184
210 913
505 507
19 260
100 487
77 348
602 346
924 368
408 697
193 582
50 441
943 168
405 127
919 842
723 665
108 965
106 779
928 135
973 292
149 857
41 302
237 760
433 569
867 404
843 208
184 363
841 722
543 63
817 754
992 980
413 48
465 427
532 350
328 74
423 628
10 322
789 205
120 320
759 8
909 628
773 135
825 109
623 691
809 658
804 166
772 250
327 607
327 534
980 130
426 18
424 614
546 87
815 701
661 620
395 159
744 88
516 671
540 618
515 620
133 858
557 778
650 853
78 55
520 524
267 814
439 693
215 455
579 561
367 253
756 796
254 126
950 961
954 511
282 588
5 750
124 589
172 678
555 915
172 94
323 495
368 818
926 141
860 625
23 375
301 853
614 641
991 958
23 14
102 375
154 737
277 592
940 573
18 914
525 382
951 622
81 454
331 430
295 505
839 827
853 457
98 341
169 810
486 94
697 199
400 488
461 100
291 202
983 65
206 591
778 741
298 702
576 153
901 803
763 209
313 205
61 439
301 550
423 1000
227 350
470 260
289 24
425 322
664 156
933 442
728 307
529 673
850 846
210 401
340 1000
224 14
97 391
47 386
318 351
183 281
726 847
389 374
935 273
896 637
571 254
260 334
536 457
666 657
441 143
54 740
586 501
560 934
959 242
860 728
350 768
122 23
968 327
398 900
308 795
185 555
117 49
982 863
255 190
574 517
949 464
701 612
158 890
850 651
436 317
755 851
931 754
239 97
1000 400
274 950
112 932
428 303
620 668
770 661
556 803
28 901
192 249
533 872
745 456
39 109
790 832
812 915
207 131
526 183
974 58
959 676
521 678
770 734
610 231
545 926
439 889
348 409
298 418
152 225
537 78
325 730
999 11
120 630
722 301
159 722
819 851
600 495
777 248
90 482
366 555
209 484
296 463
510 778
713 228
253 958
928 604
926 580
926 999
605 446
58 359
154 449
246 69
18 318
775 562
124 521
256 631
228 142
144 510
707 639
223 422
469 471
181 714
617 442
476 467
757 834
961 370
24 308
31 231
110 873
755 149
256 510
321 619
105 572
246 268
266 672
427 776
174 228
81 889
415 324
215 31
479 850
606 756
192 995
534 25
53 816
30 591
582 358
480 935
560 462
282 355
219 862
990 434
994 133
386 232
310 395
761 851
372 887
145 991
386 319
155 203
542 212
278 546
919 523
373 92
746 157
412 890
310 951
198 661
584 43
202 759
304 710
810 688
834 944
762 283
911 519
959 182
385 356
990 270
586 124
192 520
302 200
212 121
508 53
925 24
945 613
872 878
293 941
600 669
195 141
578 854
13 579
977 369
143 968
971 273
319 657
569 613
556 135
379 665
700 215
458 635
699 35
357 494
475 816
101 738
87 286
264 18
758 675
913 684
519 432
518 693
375 762
105 211
220 826
24 97
46 798
6 558
528 118
895 822
780 695
600 727
324 164
196 134
362 144
696 168
921 181
520 737
473 824
927 496
519 810
916 705
290 496
79 658
679 908
672 886
79 603
681 61
468 493
239 762
63 488
492 179
493 197
176 445
189 138
132 30
107 254
245 793
217 775
959 765
305 919
175 382
540 819
224 243
726 395
615 710
727 190
687 575
379 403
726 330
555 368
814 316
450 62
381 938
770 403
101 882
76 775
637 159
51 895
534 593
370 822
838 459
817 367
281 164
940 844
395 70
28 522
991 10
764 994
827 42
573 882
362 598
866 522
72 240
613 136
722 647
888 156
684 216
941 340
584 552
295 2
38 387
22 705
774 49
815 739
304 987
202 910
180 138
290 402
682 577
609 293
972 126
377 47
423 709
979 38
998 821
308 763
7 329
619 36
739 824
317 320
754 365
554 862
429 23
141 78
930 690
983 230
148 629
692 254
321 306
868 612
130 362
156 177
806 254
363 395
975 383
493 953
195 142
779 810
540 692
601 950
793 12
831 51
923 636
729 153
617 632
271 79
676 71
750 828
267 980
428 758
377 478
376 559
138 728
968 130
18 594
728 867
502 838
858 868
72 276
625 41
183 38
236 109
29 268
578 98
839 346
848 686
161 877
196 776
535 458
574 119
325 335
657 595
112 320
975 842
275 819
650 941
83 204
204 808
819 498
104 877
777 664
542 458
383 989
187 54
707 740
6 8
119 77
309 984
522 818
814 172
941 19
222 509
982 443
894 367
608 400
592 236
721 455
774 690
220 613
292 976
965 383
561 621
719 323
938 586
513 493
343 378
748 995
204 793
751 697
498 746
748 750
107 752
136 749
585 334
142 637
663 527
205 794
326 87
766 706
450 703
143 520
43 357
226 556
869 218
854 88
720 634
333 149
464 759
309 84
334 879
871 294
437 185
915 253
822 332
146 184
508 97
610 547
321 708
54 252
751 566
356 503
272 982
717 572
999 491
456 828
309 76
23 855
653 968
80 664
151 726
5 167
617 431
373 542
9 247
65 997
276 623
391 167
419 462
507 466
561 563
105 643
214 141
284 912
943 235
155 980
323 212
438 758
271 537
261 698
243 662
961 414
60 613
9 279
576 466
415 770
405 608
985 475
770 746
8 201
859 715
724 576
361 935
829 333
16 735
444 846
848 297
304 320
493 182
618 55
439 59
842 337
379 200
486 115
383 452
482 779
322 359
123 684
2 814
875 421
883 450
761 114
103 457
365 961
929 308
120 511
25 280
842 225
139 965
842 699
839 298
26 796
122 966
417 864
316 89
143 117
257 537
532 662
288 621
353 283
991 798
885 991
924 953
881 577
797 894
989 916
738 924
1 974
190 547
124 500
201 208
665 373
952 996
541 707
740 821
635 37
631 868
80 384
346 470
638 649
378 900
397 188
38 842
534 857
27 35
238 553
320 763
873 525
994 340
325 928
737 306
418 64
577 311
281 817
971 208
2 530
825 77
196 485
301 549
17 947
314 448
15 742
729 955
592 694
710 720
347 997
161 739
1 163
734 198
120 18
557 373
748 906
410 683
681 383
854 548
834 110
284 569
77 412
429 279
365 143
885 392
575 82
155 536
805 125
181 873
710 339
850 911
876 531
70 877
148 648
241 871
226 737
624 598
490 849
587 591
8 568
861 476
953 488
288 833
600 289
750 960
506 149
761 54
330 388
380 283
950 418
823 694
223 300
855 335
429 479
651 852
585 225
208 940
402 726
910 223
657 940
930 804
116 471
898 864
102 894
956 590
725 300
567 154
379 800
799 109
591 605
133 756
441 867
109 185
761 516
327 416
840 984
415 763
733 617
765 887
273 888
326 941
659 678
49 250
766 540
810 583
878 51
362 913
7 229
845 18
22 298
386 214
813 500
303 455
555 516
507 418
282 586
650 552
864 432
405 966
318 232
383 69
628 74
225 594
755 719
126 735
593 769
688 913
177 504
409 616
880 734
43 922
49 572
721 759
730 251
459 334
821 300
262 151
896 529
658 840
701 25
682 505
475 48
976 935
795 820
854 228
491 873
213 685
943 550
82 995
827 182
916 139
18 392
952 566
426 856
53 729
398 92
296 382
891 711
433 858
755 745
773 597
93 116
234 877
459 689
645 451
410 425
79 196
877 269
332 585
259 759
987 343
365 646
129 120
105 422
502 361
961 494
285 794
717 352
744 785
189 860
627 847
135 37
853 969
279 202
466 912
66 519
595 626
642 553
643 831
877 70
964 948
982 531
657 363
267 635
801 65
197 967
715 327
795 537
420 506
911 327
882 756
719 398
541 56
885 461
984 577
696 86
981 220
161 904
478 81
431 119
933 14
547 419
869 772
637 517
942 624
197 429
973 555
50 614
201 163
351 536
591 480
841 742
800 927
442 982
942 667
673 940
546 135
152 262
729 349
613 65
498 282
57 219
977 95
908 607
440 66
647 548
713 531
312 158
525 839
282 940
632 873
338 152
906 348
339 66
463 682
603 397
864 304
484 417
721 903
28 599
457 221
685 736
724 98
733 799
100 556
47 2
348 179
33 61
348 285
428 382
928 331
415 690
113 114
725 815
602 604
650 88
636 428
745 885
954 629
441 944
654 324
3 504
42 41
38 962
880 147
772 347
867 249
746 623
275 513
372 702
941 756
358 433
705 712
196 673
210 637
123 609
634 985
893 607
619 12
826 47
239 748
593 456
624 387
483 468
240 476
441 132
939 593
545 394
33 192
133 774
157 577
347 618
800 522
214 670
310 243
363 132
463 35
445 773
784 161
594 698
984 947
676 251
347 938
953 444
978 908
828 531
849 841
881 596
520 23
213 445
507 47
459 826
266 957
936 946
658 907
240 992
465 486
118 715
694 680
553 286
111 541
201 272
808 606
334 806
675 489
593 780
707 686
409 584
575 555
72 599
638 402
412 350
645 742
638 354
338 890
622 424
605 569
733 878
57 871
265 528
760 214
101 748
804 650
822 822
679 678
7 477
52 517
702 100
315 562
405 602
689 223
721 802
141 274
95 724
653 284
250 330
199 904
654 68
536 890
881 572
81 125
220 11
780 508
574 642
387 858
369 178
498 386
603 245
208 943
111 314
346 453
545 845
392 287
590 108
286 686
522 987
421 881
471 857
831 319
533 289
742 198
20 938
309 368
963 128
245 185
141 648
554 402
95 904
236 489
548 84
351 991
993 442
971 368
657 560
260 351
881 496
67 55
597 371
571 611
50 91
317 407
178 735
228 44
867 667
658 568
256 725
170 764
110 161
875 588
240 670
123 650
668 855
322 580
268 60
875 610
750 662
534 313
173 910
905 778
901 294
802 219
594 622
710 765
506 993
862 804
326 381
477 107
334 487
627 45
330 501
973 917
137 481
434 79
502 741
255 508
174 354
221 314
435 327
70 330
188 216
995 224
331 436
921 943
821 295
39 266
662 998
689 276
618 613
456 17
165 476
824 275
732 310
137 438
506 129
47 939
620 696
10 209
741 28
303 736
547 903
700 796
872 143
16 688
634 809
761 344
355 748
835 909
185 986
632 525
487 682
803 113
371 768
556 870
614 436
815 60
751 535
116 674
296 985
232 312
359 558
643 699
406 596
873 508
196 846
497 730
978 652
785 43
671 81
983 183
893 468
473 845
665 839
311 180
702 339
44 244
139 18
984 266
953 716
304 248
614 435
61 354
788 326
297 834
338 106
909 852
850 780
406 387
370 480
283 546
947 789
609 316
29 399
671 693
417 108
82 23
421 168
586 470
220 225
603 892
899 107
670 550
757 28
165 468
400 641
378 653
694 392
584 873
525 860
65 341
96 901
966 875
331 813
266 655
778 107
472 931
851 308
24 740
663 485
734 874
941 674
971 796
168 963
970 850
836 145
268 105
12 845
365 619
271 594
20 596
471 414
879 958
129 949
677 198
143 110
930 604
593 612
286 111
399 302
110 927
297 111
946 585
56 703
741 111
314 472
9 285
497 353
928 85
141 983
924 644
333 575
336 843
890 798
924 23
701 9
781 696
612 309
546 38
857 768
696 800
826 757
439 523
202 629
732 641
31 537
317 551
466 497
544 173
762 840
132 194
129 597
469 694
733 891
756 150
353 897
917 372
185 172
432 133
537 256
9 825
727 227
560 277
405 818
114 628
688 210
110 946
355 544
768 632
773 937
105 411
6 491
997 461
302 978
291 955
87 964
177 405
366 861
438 680
262 708
654 471
748 516
466 342
284 436
533 158
731 576
360 197
74 429
982 802
42 25
601 637
394 40
891 85
675 760
646 864
301 415
557 71
527 343
552 519
803 417
140 873
151 606
657 866
125 400
170 524
107 831
753 899
556 485
960 841
862 19
56 27
154 97
246 346
760 858
329 139
832 829
454 183
849 638
444 956
469 546
872 466
755 919
514 526
397 633
479 874
551 326
853 827
878 748
9 178
271 789
332 356
211 818
74 890
330 597
602 722
268 269
745 772
689 926
279 621
19 606
31 511
207 530
28 807
696 759
831 198
700 129
922 729
197 679
728 569
448 956
410 492
625 256
755 210
758 238
501 216
768 228
523 561
821 813
484 864
152 986
183 695
95 908
681 27
68 476
640 173
229 740
612 162
349 476
624 468
280 269
886 112
139 625
440 670
433 529
168 372
23 789
777 803
473 184
227 184
690 498
171 332
393 36
256 613
614 167
119 43
137 262
657 924
364 575
600 544
4 197
269 237
84 745
933 980
833 77
151 314
79 280
447 360
802 245
783 100
390 363
337 838
944 358
342 964
59 348
858 774
573 626
749 178
791 797
675 945
335 241
77 320
65 702
951 705
986 333
424 663
916 615
764 405
750 631
157 40
537 947
326 976
963 526
519 595
312 841
828 98
820 422
54 331
458 452
584 253
528 502
547 527
209 299
594 745
858 31
143 480
333 41
636 591
265 187
691 345
607 990
967 320
943 171
280 761
721 978
899 246
461 775
112 18
171 88
938 528
171 313
27 805
55 288
605 42
620 681
938 323
565 802
916 834
352 880
734 316
710 193
689 987
519 280
360 114
228 461
997 988
964 626
377 670
47 559
232 697
334 134
514 993
841 239
292 664
935 726
709 107
530 768
945 972
392 306
569 310
259 202
57 125
82 788
417 723
590 934
117 204
566 292
861 619
955 789
158 738
612 683
854 95
468 47
276 985
799 244
206 695
625 7
944 337
631 413
244 981
859 797
613 971
828 162
226 594
460 194
242 193
8 585
874 814
420 815
64 987
940 566
428 740
12 917
289 170
257 15
81 235
510 917
998 975
408 720
418 253
418 704
928 28
938 376
232 746
826 47
87 25
432 944
797 477
14 235
405 519
627 74
784 357
32 885
402 263
467 726
540 172
319 774
320 195
931 550
544 658
855 567
952 203
930 35
807 338
374 649
898 312
554 796
297 491
983 221
568 36
724 429
352 767
523 948
475 942
881 781
491 391
433 7
955 33
186 173
268 515
853 367
642 670
184 159
397 101
637 437
657 980
99 868
22 495
956 946
752 182
846 660
768 503
34 608
953 636
456 360
428 713
137 198
468 743
44 354
955 900
153 966
796 833
297 899
118 18
668 801
359 602
481 83
879 252
258 880
721 267
653 756
557 347
204 917
113 181
550 726
707 351
820 839
984 218
812 98
737 282
770 864
865 74
850 163
88 989
527 897
915 966
368 487
697 65
213 780
47 567
750 705
750 743
180 48
496 399
806 106
766 391
478 199
613 598
426 938
292 947
635 835
599 709
33 379
639 315
