10000 3333
8522 602
7952 8960
6946 4608
3608 3147
8692 6902
7737 9300
9252 4990
8739 6240
2962 1125
5399 406
6894 3323
6782 1933
3222 5609
9928 2694
6757 4073
8201 1099
9772 3657
6694 835
2491 5755
2913 5609
9495 285
1926 2631
3014 8998
6595 2351
6512 1743
1258 6323
7491 1707
1705 3212
8519 3251
1727 3351
7018 1425
6514 3811
7511 1159
6626 1048
5926 3690
7072 9282
7741 3106
6907 8658
3507 6518
5270 2268
8470 9669
7799 3190
2214 1712
3753 2718
6087 877
3290 5201
6691 8518
5614 1509
7590 9784
186 1248
6224 2021
8714 7758
9495 2674
4027 5199
546 8521
7761 4806
5775 6440
9171 8091
2573 7185
1866 170
5571 7144
934 9394
4424 2696
8729 1303
4776 8078
6585 5873
5861 1772
8114 8651
7796 5928
9810 9444
4300 5098
9340 8209
4891 3921
4006 6825
8416 8559
9162 2104
5170 4153
4264 6861
8503 7304
9443 9211
5070 6682
2032 7596
3654 7889
8170 2841
9012 2803
4144 7539
3537 9848
4293 4382
3546 576
1840 2896
7791 1610
8810 2343
4244 4622
9714 6720
8162 3732
9804 6704
8151 8955
3485 5503
7026 3027
2593 2776
8504 5267
6470 3547
9874 9908
3246 4316
3916 659
1249 7313
6872 8691
1000 7847
9641 1113
5603 4621
2617 238
3845 2727
6563 4049
1666 284
3577 5842
2088 6025
2303 7704
787 8445
1342 4652
2935 4507
8450 8572
3994 4362
2413 3561
3798 2840
2578 2425
8140 9731
6858 6662
9180 175
5106 5356
9999 7187
7515 9135
3213 3115
6889 259
2263 2007
9829 7378
8254 9403
9211 7754
4953 6349
7516 9148
5668 1179
6141 4286
6155 3314
7511 7754
7491 3672
2229 3645
4594 3666
9513 9929
9474 9534
407 8083
1218 9291
7159 2853
5365 3308
7799 4013
7168 9850
2536 8941
1776 5535
7405 5673
4642 9179
8159 8508
9674 3538
459 5587
2845 5131
241 9184
2678 2419
327 5688
3301 7208
8261 3398
6635 1007
727 5174
1151 9183
366 1706
4444 1204
6463 1865
9825 1500
6482 2699
735 1069
7444 7230
9023 1053
4085 1140
1546 9385
8667 5587
1678 8207
6766 2035
8688 5539
4682 1236
8788 9198
4032 7813
2903 9130
4820 6654
4486 5607
5040 7047
5428 5546
640 286
5784 8313
5845 7270
1100 944
5666 3794
4815 9502
5570 6750
5236 6601
9376 295
689 6246
1117 4429
2705 5714
6285 9640
7203 6156
6218 6464
6696 7960
5184 4868
8200 6189
1886 1848
5597 7719
8888 7351
2081 8982
6952 9055
9401 4447
7589 9287
997 4595
4347 9035
9177 8792
1510 1481
879 2199
2219 5783
3235 4223
5456 6395
8053 7824
1855 7361
7691 6881
4279 8794
8572 7404
5467 9783
7109 4028
1409 5665
1912 6021
6403 1013
9865 2397
2082 1312
8383 4171
3982 3527
5705 5375
8495 5266
7718 970
2271 1004
1467 2481
7902 9237
9250 9726
6269 1936
1989 3711
4163 7269
567 4149
3387 9104
8699 71
8164 1856
6955 3788
304 2457
578 6756
1365 115
9282 5792
2111 776
9344 9670
2636 6282
9875 3710
8990 3754
2936 599
8013 8274
1153 2227
467 2717
1313 3430
6990 3305
770 8091
9937 2012
2831 1631
9043 8364
5050 9860
2542 9525
9607 8144
4545 2119
7343 9451
7407 8422
254 9316
9902 7176
3670 6733
2713 523
8810 7419
4431 8252
2691 631
4561 2688
4831 3759
4823 3295
605 8293
8268 6916
2338 4607
526 5247
2583 7733
9103 3619
9368 1783
5062 4600
7622 7109
1247 858
4006 7556
1863 1688
3457 2560
6337 1190
6738 6980
9971 8107
5579 7315
8857 1220
5680 6275
1649 2271
7114 1325
942 9569
8933 2911
6726 2849
5522 3290
9604 4362
7078 243
4054 6365
9897 9382
1807 9740
4408 3631
8983 384
5732 6975
3254 1349
8321 2317
9661 3193
9944 3666
7341 4320
9109 2620
6445 6195
9769 3612
9640 412
7833 6296
5005 5307
3901 777
1966 4116
2146 8254
6081 6239
969 8696
2914 1287
4229 556
271 5180
1601 9940
3482 113
4872 9566
6971 8478
8123 3211
828 1294
735 9553
6587 5890
8412 8890
1755 4925
7583 5699
8403 7527
3944 4542
2621 1098
4093 1248
8088 8584
9494 7203
9607 2242
7583 3093
512 9138
6585 2952
7038 7091
216 4544
6608 7139
9302 7016
5607 5720
4079 2573
4284 6056
1267 1729
7335 9679
2568 1978
8233 1469
6341 2416
2819 8726
1336 7970
4621 736
2241 3570
4672 3720
9845 4212
2524 6045
1708 659
2019 6084
1346 4749
9100 3602
1914 3586
6449 1637
8166 7448
1313 3660
6257 8698
7919 9786
3941 2356
385 9271
7157 2089
3586 4751
6869 5214
928 3313
6828 9244
7262 6304
6985 7121
4563 9398
1114 5388
6920 236
9856 3636
279 2513
7929 1775
4278 8027
3948 247
1956 3485
6498 9398
9976 6524
6443 1229
2248 8210
9081 9455
6755 3483
8002 7523
5016 1771
450 3349
247 9141
5912 7125
9875 5222
4537 2440
7998 3537
335 8367
6722 2112
5390 7376
3053 9059
848 6724
3442 8958
4288 5946
5384 281
8304 227
5220 7284
837 895
6229 6759
1437 190
5120 3082
7800 2499
8916 8094
6177 6570
5511 1065
5910 2482
2114 8357
1275 2223
4416 4607
1877 9016
5107 1864
9072 8138
7727 5304
5306 8003
4621 7830
8693 5080
7322 3681
3449 5775
213 4154
7247 3174
9940 4167
2983 4202
6672 210
8259 8705
2388 9064
9530 2577
1506 7163
4326 8646
830 9408
294 5376
305 6802
2045 1618
3431 7117
4449 9412
5692 5282
2836 9467
4767 1260
4153 7725
5418 1556
1467 8567
4117 1299
1948 5595
8363 4547
7792 1647
3705 7062
8559 5819
1172 7662
712 6287
3520 4259
5817 6890
441 6897
5368 7412
4670 999
6973 901
1953 1832
4245 3323
7352 3646
1217 7176
2303 9250
8293 5250
1588 6421
1033 3890
1578 6187
4539 4261
6679 379
4107 6766
6021 8304
558 5858
7300 4395
2876 5242
615 1326
2322 6997
2979 2418
1809 1651
3139 9074
9133 6875
4614 206
6030 1350
415 3145
7586 8193
6020 2076
4281 9135
256 2737
7704 9701
4306 2888
2551 7789
9276 5589
7571 5539
3396 6336
957 8891
6086 4307
2616 3289
4896 5024
3631 8135
676 3545
6797 6819
6105 86
5587 9710
2027 994
1205 6510
1527 3006
1165 6092
7312 2109
9031 2327
9581 9414
4435 3296
648 9270
1127 9100
3888 3371
8746 4693
6936 9514
5770 4041
7494 4553
6743 8073
2565 3862
5861 7420
3011 7582
5918 8921
1683 6535
7486 3920
1837 4103
8645 8706
1929 5050
8665 3908
3992 4223
3601 3137
8667 5244
843 965
7529 9990
4599 7906
1518 4362
3881 3663
6886 6935
9803 1780
1238 9665
6488 1775
3988 1680
4483 5042
1930 8575
5358 2274
9095 5069
4227 1882
9453 2127
804 7740
6130 3400
3430 4832
2800 9559
7137 7993
7874 7675
5432 4989
4022 6866
4178 5986
8427 174
4554 405
2054 4037
2333 3796
9377 1584
2095 4596
2646 2236
7718 1931
664 3756
6877 6950
6762 8693
755 4053
5397 560
8010 1002
759 9275
904 526
5919 4729
217 5356
4610 9357
2763 5396
8025 2163
9664 1673
7073 5192
5824 8788
9801 877
4916 4015
9239 1431
1500 7210
4740 7778
5258 1769
443 6825
1573 6179
8878 8496
1207 7397
9505 6123
7663 3902
9565 6772
6352 4624
5230 7976
4112 741
662 8794
9690 6440
9496 7951
4940 632
1677 1953
3818 3128
8754 1069
8201 6338
6296 3956
533 8431
4963 3981
91 3344
300 9410
5616 2249
6719 8446
8088 2160
9230 8598
7951 3427
3900 4845
5236 2255
7362 941
2233 9913
637 7621
4965 1177
4958 9094
1682 170
1081 4789
2447 2748
6678 621
4206 6418
8196 1322
1431 8949
2865 8734
6276 158
6371 7151
1091 9712
1730 1127
3287 6828
4251 4931
8823 26
6559 453
6862 5143
4401 9411
4921 7697
6716 4869
3212 685
5083 7578
3821 9330
6559 4
2328 3308
4637 8951
7321 3945
1469 5422
7397 3183
3100 6950
5377 9620
7563 7378
8729 3221
8381 3781
7515 3344
3837 8475
2841 7497
6582 1632
1451 1897
1593 3239
955 8042
5195 4916
8567 4332
6740 5954
2306 1780
9344 3471
5923 9096
7202 5131
2724 404
7213 5085
420 6071
8505 8558
5686 2439
5268 3339
880 9705
5502 2727
1997 1834
5979 8951
795 1849
5301 4164
7614 4954
8456 7612
9323 1988
6036 7714
4158 2036
559 9658
2212 2376
8080 5886
9681 7989
8261 7947
9598 8820
1326 4634
1279 8238
3479 462
514 2067
4953 4481
6659 6335
8571 4106
6466 5382
9271 1797
5685 2604
972 5986
1075 5115
7388 5925
8234 3185
4591 2644
7641 4559
2095 3053
8647 3979
8714 5229
8362 2015
9348 233
1569 295
7474 5737
811 7255
2767 2280
766 5491
3883 1558
9921 7574
1047 358
6833 6572
8954 9216
6256 9815
6255 5424
7265 5229
4677 9157
3230 7896
3229 8131
3506 5253
4448 8113
6224 6070
583 9852
602 368
6673 2802
2058 1021
6784 9512
3164 7420
5452 5253
4786 7580
2622 5669
5727 6740
8886 1654
8509 1310
9766 7790
2823 7112
1829 9859
3631 6530
590 8145
7433 5906
8958 2872
4910 8307
7177 4780
9979 1537
5957 8547
8047 606
5757 1946
6432 5697
223 9505
9063 1890
6127 2570
3983 6383
3522 5966
1386 7147
6516 2312
6988 5529
8466 3496
2062 5717
6193 2033
364 2875
6725 3195
1784 7774
6410 2738
3829 1795
4703 8485
1228 6387
5126 1752
3898 4365
3030 1746
3712 7185
329 9616
2610 6054
4174 5168
2489 4005
1960 9799
593 2219
9181 1019
251 9307
6807 6778
2252 7690
7559 8338
8716 3505
6397 3750
3785 3471
4817 5919
5521 180
8254 1977
8123 6983
5313 5138
5439 5713
30 78
8649 4048
5116 5797
7258 9013
2660 8132
6135 3190
9749 7288
5256 9021
9843 9574
8650 1623
8212 6246
6462 4741
4594 9219
2168 8670
8491 9276
1088 8155
660 3511
4308 1226
1186 6393
4212 925
2287 6878
2645 3080
8235 9527
5567 405
8664 5991
8799 7347
9117 2438
6614 7731
8597 5998
327 1802
9885 4609
3325 5699
4169 256
9619 9770
3231 3461
9770 4305
7626 6395
598 5839
6456 8976
7521 1595
4477 6330
4135 854
2222 4943
4793 3775
5927 379
8586 9420
534 3806
4405 9143
1677 3163
7828 8479
4484 8331
6042 2803
580 7640
3851 5579
9549 7090
8191 8111
6081 4669
9507 5437
343 6721
791 6903
1017 7881
640 2691
3318 885
2376 5641
6880 6744
7321 4185
9023 8314
3718 450
3821 7575
7715 9084
5576 781
2151 6735
9124 6850
6641 8202
8998 9661
9312 9853
4522 5096
1306 559
9549 6869
2982 1928
355 5381
610 9528
6946 5202
2797 6575
8566 278
1726 8355
9835 2306
7195 4365
1942 4985
6195 7755
7853 3170
4565 2112
2250 9497
6471 7488
4124 2302
4848 7701
5605 5332
2797 1948
301 8515
6976 8616
701 1928
6828 3246
4438 8976
2843 4920
5720 5168
6904 7155
2923 816
1685 8496
5113 1899
2758 7222
3793 2288
5908 1470
6950 9796
9692 1526
3470 6510
4445 8463
404 4266
9662 1919
4279 1543
7461 272
9433 1657
6753 3839
4976 855
8161 4430
5816 926
2170 5858
9294 716
9349 1029
1975 6901
110 293
6471 7298
2470 1683
7515 3837
386 1270
9936 1383
8075 8182
6169 3011
6668 9665
9516 1864
343 2265
2133 9602
4512 5427
7315 2801
6704 5337
4902 6472
5571 2329
1895 2911
4891 1093
5408 402
683 6065
9391 4625
8764 5192
2456 6350
2955 4152
2672 9697
5321 7457
9059 4887
5610 5801
4318 431
919 9227
3301 8892
2636 7859
5311 7254
4058 6596
2245 9608
9862 2834
439 1299
4040 9208
5190 6938
4717 6068
7067 2645
1142 3078
7023 542
9671 6725
1569 5062
3544 4425
4355 3841
5399 8674
1837 9958
6517 160
4649 1072
9028 2872
3973 2095
848 854
1588 5752
4467 7557
3453 3169
8110 3864
1403 6054
5543 5605
3051 711
309 1477
4081 8535
582 8662
8531 6143
8379 4665
8220 4488
5382 2516
7675 3269
4706 976
9665 3591
2091 1068
5159 8422
5266 5400
405 6079
5098 7435
1660 8385
4062 446
414 9103
9417 3215
1024 7121
5404 4335
9103 2786
5083 2996
600 67
3792 856
846 9527
9191 4888
6007 9205
8368 1093
7072 5354
9537 4694
5029 372
1617 9909
5065 9848
3630 6590
5972 5228
328 1363
6592 6557
1396 5770
3660 6043
1913 5725
921 2376
2838 5273
8879 813
8219 3696
1961 2134
2315 1927
1220 1488
9616 3944
725 1298
215 145
736 8481
5184 5460
3569 1978
2767 5285
5655 9788
910 1119
5140 2459
8217 4511
4255 6943
736 6551
1714 883
5928 8685
8987 4518
6970 4201
6367 3341
1555 5594
1699 6847
5715 5138
9298 5079
7662 7893
8266 3238
6526 1614
46 9631
3550 7003
7205 9785
3168 588
441 3745
9753 9975
1066 5989
2144 9207
1289 890
2546 3865
5933 230
2945 9245
4657 7542
9200 2107
8244 4394
1145 6827
2167 644
8199 6460
8035 6973
8972 2254
1345 1008
9196 9960
1135 5325
3632 7475
6818 3847
7285 7308
366 455
5786 2742
8800 1174
4901 3542
6933 2487
5679 4677
7744 635
3459 8274
1384 9178
7891 7597
7607 2225
6323 5309
9884 7726
8812 2011
10 1766
4491 8917
9207 3520
511 5612
7150 4872
5870 4134
3325 893
8320 5980
5272 2018
9267 3533
8532 5233
4805 1082
1404 1091
7181 5704
8656 265
7587 7809
7745 5495
8196 675
1415 9091
6383 9807
1499 2922
2554 9739
1501 2204
7309 9393
1519 523
5445 526
4423 7904
9203 5156
7553 5942
9499 4312
8299 4445
9142 9940
8312 6088
1728 5014
3070 6319
618 79
3080 974
4793 3878
3476 9076
5157 8099
3589 5237
7003 8388
8690 9209
5996 747
5829 9691
236 9421
9070 7626
4579 852
702 7755
9295 1327
8956 7877
4624 2381
5971 3987
7387 3094
5762 3958
7144 7122
6091 5905
4100 3039
7860 4379
8160 6479
8489 7856
3072 8503
2408 2945
6028 6898
7907 9263
9634 604
1746 2452
8610 3672
2942 4170
2913 363
3495 7441
9959 9534
5839 9134
6993 1279
9165 8854
8303 6544
6667 9351
1431 8695
6713 2976
9776 6637
4903 852
9800 6623
8671 7100
5615 7936
6632 6977
3034 9301
9380 8710
2416 7495
1923 8876
9184 837
670 1099
3658 7839
4493 9984
7793 9580
673 3641
7584 4357
4875 4651
3905 4008
1571 4813
3735 1350
5586 6794
9894 2789
5560 195
2661 8654
3319 5659
5283 8480
1461 6025
4479 2747
8254 6169
6239 7254
7760 2251
8266 570
7246 8419
1438 5845
7150 1927
5499 5656
2539 1940
3445 5753
2243 6074
4918 1442
9289 3499
3401 7280
5924 8272
6016 405
3119 9972
3200 6630
2727 823
5312 7773
6960 7212
9838 8040
5745 9275
169 7592
8355 2720
3591 67
3829 618
2849 6691
5179 4461
8083 3429
4139 7312
2477 8603
3470 1808
5988 6650
7669 1467
1617 6973
3666 5190
8017 1584
2314 8456
467 5973
8618 6476
1085 5651
6639 6899
2712 7986
4364 3344
1551 9392
7688 3114
6532 4591
1597 5421
5259 3604
1547 9113
5149 3914
1842 882
4151 2781
8123 6558
3592 912
4400 3162
8934 711
128 3190
826 4829
2492 2452
3999 8912
5005 7245
9287 5136
4555 6316
3206 884
1191 6016
7413 8756
5634 911
1696 4384
9908 7758
3033 855
1350 985
9715 6817
8600 4305
1687 4566
5180 9577
7346 4261
9001 6585
389 4974
8889 603
9172 5048
4811 5345
9704 4156
7537 8589
4941 5607
531 1110
4500 5100
3771 5706
8530 8288
6935 2647
1712 8301
2187 6224
4105 511
3964 9230
7662 2618
9189 1468
4821 8898
1030 106
966 1761
5456 7452
1725 7252
3242 168
5915 8335
3647 5131
1893 6901
1310 5973
1459 6816
5577 7288
8098 5967
6086 141
5251 2371
7457 6863
7258 5729
6536 6781
7919 7779
8366 8556
4864 9623
616 1652
6125 4974
867 7262
731 6350
5244 1228
1218 6017
9766 7169
9743 148
2744 3221
5507 9273
1468 3874
1553 5973
162 3642
660 8338
9914 30
6151 3262
110 4600
4139 5387
6902 5666
7316 7181
1745 7629
4364 3055
5587 7500
1151 366
7681 7030
814 364
2727 2311
9740 1918
7506 815
5844 6735
1047 2945
2849 1131
3338 4518
3987 5045
7272 7960
7809 1025
9965 1383
2210 7786
2142 6983
963 4109
5745 8544
1508 8892
9072 5213
1387 4301
9674 5566
2895 489
3810 1494
4862 8317
7774 2445
8087 4588
169 8558
2753 8986
2145 4922
5811 4355
4858 4036
8953 1218
4377 2308
8726 2522
9465 5060
220 7905
8106 1590
9141 9472
2685 7019
1454 7940
2873 5261
823 1072
9497 7750
372 1481
7916 5063
1951 6792
2404 3874
9859 6204
3543 1713
6290 6677
7601 2349
7345 218
2704 6823
823 6948
903 2450
2241 4433
8827 4022
4801 1474
9529 6687
5098 6701
7358 3261
710 9707
5757 2290
7248 8475
8365 7527
938 398
2857 2518
6569 4025
5374 225
1540 9110
5232 6682
6968 3443
1157 9177
6135 3745
3288 5034
4324 646
9192 5052
8120 8828
5206 5779
1729 3215
8587 6134
9934 4579
6399 2721
3108 6252
6067 4117
6172 7013
2600 5555
5890 4506
1302 5605
9000 5789
1862 1029
5777 9172
504 8068
6118 809
1358 405
3540 8729
1951 3279
1116 6438
5429 6510
7490 9141
7599 9682
3167 9009
9024 1982
3263 326
1934 2762
4916 6710
1364 5154
2449 1608
9872 8454
5935 5588
6134 3048
1771 3992
7243 1008
1510 2678
4378 7835
1348 2947
7171 4760
5966 1530
9559 2266
3744 9127
333 1545
9387 8973
9873 7808
2596 5025
1775 6784
1747 5068
5324 2380
405 6476
3806 1083
8923 771
4479 2570
7881 9063
2590 8503
7384 5921
2797 4119
532 2238
4564 4096
9358 5937
7597 5232
6907 2655
5158 3716
515 3089
7506 5586
7331 7477
1016 3744
8347 7342
6386 3914
2577 240
2528 1376
7997 917
5779 9285
2523 8394
3154 1553
6828 3266
4536 2784
4388 9858
4275 466
1629 9315
567 473
451 2148
1785 781
5767 2470
2501 7771
1597 8894
7673 6626
4909 6550
711 4325
1029 3019
8759 7292
1221 2608
2594 9026
2833 4219
6520 3832
9123 9283
8667 9441
3927 1672
4130 6276
9502 8571
503 5390
3755 7665
8057 3901
7929 4404
4539 3829
3490 8418
1683 2447
2137 7148
6716 1653
2210 6984
8196 392
1525 5920
7903 8954
6926 1329
6082 8772
9344 2717
1929 4609
1149 2265
1601 9265
2159 6208
4942 4264
3763 5534
5671 1116
5161 1541
437 7578
5861 8107
9032 7681
4241 58
6546 4645
1545 6112
4089 8574
957 2077
5913 9206
2962 1415
1376 7279
5746 6968
4929 6299
5639 6655
7810 8514
6164 2011
3421 2175
1820 5172
7474 2771
9385 4194
6340 7345
6774 7651
8136 5136
4261 8617
7305 9245
203 2602
6070 2166
8479 4575
9746 607
5102 9685
4948 9633
6650 8255
7765 262
9478 5937
9476 1359
3756 9143
7269 3950
263 3404
5469 3740
7209 2835
2088 2244
7302 7490
1684 2918
6087 2210
5331 2021
9433 9264
157 2857
2571 191
3595 5790
2980 6660
7901 5604
1946 4489
9446 797
6939 810
5114 8497
3592 8939
839 2269
821 4240
4889 6847
411 4771
4452 2972
4951 4097
414 9099
1640 6861
6225 8168
6884 3628
9614 8690
2403 1128
7013 6748
7891 5614
735 5712
8355 543
2996 1687
1928 5138
9509 8130
4554 2144
9555 3925
9704 7879
5989 6294
9120 4184
3303 6498
9912 6266
2405 4889
2616 9732
8468 9645
2141 5670
9658 5863
1272 369
7825 6674
5309 9786
8072 2494
4357 4092
4130 5534
7084 1955
6292 7114
2339 7281
8411 270
9439 4156
8212 7161
6856 7582
4019 655
6139 1492
3373 7320
5049 6144
5229 815
9014 8775
8883 9219
490 884
6688 1577
2099 3059
8795 2456
7778 7111
8543 7195
8425 8452
2826 2435
5363 1413
576 4563
3196 8791
1639 18
7573 5788
2600 8092
738 7450
9812 1986
8795 6489
8813 5509
8430 7817
6552 2735
8219 1625
7490 9098
7015 7201
1064 7766
9578 4425
9565 7448
6785 2048
9112 1109
2908 1478
5971 4123
6369 7778
3693 4025
695 9692
41 8866
4780 2164
6669 7919
848 6810
9476 745
1128 7107
3709 1106
6268 315
4297 1229
3320 909
7776 5474
2015 429
8957 2076
4179 6095
8910 5274
3039 4636
133 7201
4957 9556
1129 1192
8400 6551
3830 6650
8748 5403
5320 8888
1881 7081
6628 3845
387 4240
800 5640
9341 5537
1814 285
2777 3553
6629 4068
2641 266
4048 7761
2818 3178
2477 7978
6620 9138
6646 9948
8307 1000
4076 1975
4561 6005
8847 2093
9697 4552
4759 3703
2518 1490
5982 5024
5346 1768
6068 40
2831 1332
362 1154
1338 1508
9863 2646
2402 7626
2166 9120
5566 1434
1670 1839
6836 5263
7721 8247
3939 2262
2885 2655
7418 5601
4566 9940
1998 245
3786 4932
3720 7628
627 7748
5045 9908
2361 5019
5908 1791
5174 7108
1131 33
7832 368
259 1637
3330 8498
4903 2472
3307 7041
4793 2380
4397 6585
718 7479
4183 5034
445 8865
6236 5352
4563 3706
2914 1897
4561 2081
6084 5370
8493 4270
7185 7451
6397 5993
330 1118
3791 2288
4391 1772
1764 245
5331 9616
6368 1966
3724 1513
796 580
6500 7708
5204 9444
1442 8625
7962 6513
7618 6049
5777 8272
2721 7070
7090 7482
8370 395
4554 8749
75 7312
3242 2908
7400 2087
790 4058
8231 3858
1639 3939
5579 2915
3465 5044
4554 6481
2205 6158
5199 3402
3736 6519
2360 6315
9971 1496
6504 2810
6681 9168
8935 4925
2412 8047
1805 5344
2271 5804
4106 6099
9325 6192
6034 6570
1633 7353
6537 4203
6220 2792
2363 3715
1891 5875
1127 5730
6222 7748
3022 7274
506 759
2137 6084
3048 5664
1489 6411
4892 5331
7429 734
3454 7562
9879 6914
7996 8179
4815 9070
6151 6623
8663 7502
7105 5701
461 1
3717 1932
1668 8667
6287 8212
2851 6068
6656 9790
2356 6838
6316 8895
502 2290
75 5682
1388 4364
1659 1235
4940 4315
3516 7508
3905 2714
9827 3067
1578 8250
5128 9138
7896 5294
3623 2038
356 7069
5011 9465
2278 5331
1119 3041
9567 3616
99 7414
4576 9703
7549 7015
833 4609
4141 7334
331 5384
8391 5095
7118 6012
9109 4374
9484 7249
5747 4846
9244 767
8849 1074
3192 433
7029 5367
4767 7383
3382 7688
916 2612
5202 497
7421 3120
3385 373
7044 2374
1407 5993
3498 1655
766 9814
5151 3494
5489 2874
3467 7739
7499 6680
9369 2400
8990 2835
1046 3206
7348 5847
7318 2881
9946 7153
8640 7608
6496 7090
7949 8294
4570 815
2909 1964
4930 9060
2545 7612
579 7884
1810 2511
752 8043
665 4481
747 4085
6421 736
3966 6708
520 5248
8902 8293
7834 4857
7298 8315
9477 7239
5000 3787
1671 3210
8993 1471
2451 3748
4968 899
3088 4013
9376 4363
168 9986
5867 523
5787 2386
9795 1837
5402 3360
9924 5663
8556 2244
4144 7938
1020 5322
6234 6044
5544 8545
9771 7159
6724 8748
7953 9456
8197 5669
683 5673
759 1349
1694 455
4536 6606
195 3668
2714 9281
6470 6302
7445 5192
8265 918
9634 1245
6687 2003
5713 7137
7617 3164
4180 5766
316 4913
6162 1205
4129 659
2309 7242
9076 1320
1196 1763
6062 3048
7690 9012
4860 4114
901 181
7629 6440
9447 6482
7943 2030
673 9738
2802 2015
1843 4562
2299 5720
4501 207
1955 1195
9634 6991
4638 2414
7351 6529
7285 9097
1785 2600
4724 2348
1164 2396
6172 2230
8732 2680
2626 8607
360 1517
2686 2031
4690 9630
5614 6692
1584 5474
2528 2945
302 4390
1387 1241
1962 9352
775 2776
7847 7437
8384 6859
9787 4203
295 8034
1536 7296
2481 4613
5014 7833
6134 2444
6160 2620
947 838
2707 6511
7432 7795
7274 8238
235 9274
7700 6073
3444 4644
2308 3155
3791 6911
944 3956
445 4731
8211 264
7123 9424
6012 9999
1689 3351
909 9291
6924 893
3068 3812
9996 6947
3381 1511
1359 2288
7365 3539
4364 1341
7201 9323
6129 392
2029 4263
2286 4242
9942 9298
8120 497
9897 9469
6663 9007
7721 2939
7559 4440
7981 5667
1499 4112
911 8850
7269 7691
30 5094
240 2595
2813 3
5703 4550
5378 1410
5386 8294
8536 9869
4992 3191
381 6117
7808 1108
2324 780
9799 9162
4821 3067
1141 5690
5912 1469
5999 1132
3998 1714
2895 8983
440 5709
2975 1802
7725 4359
4962 8534
2233 9354
8412 802
8808 6150
5476 2006
4799 9167
6569 7088
4388 4413
8106 8482
1761 4202
1933 5921
9493 4584
777 8072
1874 9513
9355 3395
256 3445
7829 1045
553 9511
2058 2818
9707 4480
6372 4277
3977 8019
5327 4364
6026 4935
9307 1575
3913 2073
9885 3628
2115 6855
6638 8598
5068 821
5963 6225
1610 1980
7987 160
7368 1654
5516 840
805 852
1711 4802
2627 3960
119 2204
2984 3915
2070 1817
864 1176
6945 6285
6393 863
3967 5441
8805 4803
1917 8037
604 8972
9789 4137
6327 8374
226 6371
7830 5216
6533 3340
411 5615
9780 6579
573 5384
5037 1976
854 6985
1064 2978
7285 3472
4074 2954
9533 4066
8435 1630
8468 8886
2529 2287
9797 8648
5018 1251
1070 2326
887 867
1427 1814
6275 590
8473 5278
1728 2245
3692 9723
9618 93
8521 811
3266 9840
7717 4499
6908 1596
2996 8201
9345 1394
8994 5034
1206 376
7150 2726
1779 1160
8490 1823
9718 175
6269 9774
8429 894
7009 9902
5055 4349
1877 5279
3620 9459
8379 7572
7272 8735
4907 5541
2284 8562
4719 3038
3973 5603
917 2110
4027 9913
2336 1465
1787 7893
8391 3591
8470 8949
8133 9603
8416 7682
3303 636
2690 3971
4833 2583
3448 9287
1785 5979
5187 1648
6731 5139
4439 4050
2963 5392
9583 5976
9878 2453
965 1280
6473 3929
3834 2122
2168 7640
3700 3052
3729 434
5018 7793
4550 7131
2842 8613
8159 297
852 4075
8502 7098
3149 183
8473 843
2893 7957
9995 5473
5713 6688
8675 6276
873 1387
171 3759
8587 5484
402 7618
5278 4524
939 3504
7424 2920
5996 2465
1153 7859
8672 7745
5430 7714
901 2735
9207 398
6703 1903
6689 4870
8883 8281
1412 5370
8621 3480
7413 2273
1290 3835
8782 6148
6030 4599
3002 3824
944 9235
8313 8392
1945 8858
226 6737
4249 557
6252 7749
2978 2079
5139 3409
7579 359
1946 4902
8366 7473
9523 9339
7674 2909
4264 8953
6113 6751
5366 1358
571 5389
365 9291
1570 9076
9585 3942
2228 6996
1500 6425
9957 8975
6378 8449
5290 9086
459 5087
3198 4188
9460 8267
5937 3033
1918 4268
8004 712
8566 2785
5150 7745
4123 9659
3946 736
8372 2656
4247 6404
4039 5594
2438 7089
1635 4214
6240 30
4343 1686
2654 2536
9448 2751
3599 45
6511 9324
4069 1970
4233 5961
4072 8286
3141 4696
8193 9932
4074 5968
8432 8797
6542 9977
8295 2116
1472 4673
8477 5960
8255 2554
6205 4853
2368 265
5492 9019
604 6041
9782 5198
5711 5494
345 3236
3307 8019
6232 6266
3363 6292
4705 4880
1888 5844
4568 9656
383 5969
4226 7291
9505 7067
8811 5876
3066 4936
3520 5042
2339 4515
9750 8266
3817 1049
6673 195
6683 4506
813 1753
1007 9902
8809 9963
7389 237
7095 9933
4083 4902
8718 5911
1663 4009
9800 1971
3976 8621
3300 9187
6454 923
9397 4472
629 464
1233 1180
8807 2687
9314 1850
15 2669
7241 1776
7286 9331
7078 9556
4713 4272
3329 2332
1513 3733
8741 6964
3930 4775
9663 2732
7236 8512
931 9048
1397 8397
5848 5102
6222 2241
8567 1595
2513 721
1439 4847
6490 9463
8340 4012
6019 8448
1628 1035
829 5725
9249 327
1550 4870
9041 3375
8526 1122
97 6056
3673 8016
758 489
2112 9841
7658 1038
9687 715
5773 678
8441 3144
177 4741
2815 2021
829 9874
7581 5427
8188 4026
2230 5994
4507 8923
962 5313
6782 9162
6159 3639
5835 8686
2269 1981
6749 1298
9073 698
466 3687
4019 1782
5630 3487
2064 9903
5478 9284
5624 6871
4534 1199
9169 8259
5644 1441
4178 174
7530 877
2537 2756
7976 12
5110 5223
207 4664
7805 8014
7055 6177
7608 8641
4682 7259
4019 7006
1799 3742
3134 3351
7968 8325
6767 1810
548 6287
2381 6280
4469 1777
1430 2662
2123 8275
5834 3279
1040 5582
7021 5383
322 4612
7817 3529
6629 2200
7946 8387
9982 7969
6272 3765
648 6140
9968 2678
1859 3207
8500 5823
1920 1191
8966 5245
8454 9011
7177 147
3937 8518
7584 6278
3133 9665
4549 1503
6079 7286
1460 8733
7901 5614
9725 3504
2625 5237
7461 8895
8410 9368
4005 9091
4330 3758
26 4362
5369 2844
659 4581
6016 8495
5927 3258
9247 1735
5356 994
1993 9062
641 9612
9155 4964
709 6120
8824 4910
1485 8733
8087 8739
9234 8709
9155 1398
8832 5963
2946 959
9177 3828
6143 7514
4432 5699
537 262
527 6098
4417 3510
4305 6576
2128 2180
6872 3886
3023 7865
1784 6609
636 8199
5434 2803
1756 2799
1770 2978
339 7851
3850 9504
7486 8405
4493 6177
8218 8366
2620 3024
5514 6008
5653 5674
2004 9484
8471 5345
1812 1285
71 3274
5849 1283
9725 1888
4579 3818
2216 1439
1451 1200
2342 1145
6635 3234
493 3125
5569 9519
3253 6891
8497 8252
7308 6297
9632 6318
1872 4161
8234 2163
8904 2328
7660 6122
8044 9513
874 2566
5464 1792
8619 8463
8237 4976
3272 7712
8192 8077
2321 1050
3770 9331
7927 160
8966 8045
5635 8681
2501 5262
1470 9650
2445 9404
7127 345
2342 4511
7472 6243
2268 2535
4849 2486
2928 5108
2324 8096
4727 1403
5271 3838
3049 9688
2237 678
8579 2806
2189 3038
8662 7833
3538 1922
4741 3220
649 7058
8715 6291
8454 6833
8835 2371
9983 8583
862 4933
4751 8624
7329 9871
1557 5899
2164 2682
2594 7293
500 8597
1503 5339
4401 3376
3092 915
929 3186
5314 1828
3723 2292
4315 4208
6237 8820
4644 2641
551 963
490 5618
6094 3239
6746 9442
3738 9402
9559 9893
9000 6025
2679 5938
56 4613
9751 6693
9648 5654
1379 767
2471 5507
2462 5425
7387 1899
9696 6645
9372 7535
8195 8949
1838 9765
70 5730
5723 2071
378 7774
2719 2466
4455 9474
7322 1048
9608 4937
6481 8654
4698 7315
7006 7134
802 7331
8123 9974
3380 9554
5019 840
4876 8346
4050 6360
9881 9243
7719 5905
4925 5593
2297 7664
6175 9067
5943 7223
9192 9502
3191 1564
3737 8625
6352 7703
2052 1895
1535 4584
8671 728
8486 878
8837 5199
440 5761
3700 6525
6319 2745
1823 453
2055 9316
2221 1406
5776 9348
7144 7124
5407 3023
2352 3512
4061 7325
5526 2795
1175 4606
6689 8983
7356 3921
6380 4070
5507 2478
8310 809
1874 3117
2832 2098
3640 5357
4547 8410
5668 4942
4871 8028
8971 5271
2253 2936
4358 6241
9079 3505
1921 8585
4010 9471
1406 482
7523 8494
288 273
6911 7965
1760 6271
673 7376
7500 6907
3392 3775
7491 8309
3686 7317
3226 1988
3026 4529
8026 1489
7015 3704
4879 9498
8699 3873
8266 8928
6025 3224
6672 6953
2527 8491
9114 9887
3073 6848
3363 7134
4596 7389
3629 6090
387 7279
5660 7575
6558 2452
1177 7359
2550 2816
2768 672
2003 1260
978 1627
4350 1986
3156 3558
215 963
463 1115
4704 3905
8254 3031
5135 6933
7394 6284
832 9242
2177 8159
5905 9696
3635 9722
1301 3802
5300 4923
3938 5264
4421 8356
658 8590
9355 2729
9622 3411
5902 1365
894 4835
8268 5557
8594 2390
3843 5243
2892 2294
8010 812
1276 4773
6713 1955
1507 3637
4780 8412
4488 7566
5876 6841
9510 8667
3334 1473
9532 2109
8954 8492
7756 6519
9757 6904
3340 2288
8639 8103
4104 4404
5494 7727
9230 563
1370 1480
320 7313
5846 770
1958 9588
5726 5420
3513 2730
6035 9326
3321 1808
6800 2448
7560 1691
8465 432
5645 3283
4743 3137
6898 2291
1941 374
8327 7963
3222 4427
7852 7998
9141 509
8987 6724
2002 9724
4779 3385
1108 512
94 7564
5346 6610
1780 5505
5113 7598
3446 6880
3913 6871
3468 7875
5592 7123
5559 4668
3069 6427
3544 8109
8278 5229
6375 8894
6979 9754
2717 9962
760 968
4106 6114
1423 1056
4256 7192
9604 2401
3061 4886
9943 1180
3621 9845
4221 3142
9774 4166
9952 7321
6771 5485
9370 7634
3738 8896
5966 1749
8126 108
3631 7861
9597 9393
6023 8556
362 5617
7746 7593
9644 2421
912 7677
5806 5032
630 1997
5453 3625
8093 4483
157 6030
242 7965
5445 8956
5029 732
9966 4208
8410 2471
4503 8697
2107 5349
5508 9403
6611 2966
9355 4109
9380 6763
9221 7484
9426 362
3251 3782
3255 8523
4183 3328
3133 6557
1206 8897
6775 4882
7773 4484
4744 7918
1833 410
3033 6524
1565 6726
5928 5401
1104 671
2148 5463
9644 4369
4738 2524
1664 6076
27 9120
15 9043
1819 8930
3823 8159
9892 7348
9307 6250
2617 475
1810 5508
3427 9440
5669 9954
3904 6705
2733 2761
4287 6688
642 6055
9765 4195
4805 2331
1370 1187
263 856
589 2733
2160 502
1468 7572
601 3137
5197 8572
2530 5096
1048 7409
2141 4191
8683 1822
4689 2478
2885 4006
4760 9647
1051 4943
4417 8196
3925 1458
4190 4558
3730 1133
151 6663
5536 7073
8934 7626
8693 5539
7561 5781
953 6831
3524 7646
5193 4033
4252 7275
2918 6538
4524 7256
7844 6257
6212 3813
6011 2015
3381 422
8234 1314
1078 4657
1807 5195
5394 5395
3120 1376
6664 1484
4885 9738
9306 6302
9371 9992
1182 50
7682 2971
8016 4594
6544 8632
2910 1664
1789 9097
1483 8334
4021 5660
4892 324
2521 7506
9950 222
3694 6641
2942 3355
5356 3155
687 1007
9392 2981
6056 2049
8906 3017
2243 926
2848 7812
7952 1636
8105 3600
5231 1416
5619 5563
3882 1361
9630 1607
9881 7610
8703 6184
5627 2196
2142 7241
324 1249
6184 8807
9769 1530
8333 2436
6342 859
6275 8038
7368 6210
2113 8325
5860 803
7749 3632
1438 7126
4959 4265
9379 3800
6916 7028
9615 454
2779 2572
8503 837
5811 4671
2881 7949
9147 8333
9079 2585
6009 8332
1672 3320
6676 7319
2087 8655
698 6362
1578 8149
1659 2008
1564 3526
2395 5126
8315 5121
8436 6317
9707 4570
2210 2971
7905 8808
4069 6434
8216 4616
2402 7592
6464 8088
4291 102
7002 6653
1922 5978
6941 8142
8322 1572
8820 310
7670 1164
814 4134
4632 795
5085 464
1140 509
1527 2957
6602 9958
2504 4088
5567 8105
6126 8449
4988 530
4108 8140
7054 5230
5287 9807
6884 5838
4348 9815
4293 2648
9128 2435
7047 6086
2862 3144
3913 8580
6325 6155
2042 5590
1544 8298
7231 2576
52 7364
5041 4588
605 5196
589 5368
6217 9498
5986 5413
9859 7786
9974 6393
5962 8442
258 4862
9119 7328
5201 2513
3979 2291
1733 4467
4742 1309
9538 5580
3281 6895
5089 2307
2685 7325
4815 4919
1106 9966
5019 5865
8281 1309
9771 8527
9730 6939
4839 8035
6111 9802
6861 5474
9207 6691
7820 8494
9332 9217
8841 9693
117 2500
8493 9271
1885 768
8276 4907
4354 7531
9455 2491
2735 5458
6803 6635
4434 7492
1448 4806
6895 1221
5772 2137
8219 2429
8781 1510
8193 8983
9586 5123
5761 7314
4659 7528
1772 7795
6252 5125
2297 5825
1439 4201
4707 9368
4158 4828
2169 3511
4885 8902
8989 2338
6654 5381
8358 5728
7626 7308
2398 3614
7231 7534
1204 3690
7205 4439
330 7977
2120 4275
488 9137
7225 9605
135 5359
6253 9058
3592 5715
2684 3699
2587 1552
259 3959
5016 6509
6947 4382
5177 9062
1376 575
8334 6987
9778 4899
8727 2271
2231 6999
2942 8378
6191 4750
3851 504
5919 381
8493 9096
2239 7326
9544 7006
1260 8589
4993 5362
4902 9822
340 2431
3747 6613
1631 2180
9690 7404
7284 2886
6937 8273
6219 7180
1888 5189
6269 4866
6228 8846
5786 8103
5661 3509
9636 703
7976 8585
8066 9425
6133 5755
8078 697
8970 7040
1047 3272
3262 658
9456 5935
8495 6575
9983 6872
1773 5848
6703 5421
652 8836
622 527
2518 810
9744 2960
6135 1018
554 5785
3903 4517
3032 4405
9108 9552
1079 9828
7373 9718
955 7321
696 5523
8027 7357
8868 2457
7680 7753
3704 5471
9050 2096
8555 9885
331 5779
2617 2273
3449 4170
5812 2461
9632 7250
2481 1094
6942 9418
1895 8471
7206 7493
5204 9132
6878 4859
8615 1239
3840 1543
9559 9615
6972 1786
2666 7244
4949 9127
8591 4956
9152 9333
8565 4658
9960 4160
545 5601
9932 585
8604 8693
1295 4001
707 8378
5544 7074
9477 6211
4880 950
7369 4213
1862 8221
5301 9081
4894 4108
888 5357
8045 7209
7137 9444
6719 1520
4101 1889
2866 8721
6653 8272
1368 2815
2837 3566
7273 4626
1647 540
2318 8422
6814 4079
5463 7914
7515 9539
9062 530
2100 8131
8674 998
824 7795
501 6913
3068 5655
7119 5730
6697 5177
4464 2302
6107 8518
6562 9788
8132 8145
9676 2327
1223 4063
5840 8464
5805 1658
2846 3642
6211 4207
9663 6716
4778 7519
9163 9539
6550 9585
7875 5709
6560 9551
728 6238
9156 9348
7985 3007
9443 5765
9194 3914
7890 677
6079 800
954 1903
9413 7731
7830 4463
4562 9356
6920 2169
1920 1142
6324 8545
7566 2641
2994 9378
8127 5552
8368 5496
1784 3467
1791 565
6246 6110
6145 4239
6838 6904
2786 8480
2732 3869
7196 5701
9901 2677
9152 8816
6772 6874
2900 7031
8640 3982
4992 50
8485 579
2528 8160
1031 7425
4421 5555
9250 2419
5716 3935
8596 906
725 9871
401 4249
3125 3824
1999 2887
3812 2565
183 7776
9928 2689
986 2340
4921 8096
8346 6135
9331 9902
2124 7071
3399 8174
5213 8777
921 9508
8890 4709
8195 2651
7686 533
2161 8385
1448 3762
4372 886
282 7671
9887 8705
1099 8868
7453 2699
3198 5052
1465 9505
3657 8295
8884 4838
8647 1185
7650 2463
23 5369
1629 4021
5418 4899
7249 6134
2680 9031
5630 1845
3756 4351
6810 2230
7572 9197
5644 9219
1762 3987
2242 1513
1293 7688
4396 6091
8929 6506
9758 5646
8266 8487
2770 5100
989 6818
5460 9393
7840 9605
3556 801
589 8425
3399 1184
6531 1615
6663 4440
2325 6762
526 1287
361 7683
6575 7694
2649 6804
1790 1571
6502 397
50 7840
9696 387
7018 5346
4543 9676
6853 5322
4973 1204
1112 719
3146 7130
1469 8395
9255 8339
6702 2858
4587 6599
4798 9502
9585 7535
5456 2717
376 1214
7182 9617
9586 5092
915 6791
8997 9964
6097 4657
2653 3888
5453 1300
7528 2591
1822 5754
6552 6206
7409 9858
7653 8308
328 3227
7929 8140
