10000 3333
6831 2948
3086 2499
7385 1648
6402 5389
9015 7523
2900 8853
5755 9349
4487 22
7629 3090
3109 5198
4728 7243
6155 6111
6380 4500
7690 1135
3194 5220
4216 2008
459 311
9834 1231
8903 1138
2309 5343
390 2124
5616 2591
7072 4575
5809 2843
1086 3802
485 436
6717 9616
8634 2333
1247 405
6339 5151
1655 3476
2040 8789
4720 8428
7395 1681
887 6638
9507 5397
3868 9585
845 1339
7046 127
8598 3694
3676 7509
1306 6398
5052 871
5817 9856
2615 1177
3812 4988
9443 3239
4004 3277
7624 2078
3844 7381
7604 5552
6674 4262
551 7877
5938 7274
6231 2836
3851 6011
2030 2206
8407 8091
375 2580
1383 2414
5332 1244
2013 1708
379 7184
7217 6288
1764 702
8221 2939
637 3193
2145 9697
5782 1670
6207 7802
4454 5904
2304 9299
5092 3269
5085 5883
4398 935
7494 5414
5589 716
4687 9597
7391 7759
8158 3676
564 6908
4207 4339
9618 1512
8384 2870
6746 5750
3301 5581
5888 8771
4181 2485
6862 3467
9467 3020
9249 2865
3078 5033
9163 5180
3401 2034
8944 8292
3371 9107
6361 5081
153 3118
532 3244
1215 4694
177 180
2851 3234
2294 1499
3386 1905
7565 8783
3569 448
5345 577
869 8069
2773 5145
5595 6888
7916 5744
2953 1204
6018 4516
3531 1899
9105 9544
3647 4335
4653 5553
6409 5882
9993 9578
816 5591
6655 4646
989 5656
405 1772
8898 900
7589 9568
9781 1698
8711 4992
9599 9757
7781 9738
9051 9865
9743 8867
6893 5644
2295 8804
4088 8927
758 359
7431 2161
9365 1310
1269 564
293 7277
5461 3518
4856 1467
4794 3162
8661 1381
3600 4196
9528 4187
3506 9937
6511 337
5857 8149
4478 3392
6740 7642
4684 1442
5122 7488
5236 1609
4617 4695
5973 5160
6395 6646
7251 248
1372 392
7027 6677
8885 6858
1187 6863
3332 7935
8927 1066
4266 9308
237 7182
2683 6892
7187 7207
8306 1436
1259 2326
1354 2144
8550 302
2454 9645
1254 360
5114 2749
5538 5103
5615 7246
8102 8133
5379 4803
368 5885
8167 7121
7108 2990
9983 6243
1177 9142
2613 8855
5962 2277
1815 2847
1687 5358
1461 1041
2545 6249
1700 104
8641 4164
8541 4656
5009 1677
1262 2813
5041 9945
1896 4693
5860 4401
2511 1777
4432 1632
462 7169
4210 4294
1728 9877
888 7032
4712 9028
6036 8349
9210 7817
9744 2802
9023 7937
261 1000
2181 3102
1170 5761
1773 2711
2251 8230
7131 7430
9063 6996
7658 1848
5218 9018
9973 3073
4137 3388
1359 2853
5952 131
4636 384
8095 1547
9862 4879
4113 532
7625 3077
4292 4322
6934 3127
475 77
1652 8048
2431 2114
7387 7214
554 3279
2967 8307
8938 6971
6635 5381
6580 4444
171 9582
2271 8990
4816 8540
2357 6019
936 9042
6485 6798
5796 2790
3363 9959
6521 8513
5079 3386
1615 8194
6778 2359
8309 91
6924 5811
2235 2930
4593 1702
582 6145
1311 6588
1871 4647
8849 5668
1189 6629
8087 3412
7510 290
900 82
7050 9128
5903 44
4888 1332
8258 1666
559 1049
8414 6359
175 9550
8789 1299
5405 7196
9343 2099
6611 9905
8534 7368
2205 8351
3609 3892
781 8445
8733 9632
9767 1989
8119 1481
9702 9717
3811 4606
3893 4318
6288 4420
6599 2856
6146 8242
8800 5660
7071 1621
2314 8648
9379 8285
2065 3839
6124 4494
2679 1766
542 3393
513 8616
8959 5632
2935 6899
8748 685
7672 5529
7891 5307
3012 9040
8887 3684
7504 3315
9568 1601
8262 3646
8152 3765
162 9893
238 2979
5782 2510
6471 4307
7367 418
7064 7713
6173 9456
9437 9790
1447 7163
3846 4861
9349 6759
1300 9463
7900 4079
4592 2024
5430 4178
261 1871
1103 6882
6145 8418
7193 5108
6264 4216
4057 2898
9953 573
2327 4892
9463 2801
4130 3026
5833 185
6330 9100
1210 4525
9988 6835
434 5528
8122 9877
9147 188
5080 3972
9988 6635
192 8648
8562 1999
935 2936
1194 4435
2374 8453
489 3639
8794 5392
6556 7792
3763 4159
5624 53
617 8508
2291 5379
531 357
3704 1770
1838 4253
4312 1711
92 5946
626 3605
2148 6787
6104 7469
7379 3311
1085 7092
4224 3712
4721 9648
4046 9743
3849 7916
9364 1944
1407 8452
6831 5275
8672 9100
4299 4188
6364 3818
590 547
5416 9624
4749 2317
8943 4019
6309 9209
3965 4670
2819 7515
5235 4880
924 5836
774 1633
3462 1288
8816 1537
5485 2718
1774 8210
607 9668
9360 2073
9440 4417
3099 1025
1015 2465
170 8007
9535 3941
3769 9087
199 2496
6809 718
2035 1995
9248 3693
1976 6033
1877 8333
500 5348
3880 9325
1475 9926
6440 4118
9707 2737
7131 9632
7778 3552
7658 9898
5890 5635
4722 5398
6924 9759
8612 2714
3745 4284
1333 7872
331 2549
8847 6790
6450 1084
9742 4671
344 8739
3476 4145
2814 7347
5542 613
6668 9609
8605 7355
3037 2132
3318 4195
9824 5641
3826 9908
121 3455
1239 7352
5581 6723
6221 1918
7482 5029
1553 9000
1692 9818
2949 5354
3545 9480
8430 5265
5959 60
405 3194
9776 663
8599 8278
245 173
8677 5869
6728 2997
6325 8119
7152 1084
6607 9668
8585 6322
2320 6630
5889 5946
7146 6802
2765 3071
4786 3971
4386 6810
6721 7767
9900 77
4276 1296
3482 3227
9932 3635
6335 3517
4703 6140
7555 3774
2501 777
9345 736
8507 6315
7927 6326
5364 3464
4952 1015
2627 4587
2109 8866
3698 5618
1407 5332
9486 5567
4783 211
5208 1304
4399 6951
1461 3816
2775 5179
9759 6075
144 7713
9027 3366
5452 747
5425 6924
476 1923
6687 3466
5832 2340
7190 2268
8155 6542
3427 4741
8725 9094
1751 4188
3463 67
8744 7337
2778 6962
8734 4444
7721 6036
4311 2935
5682 5003
1907 8751
8056 2800
2696 8207
3604 9200
7263 5940
7920 9482
9285 4082
8267 82
4795 2621
488 2114
1239 2545
5502 1476
5265 6715
9705 5241
8871 5070
1463 1877
3785 5168
8429 9920
5117 4298
3248 9366
9436 1978
5468 3752
5011 500
8769 8394
4916 3533
9008 1235
658 2479
4034 1279
3080 8697
2930 5808
435 1580
3806 3369
9763 6174
5289 8322
9598 2267
748 2215
9101 847
6497 3209
6910 5085
9703 1963
4832 4939
8977 3526
7498 8852
6470 2245
3108 4981
754 3898
7851 7344
1652 5015
9922 28
366 2902
8636 2626
8345 4034
4851 194
4686 1515
2660 748
9933 8214
9809 7016
2090 7227
1405 350
1579 4357
1891 4094
2908 3766
6240 5658
6507 6816
6901 4167
908 6077
3142 4976
2309 263
7709 3059
3555 3841
231 5121
5860 5884
5190 5202
6011 5507
1117 5503
9504 9104
7303 7367
1821 132
97 9594
9170 1683
2620 8561
1857 6373
7340 5332
6242 2455
6011 6066
5729 4776
4886 4189
955 7404
671 8363
7493 3676
7849 8374
6821 1812
9488 5213
9687 2148
3374 3761
4969 4800
7927 73
7871 1296
6238 9470
4720 897
6061 5423
6902 4561
7362 9583
5042 2951
5180 3698
295 969
7346 8916
9354 5715
812 1490
8504 39
7800 9934
4752 3640
3286 3167
4469 1533
5053 3567
8557 8229
9620 5851
3140 8557
6073 1479
8922 3435
5006 8375
8641 4983
503 7911
8368 3708
4861 9300
194 4796
2462 3601
8024 8073
9850 4627
5539 4285
7672 7621
5563 7267
191 6901
5323 843
7933 2981
2354 9898
4020 8811
2259 9880
6408 257
9270 8672
8194 9750
6293 7587
4784 7371
4416 6917
3458 4182
3737 8895
9007 7778
2873 9435
9102 3470
2585 3611
1693 122
4154 1283
7950 7117
3662 2378
6709 4961
5692 589
3483 6325
7199 3996
8286 1098
4584 7323
5775 3751
6024 6595
5810 2646
3591 3326
4529 5684
8720 2318
3162 7108
1058 6342
9948 6653
1648 2191
8158 9288
2738 4901
5113 2627
3682 6728
6984 6704
8512 1644
3775 8822
7535 2697
2066 3679
821 4411
5369 2985
8671 4755
2946 7477
8699 6484
8431 1515
7291 4567
4084 8436
8969 3319
3050 6831
4989 6806
271 7436
1065 2711
1060 8980
7566 2753
1501 8175
5860 2322
5333 8156
6342 9626
4695 6589
4179 4620
1510 6760
7775 7008
1878 4759
5248 7156
3536 1113
8385 5686
8450 1935
6722 1723
3645 3391
3381 5612
8181 8501
4723 3060
9573 8349
8598 963
5080 1738
7676 6062
7057 3491
1114 2556
3556 1008
9367 58
7594 8865
6252 5417
7410 5319
8011 59
7962 1417
9925 6025
2058 993
5858 6480
2105 541
701 3551
2646 1486
1270 9738
48 2268
7486 6314
8894 2992
3742 4939
5321 2168
8400 3405
5053 7238
3988 356
3196 8162
445 2344
2874 1300
8514 5734
6818 3162
7149 3724
4879 3832
6575 97
3764 7971
9946 8123
2661 1557
7270 1366
8908 2733
8828 6836
4677 1820
6702 8648
6386 3656
7901 4330
8215 7692
2401 4406
8207 9062
5686 5548
9301 6392
5145 2722
3148 7225
8142 4141
1320 6657
797 9724
9843 7536
5665 1677
1321 3207
5128 3094
4284 9437
2262 7421
6672 9051
7345 3600
4880 5985
5350 895
5463 5727
7075 6157
2312 8988
3691 6354
8455 483
5525 4619
9838 2257
3005 3945
4297 7609
5506 94
5562 7376
7670 6819
7574 5377
2882 9413
9285 2425
2079 6339
822 3548
5005 7058
2809 287
8816 297
6675 8347
8414 5461
1613 9969
1858 5782
9270 1073
8988 3216
828 6737
2927 2076
3143 2764
9730 900
4527 9136
3824 7770
5392 5023
792 6817
3357 2015
861 595
6890 7706
1734 2361
2465 3295
5567 854
2590 911
3255 8989
195 928
2608 7622
7221 9790
4067 989
5101 4789
5817 3715
7015 1128
5074 4747
9958 5005
9218 5214
686 6671
1647 7592
6313 8555
4613 4568
3603 579
4818 4804
9422 814
4810 6067
8287 1046
1748 1809
3247 7384
9691 9054
5514 4056
8494 4095
691 3050
5472 1484
7359 1882
5400 8736
7493 6229
4386 4637
677 3870
8829 7333
5262 3034
972 7570
1781 3876
2245 5279
1221 6762
3652 1820
2906 302
4585 846
1557 1749
4694 3804
5835 3851
2530 3155
294 878
8184 4355
9634 543
6713 385
2353 7044
3270 5779
6008 232
1878 791
6384 6346
7638 4108
3989 5466
6980 3990
2154 6879
7700 9326
5700 2051
5643 2976
251 165
7878 9596
7420 6374
4004 822
5385 7805
4408 9558
8599 8195
4824 329
6094 1784
4225 7742
397 7004
1440 4521
2948 3958
3498 2611
8745 1025
3717 9240
5652 7402
9405 2536
2642 1043
8064 9974
9845 739
5986 8076
866 6468
3722 6901
6275 7298
7873 7348
1772 9702
883 1708
2264 698
234 2677
6191 3689
8337 9725
8507 5893
5524 2295
44 4240
2885 5304
5669 6084
2953 3131
8588 1324
9225 4654
766 1336
6466 9955
4088 6989
9141 2080
3567 1635
4551 3823
4025 2709
8258 2431
8466 9557
6067 5633
6841 8725
6458 1900
2800 5966
2477 6409
9503 3597
6661 871
5825 4049
8702 9384
8197 8351
396 5683
190 5550
865 7728
2660 5291
7064 351
8193 8006
4477 1681
7461 2356
5667 9565
6835 6219
4732 9453
3457 1752
308 2798
9612 8700
4295 132
6930 1051
2983 6051
758 6620
8183 3607
4495 540
6482 2653
4217 923
4404 936
7602 3101
7920 3357
8302 4218
3961 3191
7220 7630
152 5171
960 7978
1756 6501
6111 4033
2342 4610
8101 7996
2537 7988
2842 8934
2928 3193
9656 1873
456 5924
3807 1104
7569 4283
4322 3019
929 1047
1288 5534
481 3303
8843 8073
1710 6493
716 9185
8329 5295
3693 4126
4024 4119
6245 4523
9619 3924
9664 8218
9207 3047
4189 6941
6326 9447
6270 2846
7925 8893
4843 6840
8317 5273
7823 5835
9900 9723
2602 9148
7393 4698
1757 1810
8114 4625
4113 6778
2169 2717
8032 517
579 6704
6010 7541
9488 17
9138 1187
8006 7386
6127 1580
382 9449
7195 5759
9765 9231
3895 5121
6189 5412
8229 9081
7465 7601
5853 8532
116 5636
9033 50
2811 3504
4872 3831
2622 4826
9807 6123
8451 653
4355 5530
6323 2167
3360 9781
7020 4986
1973 6784
4621 9212
9270 4034
5756 9607
7769 743
7588 2393
5193 353
1359 6437
5878 1171
5281 7185
8099 1349
2637 1254
4071 1731
5341 6403
685 8654
3486 5227
6132 5561
7761 6690
3935 4317
7804 7107
2261 5637
1767 8157
2050 211
1632 2417
309 3833
1143 2742
8224 5249
7618 422
1067 630
8394 4094
941 9234
2786 5420
6954 646
8016 1434
1560 1414
8466 3421
2143 687
4883 7255
6732 6115
6867 3354
1794 4746
7605 32
5812 8508
9488 8819
2060 7607
8815 5142
5703 5087
9505 8378
5847 6585
9897 5418
2224 5471
8655 4016
7579 4095
4237 509
3253 2156
5842 7509
2897 8043
419 2496
8834 1352
8229 2891
8258 4815
100 9349
911 1010
2160 7122
1544 7802
9067 3692
4180 8990
6524 7756
6827 9181
7982 7573
3259 3883
2722 5786
3012 4011
8920 6899
620 5130
410 7581
9229 3060
6738 4118
1858 1708
7695 293
6941 3657
2692 1472
2340 723
4073 6915
4047 6298
4600 4912
2444 7920
673 9914
4172 9898
5014 232
1059 4162
9568 489
1259 7416
1544 7450
4690 9388
5919 7233
871 7430
3142 7574
7233 3791
8327 1476
2504 8037
330 4733
3962 4907
3009 1955
7400 7462
445 6912
6486 1057
3798 7455
6494 7562
7414 496
6941 691
5182 7368
5493 7890
5297 6527
3194 9377
2340 4368
2917 8828
9604 7084
9504 4503
9144 9137
6683 7098
2821 6374
7003 735
3061 7722
7389 7880
1718 3599
9791 8265
3655 7771
8451 1337
1087 233
4019 2453
4022 3830
7335 813
5034 3844
8801 8981
668 7690
9890 4438
5328 7217
8114 4170
4529 6857
1324 4627
5178 7138
6143 7940
5438 9475
734 3894
8176 7127
6241 7621
44 4107
6498 4209
669 4642
9665 5102
8596 6913
7377 4036
6840 7475
3752 6143
3216 2037
3875 1952
8747 3483
8735 5530
8808 2106
1617 6054
9566 1644
1823 5023
9190 9599
5301 967
3980 1366
4946 2593
1393 8246
8856 5268
5532 8538
6287 1454
6180 6560
4866 9007
8983 826
4192 3402
6359 7246
4237 2967
8680 4151
1022 5444
3924 6849
8961 1935
1527 7552
595 8174
4578 3946
9703 4951
252 6360
6598 5976
4428 8106
5449 2640
7697 3680
9777 3988
9834 4721
3904 8267
1886 6808
2637 1970
3174 2306
2660 8794
2814 3777
8468 9509
6871 5420
4463 8060
7960 7501
6237 1820
3688 2465
8025 5012
7686 940
9122 1944
9762 2210
5660 3409
7409 9999
8733 1243
812 720
1312 5030
2657 1400
3413 1974
7089 252
831 7331
9121 8279
5652 2058
4233 9879
6913 3049
5624 4222
7812 1463
5037 6898
3504 6314
3007 1197
8940 8414
6663 4477
7652 3461
3505 7765
4359 786
5631 6523
4599 2813
2373 8072
3324 5570
4702 2603
7649 961
2326 7750
6902 2160
77 5823
6796 6308
4666 6609
8204 8860
5574 5992
4369 3222
7853 5416
1337 6632
9009 3031
4919 9240
4582 9855
3108 7764
8855 7005
8554 7340
6784 9605
7352 6979
1889 6251
5121 817
9090 2539
604 3651
3097 1010
4821 4666
6581 3698
9083 2456
3703 3010
912 1894
7348 7100
3164 5089
4628 8078
8891 184
7190 6009
4954 6528
3514 5013
8382 4144
8133 2779
7741 213
849 2553
4434 6399
1306 6162
8445 6978
8322 4667
3521 4695
9133 192
9189 2856
1494 2156
6420 9191
9337 724
3212 4903
4407 8797
4035 7490
2293 2066
6109 2209
4540 8095
9863 695
3867 1704
2480 5079
1440 3763
8922 8281
4003 281
4206 7641
2796 2426
9557 8824
6648 4438
5647 8809
9207 8436
8880 6837
6049 8670
9470 2296
5500 5315
1941 2033
776 3909
3203 6662
1956 1801
1932 5902
7893 1449
7415 6821
2806 5781
3790 8651
5667 157
5762 5333
8477 4521
4870 4395
8409 626
911 2728
9041 1510
6394 3950
6273 1047
4102 7359
2235 6477
2613 6021
916 5296
1360 5067
740 5150
9152 4721
9530 2251
7654 4268
5622 1228
6915 1571
9837 2315
9312 7267
905 7510
2536 2268
9686 4688
9257 979
7478 8479
8375 3118
174 5756
5145 2619
3543 1142
8474 9145
6910 9631
7545 5388
836 2941
649 3405
7998 475
4466 3048
1238 7989
8638 9677
7080 2991
4157 6368
6230 8079
9441 3065
5941 767
9795 2789
9582 5404
7100 3043
414 5929
4189 4103
4822 445
7880 6666
2155 7216
1172 2024
9639 4898
8269 3105
9078 9525
5297 4520
2218 8478
8180 2951
3176 4312
6941 7321
9465 8400
3351 7679
5994 9786
9777 2972
2796 5851
7518 5545
5780 1101
2390 6673
3500 7422
8307 9174
2976 1633
9989 90
4562 1531
2479 7431
4663 3303
7895 9784
2776 2163
474 9630
3186 3729
9893 5947
3318 87
7181 3994
4778 7919
1800 4357
8405 4167
8834 4206
7671 5394
4521 2087
6015 3174
3922 6601
8819 4556
2002 4097
5868 1796
3525 7262
8503 7502
5290 4693
2053 7745
148 3405
7867 9272
5243 8787
323 4095
25 5288
4362 6907
5134 2366
1472 7872
2445 9054
3563 6056
1180 8404
7012 8563
7608 7041
8696 2577
9342 3561
5272 3018
4835 9459
7049 7334
8766 5772
8357 4197
2361 9812
8825 4057
9619 9599
7509 7095
5136 4261
5551 5082
8887 9202
896 4960
6179 7527
7477 1739
5843 4759
8559 9904
9291 2043
4115 1483
3649 1790
2971 2938
8464 9154
2324 2734
4712 970
8126 9773
1756 9486
7503 6306
5810 2586
3456 859
8119 7214
878 154
3673 703
2938 1014
3019 8917
9994 7719
5716 3867
4614 9597
8784 6003
587 3817
7773 399
8396 1633
3872 9945
1404 6465
5246 8972
6277 2021
5043 9016
7268 6800
2382 5874
9866 1785
9635 705
6301 4408
1672 8482
5781 6445
9976 6486
3151 2570
979 9071
2429 340
6268 5910
2789 7526
3994 4696
7854 6973
5319 612
9942 2205
3540 575
1070 1386
4451 1248
2332 4080
1164 148
6200 6669
2824 7819
8351 1073
8633 2393
7124 2741
8048 6054
2954 5889
6726 8558
4139 1683
7540 2210
1012 8591
5578 1238
7126 4554
9228 5761
7367 4638
2640 3919
2415 4570
2577 7410
4891 7567
3711 6525
7870 7348
6781 9752
1531 9810
8162 1183
1772 5016
3785 5651
4046 4456
64 9671
5347 4600
7660 8980
814 9475
1172 6597
3946 8038
5730 3948
8132 3827
9430 827
604 5313
1458 5084
4041 3801
2510 3530
4642 1723
5733 9782
8693 1127
7031 4498
4755 309
8694 9849
5954 1837
2489 4165
938 2319
8795 760
2665 8477
4796 660
9919 684
2655 1907
8066 311
8139 4015
9595 1052
7595 7051
1384 1452
4558 7224
8792 9023
5079 7857
9330 9902
989 6320
2430 2424
1772 2646
7866 7005
7699 439
3174 8198
5797 1227
8952 1099
1000 7919
2266 2395
8488 9522
5831 4408
6853 5256
3601 6568
7824 6171
782 3493
466 3684
2678 8446
6598 7814
247 7988
2570 7860
5569 8334
3042 1350
2955 9093
2885 777
3276 6665
7758 507
3506 6426
1628 3139
9695 5551
7378 3159
1142 291
7736 5667
4787 4931
120 9385
4225 7217
1794 5532
4897 1124
3080 8548
5305 7814
6819 5965
8163 2948
3356 1335
858 9170
803 7143
5200 7108
7484 4261
1931 7238
5453 5164
8739 1942
5202 7662
9830 1156
985 7709
3941 9112
6198 5795
724 3996
8608 1531
5133 9550
7618 4821
1054 3232
7819 2662
150 3320
3455 4374
3404 5728
8915 2032
1416 5175
2404 2101
2552 3582
2513 5625
3549 7307
5101 5429
5611 5705
8526 9619
893 7463
8449 5317
5854 1109
4083 3583
7504 9162
7705 616
3209 8736
8809 9613
9698 870
3183 686
1559 8141
7321 5119
3625 6076
27 7833
8063 8269
1724 6742
6688 2445
3383 520
9882 287
5804 8802
2367 1754
5420 1934
8579 7719
4304 4629
6655 5172
2994 2634
689 7907
7426 7440
8426 6571
3970 6287
7054 854
635 9475
3799 6914
1110 8061
6467 5361
916 3568
370 3848
6343 8677
3016 8179
9638 5527
8753 2112
3741 9736
6984 5711
3242 1387
1678 2617
7874 2903
890 7190
1018 8874
6691 8581
1966 9268
6568 3048
5853 7416
6968 4917
5642 9054
5850 1094
5405 4996
1431 5706
4256 1016
683 7410
8291 8240
5575 2821
8329 5170
6034 9916
8473 4316
867 8646
7757 8285
5641 7493
2390 7178
3716 3632
3910 6202
2921 4511
6676 5706
9361 7890
9964 8603
5178 5803
6444 4255
6661 3870
8665 591
646 9880
6296 6664
4312 4406
165 6537
3846 3209
6927 7302
5747 2777
6858 6312
1187 415
8284 1131
3440 9465
4928 5567
6806 7465
7670 3624
4870 3127
9825 5870
7399 5419
2631 5262
9632 7235
9013 2758
1632 3123
6857 1453
6503 8848
7126 5513
6922 7764
579 374
4898 1070
3196 8742
2157 2159
3456 1836
1260 909
2721 6752
6388 4979
5127 5358
6893 287
1149 214
3926 5508
7474 4494
1071 4998
1498 6043
109 5376
3019 716
3033 2705
8624 2047
7393 1754
6377 8314
614 1394
5817 9443
1949 242
7079 728
6510 42
3630 985
4440 6714
4108 793
8427 3402
1031 8448
8668 1234
6355 2507
4660 1938
4125 8555
6994 5500
6692 786
1812 6053
5386 6857
5778 9352
5543 8573
5684 2178
4582 7725
2214 4903
4215 4382
3627 572
3179 2039
6135 3291
3435 1077
8676 1074
4658 7944
158 4052
3454 7860
9175 6646
7747 2146
3940 8883
3208 7356
7005 761
2663 6516
6001 3930
8497 558
5248 1820
9432 1201
6655 6393
3364 4025
7320 7024
3855 5112
9879 6930
5641 609
414 7093
6356 8652
449 8773
1448 4197
2411 9054
5281 6269
2632 2691
2396 7479
3593 4475
1694 3452
6915 4382
9389 1432
4320 5596
2340 1082
4700 7590
6036 8744
3097 3043
9917 8777
7484 5165
777 8457
8333 257
6370 424
4843 8803
8775 2699
7782 2807
4587 1962
8755 1961
4086 896
5564 7366
3762 8303
1357 7425
8223 7257
2248 15
4271 9688
1042 3643
8555 4615
8644 6483
7788 6294
5930 9913
5266 7242
9319 8498
6369 6074
1056 4794
4335 2851
2972 7167
3160 1078
5259 5490
2858 9557
3612 2761
3545 9401
5540 3504
60 9679
7582 1331
7166 5734
9798 5541
2030 9378
8701 9804
879 5372
3352 4066
3865 7409
1857 4630
1174 6878
772 3945
3766 5530
7427 2274
8059 9181
1459 6858
1534 8577
2493 4337
1112 8216
3262 8199
1482 133
8903 7907
8117 7457
8189 4176
3027 6888
2570 6843
9532 6986
394 7142
8866 4202
4191 1688
4054 9970
8494 139
3344 5837
8560 637
4091 476
4530 7727
8262 1842
453 9401
6548 3272
2654 7236
8445 6410
8615 8014
7739 5431
1069 3514
3790 3765
4976 3501
984 1882
9622 8146
4978 9396
6775 5351
69 8995
4498 5326
3906 889
9431 9581
2523 3889
8764 4094
9207 1605
6857 3568
8082 1063
859 9716
8554 105
7124 4865
5923 148
6233 6416
6532 3861
7779 4256
3480 9019
703 6739
4846 2283
7886 2720
5738 748
1814 4415
6562 3740
5038 7008
8209 8169
4790 1636
3655 6232
9773 9458
2806 4545
2249 6420
263 9776
6243 9191
7172 3734
8280 7295
539 8407
825 5680
8753 2122
44 9014
8316 3164
9768 7742
4728 8189
7661 5227
5188 4113
5306 5698
8386 8384
8773 9086
9018 870
471 2716
4359 7556
2909 5968
1928 1229
7768 3135
2785 5162
1550 7139
6280 9111
1239 2746
9080 8563
7664 4071
9953 932
9387 3808
7350 7073
6269 9918
4077 7046
2239 3984
6803 2787
3038 2392
5190 2061
4012 9356
8761 7708
780 5510
3299 2267
9145 8517
5120 7036
3728 5690
1582 5441
177 4236
1474 2564
6706 1396
3665 4256
1068 7794
3303 2181
2780 5030
1475 1960
8995 3351
5081 144
3895 1760
9838 3131
9360 1438
6832 2599
3659 4035
5276 1321
3179 54
3302 3193
115 3953
2596 9732
2765 7554
9555 3353
1366 2042
2209 8701
8975 2625
5905 9287
8430 2848
8234 1156
4907 5605
4344 9892
9523 9651
3626 1163
7017 9231
8610 6049
1008 3700
1544 6514
7570 4688
9576 2639
6092 341
655 8188
1151 8793
9937 2880
8465 8022
1910 8040
3930 8026
9817 3299
456 2632
9384 9639
8731 6966
6375 4443
7961 2957
6077 4699
7947 701
3028 4168
2126 2870
797 7733
7492 3823
1594 571
6784 7186
2675 9509
5598 5790
706 341
4056 8820
3782 1997
1522 8427
6580 1287
4847 8445
9633 9406
9337 7607
1065 1747
5117 5421
8716 4681
9996 7635
2171 5800
8620 3653
3103 7982
1109 9744
4883 8681
7221 4695
3157 7294
7164 5359
4569 5286
4257 6739
9798 6699
3467 2096
1415 4912
9160 1706
5962 7318
5801 9126
9589 7752
2260 6894
7436 7392
3585 2000
3036 2271
1822 2975
9476 6713
539 896
1894 1942
3119 9151
7291 5395
1041 8712
5500 9663
8815 9022
6041 4526
3195 3959
7462 1706
7592 4285
2393 5549
1586 335
7630 1831
7491 1918
723 5486
9167 4896
9932 2793
6345 8609
544 85
2811 8701
4554 4976
7955 2679
7289 9585
5712 1494
9648 2414
9353 8514
2855 339
4726 8891
4040 642
2485 9731
914 2238
902 5983
5242 543
9392 9065
8821 2881
6538 2593
9360 228
210 7863
8744 9629
3754 2083
1138 5732
1669 1838
9940 7717
5647 2230
8490 3727
6819 6542
3666 1655
5714 5595
8272 6470
3058 3256
7003 9191
8797 8531
6174 4218
1406 5726
8 2628
232 5567
908 7197
9630 3280
3762 6080
2604 3407
3428 9150
5645 2655
8514 7403
6130 230
5535 6304
4353 8381
4833 4679
9860 9827
308 5907
7926 586
408 9877
6314 8632
5055 871
5652 5112
1840 8774
9453 3351
695 7648
2563 167
7634 2026
982 6911
7685 9180
6381 4072
9495 2194
7983 786
5235 5373
683 8669
4200 6960
5648 4049
2554 5733
9221 1206
174 5445
2386 7388
4786 8723
3349 8069
9667 6418
3775 4694
3956 6154
3844 7210
8030 7847
159 6334
3802 3562
5179 8998
5881 518
715 5671
9917 356
5763 2779
9565 816
8892 6320
2037 7113
4484 5129
3411 7365
5788 1147
155 858
40 8993
4564 7318
8403 6713
4841 1561
824 341
9914 470
7130 5707
8808 1685
2125 6390
5932 3812
9274 3538
4768 8129
4079 1427
5348 6802
1709 1887
4779 6861
680 5503
779 6208
2299 147
5937 3626
1185 4443
5851 7264
7069 334
5228 57
6467 711
4411 1955
5980 8755
5668 6236
9142 8996
1381 2137
2786 2945
6018 6082
5525 1876
9971 8308
887 6250
7521 5054
3383 2647
2572 6484
8660 7567
4071 3023
7445 8510
298 7563
707 2209
6736 3688
7930 5723
9975 7322
4684 4433
5890 6089
3501 5630
2282 9378
6920 3488
9241 5971
3256 4601
6717 8019
3520 8223
5003 7896
5396 5244
3594 9391
1102 2638
7524 7143
3066 8504
1384 8518
3417 5664
5035 9267
1442 5231
626 8874
7869 7652
2633 4795
1334 7089
255 4284
9856 6828
7912 4546
5919 5712
5834 9036
1309 761
2784 8008
8982 9900
1946 1868
1531 5244
3115 174
1555 7414
842 7580
5510 7910
1329 4918
6448 9184
3825 3231
8740 1288
3964 5311
2470 7690
4154 1812
7792 2035
4165 7756
1726 2981
8924 5964
1506 6807
2068 4108
4016 531
6178 7913
6723 9271
5298 6226
7687 4644
9524 1356
2652 4818
4249 430
4330 3818
5642 3653
9559 9802
4146 6849
2130 6709
2159 3350
9980 7281
1029 3709
3018 5735
4426 6752
5189 8678
4491 2801
4585 8351
3494 3428
6585 4330
9694 3968
2521 5425
2539 2722
7139 2720
5479 2297
1507 3819
3697 1563
9099 104
7614 6511
6192 3232
307 5009
2378 1891
2204 2194
8344 9185
7161 7957
5690 1345
6092 7283
2437 2718
9756 2184
5715 2148
228 3395
4752 7752
5748 4314
9006 3710
3887 4068
8290 8656
5372 1741
4453 4910
6630 4421
9635 4760
9356 6881
767 4230
3041 2601
4013 5985
6237 1897
9991 6407
4394 1792
3673 4522
3207 1763
3189 2530
5641 7931
4592 9959
8165 5539
9139 647
1048 4139
7467 3446
9359 7464
5593 4857
2543 4785
9282 2058
8622 2595
5088 8375
8632 9855
4079 259
3707 6919
4705 6052
2651 5188
4795 307
7023 8579
1477 4079
5986 3891
9214 6442
4243 4040
3814 2266
5557 508
7347 5194
5920 2105
8108 8598
5662 4447
657 3827
2511 8548
3729 3828
5733 4256
7826 7878
6648 1309
6028 325
2308 6365
9550 3252
5494 8387
4600 8026
3667 8760
528 6959
9457 552
8813 6323
252 6323
5631 2664
6674 3436
6981 819
1895 2637
5413 4671
1810 2801
3367 5417
1550 265
9610 3301
1818 7880
7694 8616
6906 1559
4921 716
2212 2306
3155 4575
8163 4376
9097 2500
3399 8447
1133 1520
3922 6029
7092 9038
5997 7936
9271 4444
977 9800
3411 4972
9487 4039
8201 1812
9545 2088
4878 3182
710 8165
6460 7609
658 8736
1935 8950
6683 7963
6906 9963
3829 4399
5856 8083
1943 3753
9754 1165
7500 3592
2615 2297
6019 3057
1703 3854
6368 9419
1328 871
3368 7620
4042 9152
7049 3066
4754 6606
6960 8322
7146 6213
6032 5188
1639 8239
8050 6988
3858 7580
8735 731
1832 7580
7352 4405
730 775
7839 8449
6990 1061
1771 3820
6636 8327
6008 6246
8673 1388
2421 179
975 2924
6548 4347
2555 9761
6557 2650
798 8345
2811 6497
3429 8278
3757 4531
5234 222
5111 5369
2072 9243
4478 8879
2546 9547
3200 4596
7052 4433
58 3966
4921 9330
4591 5140
5740 7113
1912 3106
7519 2836
5295 504
8959 789
2066 955
6797 6627
9718 8627
3198 5686
9602 5787
8828 5294
3328 3093
676 572
3151 8403
2518 582
4435 2751
8136 5928
5091 1188
6195 9758
8667 9266
1380 6444
6264 8462
141 4470
5262 3919
8497 4456
1237 5155
1611 7694
3368 7512
8856 7997
5605 5203
5272 6793
4223 1276
1169 7677
431 2192
4700 3350
1759 3182
2070 4280
5182 5275
4033 6615
959 6974
240 7871
1833 3396
6814 4734
9560 3421
648 5028
6139 6045
4734 9610
9652 4204
1478 9400
9179 7990
3481 6701
7115 8348
2980 8858
5988 9202
809 8311
5559 3471
411 8301
877 5216
405 8539
2865 564
6948 7010
2145 9505
2984 5657
833 3230
4168 8969
3575 3287
8939 5985
3072 1597
1007 4195
7770 1171
197 8709
5160 3522
3683 4994
8930 5509
785 5687
6018 5294
1117 3558
5703 8207
487 7094
6438 562
8597 2608
7092 610
5248 8452
2141 1968
6709 3538
7392 7775
2166 466
961 1927
614 780
4758 7478
4801 8833
5147 9738
8305 9296
7774 1128
8218 3761
9971 7945
1311 9262
8705 7303
2106 9445
2194 3381
5512 232
7047 3284
6475 4316
5922 1919
838 77
6747 4016
2373 169
3244 9448
994 1601
7397 1211
3857 9899
4232 4289
8373 8450
9021 4119
4616 5156
4256 4284
7543 5155
8974 7508
1396 3189
4780 4521
4019 3764
4416 2949
941 6095
9670 2232
4352 567
2700 5288
5068 4739
9286 2204
5799 6204
1915 4017
5147 9058
2118 9445
563 6437
2966 3823
2945 6572
3582 9941
9467 2370
6933 4579
1369 5220
2360 4651
889 68
8547 7856
1148 6713
9692 3946
1814 3533
7064 9333
6385 9325
3732 9953
9306 3037
4765 3187
2851 4450
8296 1459
7840 6165
4683 8573
4634 3495
4562 6992
3455 8759
3835 5793
7055 750
6330 2057
4801 4164
8966 7427
7468 1255
5066 1391
9422 6411
3381 7234
953 6709
1306 4580
5953 1679
2193 7152
4959 1064
6548 4023
7921 1985
9875 4925
407 512
5056 7547
1432 2417
3188 1275
5739 464
6424 8944
5550 256
9437 2907
9603 7159
8853 5862
4366 7903
2871 4062
4664 839
4607 3025
2879 7184
7899 5988
2052 3601
5199 9391
7643 2628
978 1406
6462 3190
1935 8066
5179 9803
7397 9646
5185 5303
8983 7548
5767 726
3325 2965
5894 9221
3617 9996
1850 5478
2643 9524
1636 8864
1270 8725
1179 2093
9376 1707
3446 107
782 5303
1107 8524
4398 3308
3924 5413
2147 7523
6157 6658
7268 7288
9863 8785
1917 6410
3856 9554
5196 3007
6921 7342
6517 1101
8294 829
895 738
1362 5070
5413 2030
936 7891
2406 7188
635 2034
7846 9293
4223 8261
7035 4356
3101 9995
2208 9274
4611 4645
6101 6996
6562 4906
1741 6568
9887 8499
46 180
4434 6703
3381 8711
393 912
3999 4534
4758 1549
3169 2168
6653 1310
5666 987
3656 8723
8764 381
7987 9198
2590 6403
1519 580
6620 6869
9619 5743
4973 6080
6934 5055
9276 5187
7063 8324
1097 5698
3878 5990
6789 7350
9080 9774
5401 7291
2822 586
1119 3873
9694 7804
23 9404
6289 9116
9924 4356
4035 2370
8797 2774
4079 8909
6764 9600
1248 1902
8770 2761
105 4685
7697 1447
9822 8707
1969 8407
8569 271
9324 5832
3670 2882
2145 3648
2135 1794
9716 5894
1424 4026
3997 9190
1804 7657
7877 513
5286 4639
6332 9594
1649 4883
9814 3577
6577 5775
4521 9852
2064 7170
7408 7041
4634 4429
411 6174
5681 4087
9165 3722
4569 8169
8557 8672
5821 5987
7413 2227
6233 2933
5686 3957
2349 4679
4978 6654
4960 4369
6865 5692
6571 9779
2381 4397
8314 8399
5029 5094
3295 8682
3565 4559
9423 7023
4749 7493
5394 1883
6782 4567
1335 5458
6672 9274
94 2505
6823 3061
2972 7898
8825 565
9051 2611
3553 234
6231 9895
3520 8233
5842 8747
5814 6088
2096 9002
2909 8388
700 306
9119 9614
1186 9877
5467 1930
2498 1465
4628 7631
2836 376
6466 90
3854 7953
4847 8666
3551 8517
2890 1093
8792 7787
3512 2738
7070 812
2046 5517
6122 6535
9144 2343
8376 2894
9478 9859
7675 2280
4169 5146
5816 3789
6890 936
198 3533
7716 7677
5316 9849
2885 3932
8259 7160
8545 6831
8440 7172
4623 2497
1468 3834
6074 4882
300 6318
5537 5191
7288 2404
6631 8520
1288 7800
4611 1009
242 2983
2690 7697
1910 6964
3088 6829
3219 9252
2227 110
5758 2578
80 2847
2642 5916
5011 9504
5595 4628
9436 7910
6314 399
733 3128
8628 5402
77 3523
2867 8448
6839 4168
2515 6309
8524 8729
118 7486
3885 2799
4945 7591
8738 5111
7245 8044
9109 3632
5783 8288
7863 3550
8304 7017
5371 9499
973 2033
22 6577
4376 1111
1062 2256
9853 5340
5207 526
5966 2263
9023 2211
3520 9841
2819 8249
2460 5930
8080 1682
8126 8514
1507 993
1177 5984
1409 7055
6754 5215
6048 5672
7057 4140
6796 6252
6803 393
691 4334
4234 1054
4329 1880
6187 1602
9333 1813
3583 5686
7698 5942
467 3915
4223 7518
7016 7174
4240 7270
8259 2387
8986 8490
5390 8287
1611 7865
4597 1661
3999 7449
858 7906
5244 2000
4834 3578
2119 6956
9942 4672
2445 6333
1027 4377
7692 8438
4938 2330
9158 719
272 9118
7669 37
3567 4753
8577 8665
4100 7767
5292 8829
6959 6454
4679 650
5846 1047
8298 8013
6322 5433
7520 5253
7632 5470
9848 6119
6097 7373
8869 2058
4762 8766
3215 2236
2997 1681
9888 2491
543 7559
8312 7996
5976 4615
4554 4167
550 2859
1485 6696
1666 4736
9499 2288
2728 3626
8917 771
8652 2621
397 7560
4736 85
7882 9388
8799 4111
8040 4175
7862 7454
7669 8357
8101 2135
2037 1526
6514 1557
9920 9966
4614 3509
735 4798
2398 8443
9090 361
2027 3564
8748 680
6978 7490
1445 5559
9421 667
9815 1221
9449 2762
5954 5208
5990 3189
473 3047
7130 7445
9331 4414
926 1497
6698 3501
1711 2403
3807 2249
2350 3321
660 6842
5553 2117
5648 2395
3056 9670
6703 6638
1992 3069
3664 2917
1676 9937
9461 7146
5407 6891
342 3672
43 763
4222 9071
3821 7809
1773 8468
838 1428
3844 1502
2587 8367
652 9803
1510 1839
1247 5689
1860 7958
973 7853
8453 8987
185 9487
5647 8616
3690 4748
5931 3003
8107 7795
3879 1061
42 937
4978 3006
6364 9173
7250 5695
1464 4804
8993 6870
4712 4342
1164 1782
3947 3343
9603 7300
6630 2663
3644 5595
9326 1050
5345 9177
4703 5129
3613 8576
6840 3416
4130 9366
2429 6974
3078 5109
8484 7272
6593 7292
8072 933
9200 9980
4074 5515
6838 3723
8698 7025
7238 1924
3442 1075
6186 6
5740 6690
1119 9345
2855 9633
9174 9404
7910 6297
8661 5617
5088 1285
4644 8895
9217 6327
1297 6903
1576 2354
1516 6192
3351 5293
3723 8196
8743 5974
4599 8384
7793 1885
2270 5960
5317 2613
6287 3936
9191 1558
4481 4436
4605 8238
652 5329
6722 8331
3694 3834
1511 6530
3975 3460
77 6572
7373 8554
7611 6275
7449 1401
6046 4010
9625 7621
8964 5826
684 4035
8192 3798
6505 7549
7546 5680
5112 2385
3708 4497
567 6306
6997 2477
2918 8565
5098 8860
8523 8438
8528 3435
7615 1505
2740 6137
3888 1769
3555 5706
4685 980
2386 616
8781 1628
5959 1037
2184 7248
7517 6489
6812 6673
1333 3218
4137 8229
800 8815
6038 3736
7413 2301
4890 598
1937 1930
3187 3666
7490 9629
9747 1283
8668 3740
7213 2753
1396 1347
4525 828
1351 2788
9869 9734
2500 5618
9985 964
702 5397
9180 9536
4379 6521
2296 9914
4151 2414
9987 6722
8354 5769
6364 3600
4110 5234
3050 9485
2178 677
6981 9655
3993 2321
7979 3889
7396 9963
8397 3696
5844 6876
111 7327
4881 3231
9227 956
8854 932
1647 137
3490 6848
7658 3020
8824 8683
3747 4495
5872 3984
1634 960
708 8464
1397 6146
1396 8415
1789 9963
7506 5766
2606 2996
3287 3407
2002 7996
1340 4013
3367 6437
3458 321
6492 9509
2858 6246
3144 3767
702 9606
7107 3432
6678 7458
315 6858
7092 7214
3841 2260
8009 7362
8409 6127
4765 1738
7486 3803
7611 5863
2987 5000
4562 7597
7379 670
1429 2339
1866 7509
108 5221
1641 7645
3121 869
9790 488
4500 3030
2922 5179
9848 3280
9105 913
7043 1919
205 6951
8178 3764
9132 4817
1298 7666
9613 916
6760 4034
6743 7930
5979 4848
3283 6865
3892 7435
3005 9452
245 2265
2454 9168
879 1808
7301 5257
1546 8766
8993 8034
2897 739
8793 4000
5971 3282
6556 7128
660 7892
5073 613
1257 8132
6129 2419
4096 4643
5848 8198
3382 6678
2903 2260
8526 9475
4885 8343
5217 1656
5817 3900
3209 9668
4050 5862
4740 8588
2175 9275
1431 423
5991 7910
2153 3763
9107 7828
2163 1214
2287 6711
4791 301
8317 9030
5574 3528
2529 8203
520 2684
8150 6515
2728 8456
7831 9186
3094 9408
7735 8140
8691 8781
1290 8893
5688 1387
4185 6914
5967 3178
4146 6702
4136 5406
7430 5222
1606 2991
202 5445
2176 6778
3126 265
4672 8254
1641 9764
3047 3231
3923 3036
6695 5766
5785 2411
215 1183
8580 8287
659 2249
322 3803
826 8138
260 5445
4942 5961
3327 5206
9543 1410
5291 5565
353 3174
711 6396
4505 4584
1794 2729
9763 5424
7380 1839
8583 3804
9795 7322
8464 7786
4878 5327
2380 9968
5494 6753
6719 9525
9456 7421
6127 7604
6324 1679
2233 8304
