10000 6666
2866 921
3160 5488
9453 7003
5081 886
9788 9027
8545 4565
7452 3245
5487 882
3415 8657
7360 1355
6228 3135
7321 6677
3042 4522
3753 8015
9371 7469
7090 5884
4345 1988
5884 852
9023 7922
1185 1650
1248 3435
4159 5783
7414 4282
4873 8646
940 5004
6694 7910
5029 9460
7457 9571
7539 4917
1271 3662
2320 9723
652 2504
3448 8098
3990 4411
6301 8253
8496 6881
2946 8209
7465 2715
5985 9495
3826 4795
2773 6973
3764 986
1088 2006
4664 5987
7447 8645
4188 3062
2401 6502
4821 6678
6059 3158
6663 6859
3942 7446
5951 9089
7400 6555
3354 5111
9399 1665
1979 5473
2337 1299
249 519
2711 4613
3406 1284
6221 7051
1161 2295
8524 9583
4605 853
7105 8703
1456 9125
715 8860
3165 9587
1040 9740
7922 9917
9577 8792
1123 6521
8209 9967
9925 4989
7706 5585
2436 198
9448 550
5597 5106
5571 3221
7284 6709
4682 653
8704 4296
2763 3343
6986 8693
1308 5617
3490 6525
7445 9005
4474 4354
7427 384
4457 8413
1239 3755
633 9929
3493 7461
6393 2614
7734 7416
2283 7607
2470 6832
8311 5188
8934 2495
2391 4281
4811 2923
8313 6917
3517 8830
2384 2236
5897 8629
4835 8486
7584 4642
8093 3309
5750 2843
5819 7715
7651 6808
1121 3674
1525 6056
2197 8106
6381 1645
1298 5406
9101 3259
8311 695
1264 1229
4374 552
5250 2929
6965 5272
212 8343
7424 4387
9162 1301
4533 137
5116 870
2326 8494
1688 6550
3707 6440
6222 6440
9085 2533
6307 7472
6300 3666
2479 6762
6395 1252
7407 6161
7902 4851
9139 1976
6531 3434
6049 8709
1814 1865
3440 6113
7947 6291
2910 5785
4184 1232
4891 5600
4968 7308
1196 7291
9193 502
7625 5603
783 7394
8110 6423
8143 3176
1918 7639
1732 8658
4043 9034
9710 6434
3888 1913
7054 5306
8183 6785
2300 8370
2563 6373
9777 7605
5016 442
7453 2724
3422 6762
4514 609
465 5153
871 2358
4820 1267
3590 2108
2569 2868
9950 9444
9146 7774
3937 5329
9572 8175
7335 1500
2135 1000
1290 7215
7799 2623
4360 3179
5694 1630
7076 1394
6807 1826
8262 6909
9285 7548
502 2519
986 675
4916 6815
3776 6369
5459 2091
7940 2450
1818 4032
4085 6824
4626 811
2010 5225
3115 8555
3113 863
9062 5572
7553 6983
652 4541
6305 755
6486 483
6094 2872
6002 7684
9761 2641
9317 1733
535 3386
9444 3341
3071 6757
8473 3735
5056 8888
9556 7172
3744 3661
1047 3158
2605 6338
3177 8551
6728 4983
644 3664
4134 4626
4472 8546
8254 7182
5382 8928
1613 9639
4837 1059
4900 5663
6896 7685
153 2509
805 2374
9282 2137
2392 1515
4477 5761
1102 4233
283 9240
8003 3230
5776 7505
9236 8345
2501 3368
1061 1565
6151 9529
6525 4802
6021 7927
6021 7332
2293 1031
5229 9026
3551 3522
7751 4816
4336 7751
8538 6342
6761 742
9984 1870
4014 4598
9144 8394
9768 416
8245 3243
6771 657
6093 7707
3537 8492
9722 2836
4852 214
3165 3207
6120 536
1766 4439
5479 3921
877 2187
5267 1537
5437 8783
1919 2111
659 1443
694 7588
6163 4523
3187 3262
4867 3341
9095 8334
815 5846
8327 6506
8307 9701
4667 9068
7236 1471
7136 6401
9656 4425
3831 5658
5384 9793
1812 8190
8485 2070
751 4631
833 8315
823 1792
6673 9480
9370 6382
6130 9929
3485 2980
9985 8941
8666 3885
5985 136
589 3222
6137 849
9799 7840
6004 533
6060 6483
5055 9458
7764 8214
1502 7149
5181 5096
6727 4045
2583 4650
2117 8525
2343 2227
3814 6990
7077 9083
3454 6994
9405 5744
978 8610
7378 9940
9518 4842
1863 3004
2448 2184
9524 6739
3002 6480
1351 7253
2563 6922
9056 1588
791 9090
3555 4119
9171 8488
474 8470
2714 5790
4241 2351
2738 4605
6440 932
632 192
8741 4891
6536 9718
3535 3356
3461 4980
4260 7015
7751 6225
8884 5243
4312 2617
8979 7440
9494 5499
7339 3486
5365 8875
6008 7012
5978 7728
1242 6354
3168 3735
5542 7903
9783 8350
1317 4883
8096 5754
5668 7886
5442 6690
7283 7216
329 5537
6582 6335
4721 1064
1511 6388
223 9289
6817 894
8521 8669
6183 9341
7640 6687
9611 8184
8429 4655
2679 9480
4282 1169
9896 9003
8501 571
8813 3330
9736 1066
3276 946
3251 1085
9630 9031
473 2249
3215 861
5663 5203
9295 9173
4176 7897
4835 7542
7787 7578
9156 7945
6211 6825
1022 4860
5694 4366
6179 6160
471 6180
2086 1356
1213 7804
7440 1127
5809 1081
4479 5329
7660 6371
3378 8603
3814 3700
9918 8266
7472 8557
6844 504
5995 9570
584 1395
671 6410
8164 7949
9237 5728
1555 8026
6941 6773
2846 9365
4137 4059
1075 8651
9408 7707
4816 6254
8252 1952
5948 355
9196 1002
3823 6276
819 8701
9142 5792
3351 4447
1472 5350
9987 1901
4979 125
6101 8086
2407 9103
6737 8494
3417 8666
7980 7645
2058 4958
9569 9118
3678 593
1392 1840
8894 814
6122 3368
5286 6545
4390 1021
759 6333
7456 4235
4486 6710
6388 721
5547 8039
2455 1699
5796 5054
3615 7416
3983 9355
7366 6941
6547 3493
9099 896
2968 100
5408 3845
6586 9944
8925 4629
2298 7969
8412 6442
1437 3108
6491 4917
1131 5517
3901 1640
3057 759
9737 1436
7488 9446
4217 5005
3435 3677
6493 8889
445 856
1862 3988
2433 9812
5147 4486
5432 1506
951 6203
9463 8232
2344 2674
4822 2351
6162 3647
7810 8502
5915 3082
7819 6349
5308 5438
6503 6091
9270 8618
3373 5401
6874 8675
9947 5141
7056 1888
8865 1856
9569 6397
1700 624
2525 7753
7644 1423
8198 3960
1125 4170
4291 5281
2322 8226
4238 9744
5205 6286
7927 4246
1673 6776
382 8756
9177 7180
9452 2756
3397 1244
4011 4416
6212 5310
6314 3545
7581 8108
4186 7713
7101 563
6803 8657
7428 5445
8784 7748
3799 8935
4126 3642
2640 563
3233 1798
8521 4583
9792 4737
1957 2549
356 2660
2040 9905
1869 6930
6857 4726
2829 7852
8743 8945
5194 5690
2097 1684
6656 9641
3005 5477
4589 5832
3810 3580
7476 6298
8925 8136
6635 5078
1168 1115
4908 3322
1070 1257
3672 660
3617 6574
3231 8968
5733 2741
3433 7997
138 7553
7008 527
8517 9208
1428 31
3199 4546
7286 1278
2213 143
1709 918
4678 9934
7396 8401
5368 3799
6185 1215
5460 6850
6288 4805
901 4142
6991 9881
3565 2843
9071 3623
8673 8656
7217 1951
5192 1110
6903 7460
3167 5722
5318 5998
7528 1663
1147 2937
1670 1914
563 708
5538 5460
2401 3
1306 6524
7340 2286
9325 5362
8078 2304
6704 4077
6326 4248
7644 6646
1895 9083
6877 5099
9271 4272
4932 9933
5953 9154
8774 6754
9827 8194
9676 3187
5216 7667
2081 4639
768 3324
2183 6071
3163 7962
2226 4576
7746 5195
7675 7892
8374 9475
1006 1313
5743 4795
508 9960
4646 7325
7802 8127
139 410
5488 5856
3472 2804
6764 8568
1595 4724
4348 9081
4264 8741
1271 5592
9221 8919
9781 4255
2981 5373
3474 3116
8526 4719
3359 4929
5226 6329
1281 7042
9146 5594
5376 2202
7918 8870
7289 8742
4974 8645
7485 2392
5396 8945
9888 6229
800 6460
6315 3880
5267 5944
6826 1949
52 3037
7870 5046
638 4182
8428 6474
9872 1604
8988 7697
507 3178
3851 4793
3144 1071
6585 9988
4576 2591
172 728
8353 3354
235 8173
6816 2020
164 2066
7842 3907
2871 6953
4577 9476
4345 8279
1309 9783
5442 2229
1544 670
2671 2289
585 5058
6256 7102
9050 4750
1499 2495
8698 3058
8232 8064
5580 8577
82 8509
2422 7651
6508 4201
9059 3460
4554 9577
3042 9635
2068 8310
3652 1556
3207 431
1714 2303
5587 7236
5588 9102
9870 6172
8987 4339
3823 1168
3976 2688
1172 1646
194 6956
1020 4727
7189 8437
5726 8929
2270 1417
2673 6389
2240 6091
8161 7762
689 6325
8433 9944
9245 4208
2867 7806
7026 3405
529 2845
8035 7151
2152 1683
2886 6191
504 7713
3206 5319
1509 4125
513 2903
8617 9217
6842 2020
4960 6698
5384 8676
1050 4250
2678 7203
3788 7142
8577 1104
5455 2216
6365 1216
5648 5582
5232 2155
6175 1833
6694 2634
496 9392
4491 4479
6636 7498
2180 909
2561 9303
1590 7612
4878 5976
7933 1911
2344 1363
2199 5789
2536 304
4647 7363
9787 814
5970 9376
8240 9742
8645 6047
2654 519
4525 3265
2795 6737
4717 6872
8022 9338
2476 1694
3038 4052
6244 1916
2392 1364
2980 723
6973 8565
5471 7126
6409 9923
5067 1086
3806 6769
7875 2149
191 2435
4934 1531
5509 277
3909 405
9981 1314
4857 7656
7880 5341
2042 8338
4970 9084
4185 1874
9932 4663
2231 9419
2219 8942
5852 7957
9766 5649
6497 6156
3523 7365
1558 4383
7178 4582
2493 1490
3129 4783
8061 4252
2046 6851
2544 4602
7872 1544
4853 7546
599 5927
9150 4929
5279 6878
6755 1574
4682 2701
862 8628
4907 6236
5469 2732
3579 8964
356 2705
1655 8465
7448 5738
7024 2775
7796 6579
4698 8378
6648 844
3901 6004
2549 873
6919 9203
9346 6080
3913 3288
3978 3470
2037 2745
28 3730
7607 8911
3546 5505
8473 25
6682 208
4380 264
6664 3629
6646 4737
4754 327
1583 8654
9050 5457
1955 1197
392 499
5347 2127
7622 7977
8515 1978
3970 6242
5918 5608
3215 9458
9022 4422
260 7904
6580 1430
7083 8809
3270 4141
2371 3867
2139 7589
9343 9579
3201 8252
1189 2752
8104 9236
6976 9573
7909 1297
7199 4331
9872 8382
4420 8340
6246 4584
2213 425
2743 2833
3614 4598
7417 7534
3436 9257
4787 730
4836 2726
8675 1313
490 3109
5097 7862
6586 5746
4697 9309
6227 5213
4285 2001
807 6600
1617 8623
5837 7068
53 5370
4367 4100
9071 3925
3132 2847
4486 1468
7959 5954
1192 8875
3638 5188
453 3189
9124 6289
561 5598
8127 3512
4118 8514
7274 1469
5584 3516
589 6679
9727 1807
5248 2643
9096 7729
260 8479
965 283
8906 5008
5728 730
6249 413
2684 8337
6828 7905
9452 4629
1618 8589
986 1759
9581 3811
2850 8638
131 2044
4164 5810
4800 6371
2357 1378
1746 2824
7726 1079
6412 2159
2348 1663
2035 1374
9726 7179
5460 6210
2587 1089
2140 5066
1817 650
8686 7194
5063 2325
4817 8538
8804 9795
3775 3749
9925 1385
7912 1099
3187 1649
9677 3583
2714 9705
9285 6889
4364 1330
6747 1380
4412 1282
845 5665
5700 6579
1407 435
2367 8322
9414 1314
4207 8480
5998 3560
4520 1012
8821 2646
9731 7784
8269 6128
3580 3160
7790 9629
9733 6982
7297 3192
369 6648
1782 5698
5849 808
63 3485
1979 2819
5251 4002
1878 1835
7996 8780
6751 5461
8249 6571
462 2588
893 291
8658 7436
7150 4490
1145 9655
2039 1725
1945 8900
6614 7979
7194 203
6446 9912
5466 554
6647 3676
8455 4883
7369 3954
8568 5148
1173 6025
9541 109
8044 5862
1914 7941
3109 9664
616 5414
5899 9779
2932 3173
6333 5134
5719 9963
4669 4757
1740 454
6370 7599
5812 8024
8709 8745
2005 9607
5943 5553
4279 1356
714 6299
5446 8884
3076 5616
2787 5010
9631 8778
3043 4571
5659 5354
2190 632
8827 5170
3169 552
1476 5531
4333 2059
2705 9553
3397 9896
3169 9617
2708 6760
679 242
4997 552
8602 2841
1529 3163
1539 4083
3541 1702
609 2207
5745 755
9560 513
6746 7358
301 7793
7680 2203
3612 9354
5673 7694
2019 7451
4236 257
9956 169
2375 4945
711 1595
9082 8018
1077 6509
5402 5687
1486 8318
4879 5850
6260 3330
6630 2362
1886 9504
7791 8728
8294 3860
7120 3321
6747 6382
8400 6535
7504 2626
9949 5008
8939 519
7031 85
6343 9336
7986 8492
4978 1574
3784 9119
2736 4915
6181 6971
9126 3720
8873 6322
255 1680
3737 8409
3323 1211
1503 3819
4011 6108
9477 2228
1847 6043
5230 2598
8248 4612
3214 9736
4366 9831
8252 5345
4906 2038
7751 4898
5013 6841
5038 6682
1448 8925
5511 6159
2786 3681
1657 2284
5702 4903
6689 1197
8297 4041
161 6308
8232 6050
4557 7080
2112 9361
5500 3281
2340 5946
573 7053
8956 36
7759 366
5952 6603
5175 3674
8480 431
7806 1914
3247 6900
4353 3371
8579 3361
1631 64
1304 2417
4143 1101
7834 9332
7543 1790
5342 6735
358 9390
6345 6744
8555 1904
4167 971
9003 4842
2998 2424
6031 4213
2248 9634
8691 3983
3461 1873
9417 7960
3910 97
1540 9944
9867 2497
5405 2568
4662 9445
2802 3940
8046 2293
306 768
4525 7212
7826 1536
611 5369
9995 8766
6144 9425
8601 2359
4285 1275
589 8094
9796 2498
6988 4904
68 1223
6783 4463
9870 1325
7697 8496
2042 8347
3252 7068
1123 1197
7468 8570
4279 580
3394 5587
9464 8129
770 133
8173 7278
5565 5058
6162 8629
7304 3150
2211 2310
428 8819
4949 8006
3188 6896
8830 1115
5697 6406
3352 1217
2409 1610
7746 72
5492 4983
3086 2083
5470 9305
7124 2170
1544 9698
1742 9993
7143 9864
2666 5519
4980 5365
6588 3408
2922 4182
6905 5444
74 8861
1564 2645
9514 5567
3572 5445
1186 2119
5556 6102
6862 8513
1379 5743
7695 4928
8330 5470
1866 1816
6152 8177
695 9796
801 5691
4163 1953
3355 1222
4926 2705
1087 8235
1374 5946
6494 7243
9979 6821
2858 9226
2369 1295
6424 2798
8417 283
8901 8388
8863 6749
5134 9996
7813 6320
4390 1976
3647 9666
4276 9697
8766 5475
6082 5986
2133 3674
6943 2683
3567 7135
4110 5823
9559 9314
4949 5078
8013 4819
3391 5548
6296 3783
2954 2752
127 5194
554 7734
9551 5335
708 9398
6152 4786
2804 5434
8992 3663
2455 7796
9470 9736
6706 9781
6224 4202
8633 5335
7558 6888
6776 7061
2484 2183
974 5982
1636 2097
2445 1029
1746 4322
3996 7251
5406 2318
4469 180
3645 1337
6359 7238
8809 2317
2597 3789
7900 8424
5316 2162
8553 9387
5169 5695
771 2380
1529 8868
9924 9237
7632 5782
1256 7554
2987 3771
5583 9815
7301 3726
6558 2888
3070 833
142 5855
8231 6966
1388 1242
7463 8854
4440 8651
7481 858
3174 8310
7964 5764
9904 1286
2658 8887
2481 5224
4337 2619
3691 1262
5589 9754
4834 4829
7916 7238
9088 5967
104 9489
8943 3698
7121 6290
8002 5464
1872 5559
4924 7013
7509 158
918 5604
9603 3834
7454 4546
7071 4356
9315 8401
4692 9656
1674 4999
9121 6484
6252 2140
1097 5964
6613 4240
2418 4697
5623 9810
1239 8853
8837 7274
3846 4320
6632 4048
9779 4782
3118 4882
3619 2039
4742 8386
9554 5718
9461 5574
7966 875
3556 7671
985 5929
1199 2290
1898 2136
1655 5482
9213 292
7649 2660
8799 8076
5702 841
3730 9028
6193 3655
5423 8419
2340 4369
1279 3462
2787 475
8129 7883
7366 1246
3768 4455
5948 3802
1514 7009
9107 6383
7058 6356
9793 9267
3102 2689
8910 6207
4705 7499
951 8722
9554 6313
7597 5644
1388 1367
3508 8452
6748 8261
836 4947
4198 8118
956 2055
7393 8643
2442 8753
5414 4310
2740 3575
6533 8367
3282 6451
8751 3907
3713 2465
3165 9527
1985 7237
232 2329
6952 1507
1791 3192
3454 7637
3844 9735
2191 857
1823 5406
5500 400
5721 4361
3450 3361
1154 7127
6849 9571
4189 60
8270 7990
3711 5887
7537 8347
1171 3597
5408 3591
6136 8708
8306 3445
6305 7641
8293 257
3524 6435
457 141
3116 7229
3539 8191
3992 3608
1883 3921
8665 9926
2222 2768
1976 7520
860 3758
9997 6817
7243 8001
2745 3417
2530 3729
9709 1292
2111 8734
4225 6448
7826 6839
4270 6930
3712 4052
6532 6386
6224 93
6133 4738
1761 7200
9784 315
3459 6687
4055 327
3017 6288
2049 4360
7853 7931
7273 4400
9052 1968
9157 7399
3190 8094
8047 7065
2767 9853
2328 613
1713 1813
8560 5791
3096 69
7151 7262
2580 1197
4160 4527
9690 8563
2976 2512
5460 466
9043 9270
9900 5895
4096 8487
517 7459
8976 9185
3346 9691
4275 1697
2477 2763
6090 8269
1090 2990
1294 795
3761 392
1896 7095
3279 429
839 6257
9717 3815
6317 3757
8160 1219
8610 5057
2479 8740
1728 5642
6249 2671
7429 23
8164 3902
708 3948
9519 3230
1396 4721
6329 2256
1327 5185
823 8379
36 76
6866 6424
5062 5413
6583 3029
9820 9204
2069 2195
9951 7780
3682 360
2286 4582
6071 8030
5661 9565
3855 9970
6881 9744
6028 4838
8806 3260
834 159
921 8623
714 7479
1631 7310
4849 3340
7724 3200
7718 7695
7837 5312
959 743
8607 9647
7701 3964
4309 271
4947 5180
1446 3289
8827 7272
2716 2392
6385 9416
5430 5500
6270 6371
1654 7224
494 7672
2820 3829
2146 3001
1306 2413
2367 74
4055 3728
9725 886
2620 7106
9722 5626
7745 8075
3732 568
769 7910
6594 9654
4265 482
8876 6045
5133 2884
7598 7146
260 867
922 9567
5335 8939
243 5795
6982 4043
4818 7582
4419 535
6692 143
1076 4166
3450 5078
4981 3332
6807 6249
1796 8914
3318 4419
8532 1057
6562 9009
5802 6219
8956 7923
7363 9146
7785 9953
3361 3219
552 3788
7665 6728
2798 9098
6170 2528
505 9316
9600 8578
742 1034
5179 1335
5865 8832
1785 8669
6664 4892
330 2997
7262 9739
9971 2468
2778 2060
8236 4070
9517 259
4802 9479
7856 936
4389 5208
7692 9830
5291 5872
3471 3180
7323 5160
9230 9119
563 4782
1293 2998
547 8611
8089 5005
5216 6365
1343 2195
5810 3574
5458 9883
3478 6811
2185 1055
5708 8205
8846 4376
4378 5907
6640 5847
3879 615
3906 2528
705 4148
2074 4474
6968 6527
7362 6272
4448 4203
3195 9394
3507 1267
5877 5237
3069 516
2617 2383
1438 5119
5343 6028
2588 2572
2424 5900
6798 5186
7989 8098
2594 6624
557 9654
1655 4664
443 8484
1236 1918
926 4379
2864 7901
4440 2192
6343 2018
3920 5624
1115 2287
8656 865
6721 6745
1447 7257
6656 9179
807 6021
9174 8465
1992 9532
3650 526
788 650
4171 4214
1193 1262
2583 964
9978 8379
8581 8502
1502 299
900 3196
9552 2967
2505 9900
2877 8720
2381 849
2217 4138
1325 3223
1450 748
1064 4497
4219 7905
1781 9700
9979 7977
7210 521
2187 3225
8102 3727
7012 4791
4792 1830
2559 8927
6581 5733
410 272
9030 292
9594 5600
3735 4515
563 7860
458 9138
4370 9865
7554 1351
8484 4942
7401 1819
5564 5671
1530 557
9089 4892
3223 6093
7693 1271
356 6514
4031 8394
1498 2357
5322 6215
2613 9268
9124 6134
887 9984
3256 6130
9379 623
1988 6908
2450 5002
7340 3207
5217 2784
7413 5818
1505 9698
7403 1713
1270 1157
9579 9325
601 5747
3977 5439
38 7850
1372 6577
238 8299
3933 9165
854 3260
9996 1667
2935 3303
5131 8296
7180 4905
8657 9602
9847 2579
3624 1789
76 3245
2350 1480
7651 8686
2840 2441
378 2661
8315 2021
2050 5427
2898 9865
9853 4415
6507 2260
6951 2977
6425 9642
7114 7111
7363 6226
9015 2435
3460 1449
3081 8510
9017 5254
8086 4179
9282 9686
8417 3730
2048 3753
4037 4710
8808 742
513 6030
658 9528
2247 8013
9467 7290
5869 7309
5843 3711
9551 3015
5088 7756
6331 1772
7098 3164
5779 5600
5197 2683
7423 3769
314 7724
5272 8820
6597 3572
6462 929
1896 5276
8468 6626
3135 9330
7294 8784
3547 5448
2154 6982
9919 5796
1140 8868
2246 2031
8112 1949
4763 5078
9908 6393
6383 4476
5419 1012
4294 518
8067 3021
1050 2413
6560 7432
263 8304
4983 9916
8109 4095
531 2550
3698 2817
5284 4037
5165 2847
2027 2443
4668 8551
5680 9810
7983 2506
236 2325
1994 1677
8031 306
9479 1980
2827 767
1282 8019
5975 9442
5963 7923
6461 9432
4536 4691
1548 6335
8368 8364
5142 875
1296 8764
435 3061
8218 5844
2989 7239
722 4986
9218 6497
6927 4024
8677 4552
3104 9515
7389 9521
9364 5716
3925 1546
5472 7707
426 5234
1870 2215
4032 9084
3608 5527
4654 7424
6273 7020
9469 234
7932 716
3900 6121
4339 7185
175 5489
7473 5320
2956 6250
2248 2195
4045 3518
7485 951
9424 5503
1879 5967
6282 6687
1363 71
2464 2021
2771 9393
3932 8831
2906 9860
686 5803
1489 2696
6792 8588
9494 5691
9729 5851
3912 1775
1315 4820
5020 9481
1790 3941
7387 1316
1683 2450
6849 9452
4617 3396
7024 5988
4027 1573
2459 2624
9767 4293
9851 4187
1953 5336
4014 4435
1294 2022
7235 2440
9290 2010
4623 8945
8034 7572
2011 310
9498 4231
4531 6215
7880 4483
5176 9772
2575 4050
3831 9913
5569 2684
7656 4646
2489 2528
3090 3930
1353 1726
1071 7842
3381 9901
9454 3164
7958 5558
1890 813
8776 7990
5761 2780
9132 432
9909 1796
8823 5001
7855 6726
5905 1211
7407 4597
5079 9522
3901 4728
218 802
8852 4075
5582 1695
5281 9118
8620 2035
152 6788
9808 1403
8639 1734
5163 7162
7170 7566
1410 5141
6957 1900
5533 3654
2117 9940
5705 762
47 5550
1143 4979
2839 9845
426 5894
1259 1417
429 4925
9294 3901
2987 7302
245 1849
7525 8674
2125 8729
400 8327
6131 1292
5348 8879
6602 9990
7998 3047
3161 8286
8702 2449
8570 113
8602 1058
1037 1661
5658 7556
7331 3863
7241 5253
3331 9557
8474 4487
6072 4981
8689 1998
6000 6052
3126 6421
9743 3224
6230 5545
3882 6407
4289 5404
9837 9069
5613 3651
918 9978
9889 4857
3703 7730
6587 4522
1399 6859
1931 968
3890 4162
6182 9386
1141 4503
948 5944
9587 1996
8625 5552
5266 7801
6032 6276
910 7979
9779 1690
4966 2593
6773 2187
7402 7006
400 7428
9283 5802
7911 9752
2667 6097
5022 8587
896 6514
8620 1096
9766 7473
112 4589
3842 7301
1257 154
5903 7323
2381 6646
4125 1537
3811 1818
6445 2844
6873 3891
4006 4306
9358 500
5427 8689
313 5634
2899 8262
5888 134
9000 5367
3154 5983
7257 8346
1342 9981
1999 6315
3161 8391
7227 5690
2572 3590
5903 4906
6468 4184
9377 4932
2449 5070
907 5890
679 1470
9373 4548
5247 5377
4618 4318
6631 3350
966 5736
990 3374
9423 5517
537 6222
7745 284
5377 7136
7568 906
1411 1793
8370 8591
5534 7077
4114 340
6632 6591
7327 2795
9642 8889
4810 8711
1871 7810
5676 2895
2073 2235
285 1024
1628 1289
1198 8808
8801 1399
8224 540
3093 7728
5387 3106
8007 217
3592 4392
8093 6725
343 9483
2912 4591
2634 2817
9995 5076
8936 6032
1776 9478
7803 6468
8355 3930
8482 7725
5309 4075
3808 8462
1514 2629
4235 7280
2699 7050
7598 509
7141 8225
4375 165
7265 8450
2682 8524
3674 7995
2540 6634
3106 8846
9400 5114
5901 6960
1038 875
4387 3900
7615 738
5331 4926
8146 3286
5227 8489
4003 8707
3169 3665
4462 1912
2061 4450
248 5913
636 3559
535 5661
6351 1715
9109 3136
7530 1996
3969 4803
4517 987
6301 9351
7166 1405
545 4054
4277 5365
7063 5546
847 6504
6685 6660
3780 6879
3350 1590
9409 6760
473 1129
2103 9270
7488 1384
8666 7133
491 3091
322 7126
1931 1038
7373 4897
4311 6287
4955 3774
1050 9331
3857 7427
5346 9369
663 9609
9955 5413
3546 8991
7698 9807
5883 2214
43 482
1901 9971
764 8781
1627 1088
743 1717
4144 8810
6532 4369
5212 8068
8444 8365
5078 4467
8111 1848
6965 6145
719 5109
1398 9947
4627 1198
5145 2339
8565 636
7636 7918
2229 2288
8654 2342
8659 3902
1669 3001
8 2253
5081 6408
8350 8376
6606 3897
3923 5199
9006 9654
5611 1703
4021 6652
4059 5142
9923 7165
9343 3016
8478 334
420 4973
2493 9402
5374 9864
846 2989
7396 4337
5857 5849
7055 3956
826 3364
7663 4624
3795 2824
2950 2473
1911 6754
9706 5159
5177 2660
8487 309
5083 8772
1099 3474
391 9450
8041 2883
5082 1414
8439 6047
5219 2007
8143 2530
3193 2597
1266 731
6402 8616
2304 3453
5709 2638
7825 8850
1625 7545
895 7491
8603 1087
3578 8753
8685 7800
6387 3856
6073 1908
4193 1942
7570 7331
7439 6001
395 5930
5995 1166
4701 6549
8713 5699
7430 5327
2959 1701
197 1339
3878 6627
5231 3359
8463 1977
8445 3012
4155 1262
1692 6871
546 9911
7995 699
9550 9921
656 4421
9709 6987
1412 958
2578 5433
7602 133
4483 7811
7132 4427
7133 8131
6550 8260
9020 2827
1465 2220
5380 5277
6017 2048
331 657
2000 2641
7596 882
6809 4949
5829 5041
405 3686
3529 1729
6561 3888
7840 7833
238 8455
5378 501
4848 8927
6000 981
6752 1730
8587 4301
282 4110
715 7252
3456 2580
3465 2789
3557 9130
6485 80
290 9450
7537 5242
8420 9569
3571 6393
1628 6065
8103 2985
2702 255
6251 4233
3362 261
178 7775
5399 3969
8338 6448
4539 4933
1813 8361
3476 5605
3580 5177
2010 5900
4791 3652
3098 1447
6190 8737
8789 408
5243 8349
2142 5124
2062 983
9936 9590
712 337
7014 3466
832 8821
4417 8978
9441 2222
7158 789
506 9979
7213 1867
6716 7359
4003 1394
8960 4019
345 6844
8767 1043
530 4399
9431 5021
2585 3683
8765 133
6217 3880
550 7076
7779 9357
3804 2756
4284 122
5999 1222
9180 8311
7185 4588
2847 979
6345 8943
8824 4014
5713 970
1818 7022
7224 6909
4093 6846
3105 7083
6703 4987
8418 1084
8176 9926
3286 940
2228 9716
4012 3722
3541 4641
5125 5130
895 3000
9673 7027
2162 8157
6051 7106
9380 1299
3201 5301
252 742
9029 5041
9576 6755
2502 9117
4712 5675
7248 5365
8672 4964
1008 23
762 9143
9593 5641
7234 7555
3697 9089
3832 1289
8228 1100
4770 6798
5664 4472
5895 6956
2104 5673
5333 5760
7842 9160
5755 5566
1113 2223
3920 1849
8091 9854
3706 923
8123 3593
9000 2019
9904 2168
2937 3426
3989 2422
83 7469
9175 19
4669 7582
2010 5010
1028 2627
4020 3867
4058 9790
5808 5658
354 9267
4029 6830
3798 7181
9293 3451
3777 2457
2598 4265
1958 7320
8980 6770
6791 9570
8677 5128
9454 7854
4171 4828
9607 5387
3182 2616
9988 8619
7752 6615
2920 3922
7047 7607
301 4923
8318 1086
1518 4067
6868 4690
6653 7228
6435 4128
2478 4156
2586 1878
2890 8155
972 3992
2702 265
5871 6255
8345 3653
6382 9621
929 6503
6824 1338
607 3863
7374 8546
1182 2403
3129 5077
2944 605
4321 9390
4345 491
7527 6205
3810 3206
9548 9493
4055 8715
4040 2478
4633 9309
6340 1940
7694 9200
8800 6598
236 9408
8158 152
9089 904
5140 5073
3886 4652
9919 1854
5079 1839
8907 4573
3637 9405
1019 579
5524 7491
4887 6439
9509 6546
745 9220
8461 6832
4223 6459
4564 486
109 5454
4135 7987
4488 5319
8247 8615
123 3055
5592 2073
1158 7223
6947 2050
2954 2418
692 9536
5294 4041
6748 1748
4685 9462
5920 3060
6934 2889
6984 6809
8587 3622
6081 1282
5570 6037
940 6480
5687 6481
3677 9480
3608 6554
9548 8324
2871 835
4583 3138
4124 4644
334 915
5425 5737
4582 4701
7956 7073
2871 1626
3960 8368
8670 871
1492 8317
4892 8262
6482 469
8292 876
3249 4614
2897 2100
4132 1317
1950 5226
4401 6984
5308 1968
5971 3613
111 8428
9225 1137
6193 4840
9188 6602
6894 8033
3437 9950
3303 9241
6061 5401
191 8470
2562 5467
3873 8912
2352 5160
2039 2470
2062 2230
3588 5802
9141 8674
5404 1744
9205 4763
2183 6131
3024 5302
3041 5057
9325 6904
3501 7962
4806 4943
4365 7940
9642 9930
1820 5978
5020 8428
4404 3288
3986 2253
5032 3633
5511 2649
2556 2474
5609 5647
1319 5292
9691 4979
2520 6885
4772 7196
3566 4440
7423 7751
1007 4312
9625 962
1906 3425
3239 2738
5461 7664
1277 6941
8855 5685
119 193
5631 7768
7828 2635
2739 7442
7158 5377
658 5583
2051 3257
9899 2963
1975 8095
83 4258
2960 6451
7236 2645
321 6856
5608 8956
5487 2823
9746 1735
6167 6586
4453 9612
7142 2369
8699 3973
7007 2816
5359 6382
4105 463
3795 8875
5374 1833
4891 6256
5710 1293
1872 2839
4698 2848
4367 942
329 4089
2887 246
3942 8340
8111 6741
6271 32
3309 1205
5768 7441
8000 51
6694 5774
2998 240
2261 5620
5767 2148
8563 1601
4905 5942
4386 5546
1337 3621
6618 5733
1352 5890
9316 5440
2747 4531
3424 3896
4923 5058
7408 4115
371 6572
6363 2295
85 2931
5003 8880
8053 9373
559 8318
9212 4722
7930 4052
470 2337
9458 6683
4693 1580
8290 9453
5804 8199
952 490
596 6797
6215 4374
4682 4347
535 5945
7199 5459
464 9981
8423 7483
499 3812
4251 8427
5025 1824
807 8259
8257 4889
2764 2002
5134 955
3871 2496
4775 4981
3144 2501
8286 8442
9492 4335
4169 2916
7892 897
8068 5724
748 8798
4093 1635
292 5986
3879 7005
8682 8377
4248 9313
3439 8566
7418 4218
517 4846
7933 4009
9591 6170
2996 8608
1938 2025
9652 2376
8132 7995
952 9852
2500 1079
4367 2636
4793 8582
8652 1515
4721 3477
22 3474
7436 8391
1382 2523
8943 1441
4283 6950
5314 2509
73 2135
8466 6791
1509 8038
6992 6275
3419 6141
9343 8133
89 5070
9530 2935
2705 9291
5180 7815
7931 4092
5030 8806
8784 493
7164 4106
4832 2444
2840 236
8717 6575
2406 3931
4734 9165
3686 3832
3501 3328
7806 2936
2457 9817
5957 9637
4213 6908
9001 5101
9575 2847
6074 2193
586 9472
9261 9704
3228 12
2937 1561
5697 7209
7597 4884
6318 1277
3448 3994
2942 1636
3728 4929
369 3406
7964 8353
9880 7982
314 4905
7355 7916
8266 8938
6707 1396
3040 1531
7456 293
5926 5140
3971 7043
4552 8803
1093 7078
9366 3178
9391 889
949 7006
256 3035
2286 5306
6443 6705
8926 9354
373 3074
3733 881
2347 3594
4487 131
5258 8760
4990 3883
8981 6863
4677 3126
3459 3449
7934 4919
5647 9663
8462 1521
630 3442
6060 7600
3228 822
8965 7168
9063 145
59 5508
1043 5953
5201 9777
5756 8723
9313 272
8151 5980
4086 4799
3689 3396
5394 4289
3022 774
1481 8953
7124 4418
7988 1443
8045 9820
2448 3436
9089 4506
9772 7061
793 8745
302 4051
1157 4984
5567 8130
1015 9115
5322 494
7846 2697
5409 1032
92 8735
1496 6567
2217 1404
4328 4772
8877 6755
7661 7597
7425 3548
4697 4723
4479 562
4591 2828
3446 3798
4904 1281
4199 1387
1490 81
9962 2856
1659 7164
6138 9641
4698 1194
5909 910
4311 2578
6589 8971
4462 6947
5769 1430
4145 1886
6468 5661
643 4953
6557 6989
9373 5246
8662 3260
92 26
2966 4591
3169 5598
9415 2740
6432 370
8344 2122
818 1773
6011 900
4627 6718
8568 5739
1364 6438
1337 9257
1674 4443
6108 1454
8573 3383
8628 2606
5194 7863
8505 9232
4274 3869
1475 8897
4009 5903
9858 2511
6375 6965
5609 415
10 9470
8159 4328
6402 7260
7037 1958
5220 9219
1794 8887
8424 4622
7426 7153
7947 4043
498 6042
5662 9322
8622 1311
7317 6673
9380 9662
6488 5819
6743 5611
5301 9140
1068 3375
6652 1887
9616 8660
2450 6688
6624 4922
9263 8563
9887 4614
4368 6739
2324 4510
3365 5203
6697 7790
2772 2393
2893 2501
4612 286
9347 8649
1907 6047
5793 3647
8465 6975
258 3044
3779 4691
7220 7335
4544 6948
923 6924
1863 6065
6124 2282
4568 1178
3139 8190
3734 2038
6781 6934
3387 8254
6799 6535
1188 207
4461 5496
9633 9148
1811 8133
5831 6218
5984 236
7757 2899
2326 8563
882 9219
5052 6704
1941 3566
8188 3375
6684 5096
8805 6225
9566 3371
4378 1111
1513 5589
8224 8027
4316 4183
356 3047
910 3671
4147 7195
1494 783
9393 3291
672 7612
5763 7551
9678 7119
2036 3106
6965 1423
132 6308
2844 3782
132 7464
8177 9168
2107 8902
3571 1295
2084 5658
9416 3369
7102 1475
4025 1768
6315 1461
4130 5721
1521 7144
3811 734
4588 9014
6673 8364
4250 6881
8597 8094
7069 5194
9740 1472
7357 1419
6149 4420
9923 879
8982 4880
6879 6500
312 3502
8788 64
3606 4492
9366 4377
8994 1610
8483 1195
7488 7566
9319 4086
1353 1747
2182 1918
282 1237
6886 857
8562 5495
5346 693
8999 9917
8328 9007
1506 2322
3404 2796
558 2436
4643 7732
941 867
5305 1522
499 5285
6875 9398
4217 1173
6286 7955
5403 3599
2438 6481
7019 3222
9392 9404
4012 5247
9768 9427
4263 7603
7107 8170
633 5457
4039 9640
275 5769
5134 3002
8585 7506
1159 6270
8772 6165
7573 1257
7680 3055
2670 8242
4862 7107
765 6292
6931 4646
1296 4448
3271 2977
6618 8824
920 435
8018 8901
1940 141
7027 6947
7394 7331
3290 3680
7130 4097
8539 3520
8120 356
5901 460
3357 4941
8937 9598
9950 9554
2495 6518
659 861
4448 2136
665 2283
677 7260
465 4061
7815 1597
5071 2762
3077 9627
555 2796
2577 6393
7347 9214
3011 2527
5943 5
3812 6521
5404 980
8116 5654
6282 9830
7062 9321
478 2072
783 6364
1049 3835
2922 9880
6686 4679
8678 9039
3880 3443
2326 2930
9602 4318
4848 5883
7613 9705
9839 8101
1053 6571
8578 7390
7996 5708
9738 1532
7302 6970
8975 1557
9660 9047
7132 9061
9041 216
7823 4108
6624 5416
4714 622
4084 691
8437 4369
589 9867
9257 5490
2370 6759
5558 1152
1082 8319
7342 240
7474 6289
4408 5399
1050 4751
4526 6403
9480 431
7631 6323
3155 5769
7742 1562
6729 7709
1345 5776
3481 4122
3970 577
6282 4488
8242 1644
4387 6303
6849 1636
3104 9070
3927 5859
7172 3605
7023 6050
9009 4011
5670 4979
6849 1673
4656 3383
2865 7724
8628 3976
6369 7319
3195 9905
261 8319
5476 1200
2263 3533
3315 875
9138 6112
798 9080
6200 824
6383 19
2126 812
6581 5484
9643 5797
5938 7062
9036 2177
7694 3530
5155 7281
403 9666
2499 8154
2079 3566
86 4664
6773 3282
71 6295
9356 9398
360 1384
558 9749
3102 1986
8202 5374
6944 8398
7459 230
6939 1626
7984 6356
4161 1511
6170 2548
933 3004
912 6149
1264 2704
5862 6123
8144 5027
7857 8525
4868 3014
4669 2568
5889 5486
5031 5402
5744 1701
5364 8536
6797 5593
9432 5576
937 8636
7072 1976
7114 9090
5097 6453
9862 38
5190 9861
3115 7525
6973 2942
9466 1441
8219 6412
4663 9759
6028 5599
8539 2057
403 9578
3410 222
8040 5366
5550 4749
6165 2812
738 1469
9465 1423
9959 9032
5237 6208
5514 7180
5297 1928
7452 1561
2776 2321
2577 1365
1527 7661
2450 3019
5154 9342
8507 3591
6816 140
5197 7100
2650 7683
189 4078
9728 6498
9571 3672
5876 812
668 2312
1804 1771
4025 6398
2084 6632
1822 6849
1498 532
8868 4617
8833 8483
8743 2230
2238 3804
3832 1592
2670 3290
1580 9124
9406 8158
5739 6182
4577 5018
690 3497
2782 5623
3761 7121
6576 2608
7998 3905
1348 5029
7537 949
2030 4249
4086 3258
6068 3989
6974 5025
4161 9667
8845 7488
9476 8435
9469 6160
6094 1465
5850 4992
5576 2925
7957 1536
1115 2041
1057 3895
3045 431
9353 8174
2779 3441
1000 9875
8897 6247
4783 9447
5060 4492
9330 8976
6305 3745
1579 6184
9787 8473
3526 4300
9241 9323
3508 2557
7413 4500
8648 3747
462 3890
5517 1509
3959 5898
5229 3042
38 3890
7755 9851
8453 408
8011 102
149 809
5253 9389
8134 2891
9653 9181
5648 2372
2622 8232
1166 7088
1746 6355
2478 8463
3787 7176
6706 9956
3974 9605
8801 775
9715 4828
9110 8868
5702 9537
1008 2330
5065 5279
7121 9245
7464 8803
5872 8005
6643 6783
4007 5149
7087 4201
8229 4468
3654 2745
860 319
7922 9166
6966 2682
6951 8850
245 3649
9603 9316
6777 6031
363 4305
8733 7823
2054 8751
9731 4804
687 8571
7472 7508
7587 3667
1547 5079
9526 492
9841 2013
7630 8812
3652 8805
6326 8496
5607 1895
1421 3048
2500 4107
3060 9814
9750 7744
468 4851
3311 7910
9494 9290
371 8740
3096 6091
5019 467
9183 4073
6292 7952
9311 3005
3533 3326
9717 2129
3245 5954
6942 3685
7050 6485
7133 2381
7906 2966
7785 4576
214 1701
2204 9163
554 7577
5925 2141
8311 9131
3383 393
4778 5113
1672 7414
690 4356
3683 8306
1701 1378
9270 1483
8187 8285
9317 7893
1650 2337
949 7447
1769 7346
8066 7421
8933 3460
2873 1767
2638 8945
2894 8425
4051 199
424 7865
1506 2087
7232 1237
6945 7079
4694 6426
9768 5425
7836 813
788 4466
8120 1622
518 3436
2070 1968
8210 7940
6036 8251
7121 820
2197 314
7279 7770
9839 3158
7181 5864
1213 6056
2304 5842
925 6131
6944 4275
8402 1096
9210 680
1043 5055
9135 8499
5915 3653
9091 4841
9207 8824
9278 2197
9147 2685
5790 19
1549 2075
7700 1461
9992 46
1986 6274
3547 2292
7347 1282
3944 3811
8643 5827
245 8465
787 6471
4814 2123
8983 7012
7745 9455
5607 4834
3696 7521
2849 1921
179 9818
7765 9712
115 2308
9448 2071
256 8255
2018 4158
2684 2352
3600 4947
5038 493
9314 7897
8017 402
2046 7491
8274 1070
2011 6045
6277 2183
2871 4740
176 8578
34 5480
7582 2732
1409 5377
9133 7428
5196 9687
2401 7710
7503 2777
687 4657
4141 8455
962 9482
1752 9592
7562 1703
1611 6421
7800 1981
6768 9356
4212 1875
7066 8510
215 6084
2077 289
7425 8065
8945 4046
3044 1085
3906 1316
6711 9567
915 4691
1652 4179
8294 9602
7274 3481
2677 6683
1099 9989
1613 2393
6991 5741
3134 8688
7056 6175
2636 6037
2300 5560
9777 8642
5638 4989
6616 5604
469 694
1348 3677
6132 4542
6887 3554
7232 9413
1643 8717
7053 2398
2285 8540
2754 4209
9900 2496
7944 3370
7727 8384
4974 1464
1852 7395
8088 5231
4498 9465
5276 9558
2320 851
6548 3546
4715 151
8094 713
7852 4509
4079 952
5936 4180
3339 5566
8694 781
6751 6967
9028 3007
5064 3409
9219 7362
3609 2770
158 4068
5929 6928
7255 4871
4274 2071
9699 2849
5076 2871
9481 6986
1759 7828
4086 9649
4973 1684
4219 4456
662 7076
7630 3587
3401 564
5157 4622
778 8358
3758 4388
7982 3139
7594 2008
1393 4774
4269 8816
7728 6799
1744 7540
7695 6673
5823 4804
8661 9076
3532 176
8715 8420
3626 4045
3889 2400
8002 3063
9209 8620
4193 9881
4954 9215
9512 7702
8094 6486
8923 2020
9396 3631
5843 972
6751 223
2412 3132
9092 8845
5623 5029
1696 9588
569 3324
3569 5829
1627 1005
8984 3058
4312 6691
4301 1300
738 2642
9098 5191
9036 6030
2207 5401
1697 8769
6477 3326
5116 9129
9963 2382
8574 3767
9269 8790
8668 5649
2775 5267
5806 7776
454 9690
3793 4323
3607 4963
1910 8011
4614 9273
3521 1245
4833 300
7514 3171
475 9135
6527 9355
8073 8826
9345 5590
7768 3032
786 7690
7157 8074
5149 785
7795 483
382 3736
3513 2539
8886 3697
7105 1676
3145 1393
4715 1544
15 3362
6328 3264
3190 6002
1567 7326
8414 499
507 3549
156 2137
5466 8475
2344 9471
3328 1374
8782 9090
4114 8684
2817 3588
1788 4097
8739 570
220 4317
5551 4575
1060 6963
6160 8783
3275 5084
1815 6013
5229 5314
7944 5181
1655 8053
7581 3002
1692 8729
9650 6306
4178 662
5895 869
1157 5655
5538 2777
4804 2812
7834 2089
751 6472
6141 5617
8223 5523
8267 2500
9358 8745
6840 9094
9082 25
4302 8051
7063 1590
856 5142
4890 9498
9609 3410
6638 2046
627 9693
6963 4676
5344 9840
5130 9085
6285 9320
9466 7187
2362 9432
8990 5920
3547 2469
4165 9797
6250 760
2129 9557
4802 5136
233 5047
1621 4653
7766 7239
7368 2726
3113 4197
3714 964
4532 3668
768 3333
1341 7389
7572 1466
4494 7466
5697 2057
9159 7547
8561 2155
9291 1716
9327 9487
8910 4525
4398 6630
9182 7969
7488 3141
23 1007
9551 3270
2269 1244
6695 407
4022 9839
4378 3657
1181 6836
5755 6466
1553 474
7299 5308
2819 9189
6592 7844
7756 6156
8209 523
9748 4012
5851 664
3308 8339
1415 9269
5605 7750
3985 4046
4951 3339
8731 2901
2011 3200
9336 208
177 4226
4145 8793
2139 9943
4051 4701
2112 9525
9407 6510
4602 6536
8985 1665
1016 6528
3434 7809
2205 896
4494 3210
1151 2064
6071 6734
3737 5916
5272 8292
4777 9684
6138 1764
8931 5450
954 1292
7004 9158
9081 62
5839 2757
299 3216
28 2406
1881 938
5652 8796
7231 603
6398 2415
3246 5093
7894 4267
363 8317
9640 4318
3662 7324
1561 7470
6980 1120
5839 5762
8526 2795
3812 9236
8416 4995
8903 5317
355 193
7514 5289
8371 8370
5653 7847
817 265
4210 362
834 1179
8639 1874
7966 385
7647 5444
3122 4730
8521 5942
398 5062
2743 9028
7464 8428
8793 1038
744 7589
8864 9431
5450 3070
2419 5368
5199 5354
8813 7723
6092 8942
8908 2048
4201 2596
3028 4027
5778 3400
9690 676
7930 6062
6970 4501
9796 1610
7442 7168
1176 4806
8772 9687
9892 4560
3640 3010
888 105
5799 4268
1049 3319
7057 4422
9983 9043
6280 675
2182 3212
7587 8202
577 5811
3372 6728
6354 829
994 4027
4084 2900
8456 8200
4898 1846
9844 5589
4700 1716
7425 3392
3465 6820
1965 102
2800 3520
4924 6364
8749 3237
6131 3114
3459 6693
4574 7676
6468 5141
1690 2415
3131 6144
6059 2762
4402 5954
4152 4658
6044 5613
4378 4164
1356 4840
5521 5183
8380 971
127 1751
6152 8068
6554 660
6448 1957
4158 4833
9657 6611
3529 1853
397 9657
3838 8045
5094 5843
4659 2328
3783 1331
7922 4922
6723 9296
4523 6369
4788 8642
1521 7283
6405 3895
6041 8326
9481 7217
6270 871
3330 230
4496 852
3802 5071
4368 9122
7454 6889
1749 3847
1453 3207
1882 9904
6829 6333
1773 1261
5719 9943
3970 8224
8806 3552
2671 1986
7676 4843
7517 7390
3022 158
7565 4964
547 9154
3600 1015
6216 7397
9998 6080
3919 8503
9153 1257
27 7728
759 5938
5477 9449
7059 6703
9659 6590
4939 6583
7499 6291
7740 3335
8685 8780
4482 3454
8934 4291
1329 5118
4870 4597
4079 4753
4939 6005
7959 1026
6427 8248
967 6672
6399 5064
9778 3038
8690 6914
144 598
2374 8903
5753 9841
2559 8142
1550 6208
9190 1361
6880 2455
2407 411
5734 5580
3379 7169
8284 9580
6479 6598
6991 807
2947 4996
6961 7039
3693 5402
43 2477
4315 2633
4102 6716
7284 9206
8225 1820
5872 9596
9647 848
1643 1015
3254 3313
2454 5625
1584 2264
4838 120
8637 584
9059 6334
1744 210
1082 7464
9326 5166
3260 1192
6226 7497
2765 4852
3644 6337
6070 3204
1885 7579
5923 4727
7564 8078
5317 2831
1076 309
1568 8000
212 2577
3535 4933
7053 8053
3164 1115
6472 1256
5240 4420
8846 6791
825 7830
6221 5584
8102 1002
1450 9047
7517 4861
4361 2869
334 8322
6631 676
5806 8045
7073 1476
149 2825
9514 2362
7536 708
6601 8524
8415 8558
9736 4326
792 5742
2278 3719
3410 8908
6038 3492
8427 3352
1470 4965
4035 3954
5017 419
1503 8191
7270 2689
6903 1035
9638 2496
7960 9777
385 3400
1858 8789
3298 4662
6122 5675
4503 4824
8586 9677
3826 1955
9261 9912
2122 6174
4019 3807
7547 9556
3027 8647
8706 230
7268 5690
2545 7335
562 5940
6961 1294
4480 1497
9323 4135
7744 9373
4142 9330
5708 2858
5597 787
1329 3966
6846 2848
7247 394
5131 3606
1258 868
2469 2805
3164 6038
3788 4879
6945 7052
3448 541
2809 1466
5412 1594
1017 8916
5613 7478
8074 1509
6823 6852
2073 744
4392 8620
1925 9218
3963 9498
4661 2230
2079 3757
5727 367
5110 2361
2210 9674
4422 6181
781 6089
9051 2846
7941 6929
403 8882
5491 1676
7680 9190
8852 1144
426 17
8039 6279
6443 8462
6675 1277
2977 9262
8894 5701
6303 6052
39 7612
4332 9367
7885 6964
1426 6579
9445 1651
9968 936
2760 1745
6425 4538
2530 4382
2051 8207
5381 7145
7065 2676
8996 1626
1978 2265
8488 5417
7655 6320
2398 2996
8664 7154
8999 3630
2552 8618
6439 7242
3221 631
3143 2932
5553 4591
1348 7224
2644 7495
8061 9929
4375 4027
6328 1244
6138 3709
1405 3866
5647 1821
2922 8145
7644 6182
9229 6180
5710 4401
8813 7815
993 8928
1922 9907
7272 2965
1608 6984
4555 9991
2225 3094
9060 5284
1920 5859
9857 7626
1118 1896
6422 2716
8728 3076
2744 6035
7999 1495
4786 7626
9783 8616
2500 786
3448 8272
8783 8860
6192 973
2522 6593
5456 5376
6528 3533
8858 7759
6512 8912
9642 1140
4652 4956
8714 6059
8410 8122
7067 6328
2966 5493
9011 4207
5822 3916
1658 5770
2948 3428
2764 1575
8464 1061
4858 6359
3996 9112
5944 3329
2374 9439
5248 4204
8577 4093
8846 7960
2564 730
4835 3190
7049 2560
5683 2651
239 9281
5286 1330
8649 3358
3002 4551
1053 8481
2479 5660
2294 3716
9178 1111
7507 4536
5331 3874
3109 9904
8743 8027
4357 9059
5750 2849
6875 781
3158 8381
5576 7214
6174 6998
6925 2713
6988 3244
2994 3079
3840 2494
2512 1682
142 2244
839 4858
128 950
9673 4867
2034 8386
7293 3173
5924 5818
6189 8283
9436 1988
2024 9077
1025 1400
7345 1734
4113 2742
1214 1734
6828 8557
154 8304
5542 7781
9907 1717
8345 6358
4124 4792
49 5727
8668 2433
302 9488
5790 570
4709 9088
9295 9653
175 5927
7188 1443
217 2149
6913 4158
3379 7546
7250 6336
4961 7163
310 890
6637 9588
2847 8190
8994 5488
1683 9718
1043 5939
414 1931
786 3185
9614 7646
2009 5668
165 7234
5477 5961
7579 7711
3189 7155
6202 1921
4656 8455
1616 5608
4476 3039
352 1142
472 9928
9825 4324
7731 3043
2749 5484
370 519
5716 3840
7582 9213
823 562
4723 8435
4925 3706
995 2298
8417 7380
6209 8232
4177 4351
8711 9847
2065 9311
736 6436
1606 299
5294 6929
5532 7503
7621 2739
1217 5708
3230 3556
1847 3315
117 8962
2406 1902
3996 2606
9175 4519
7414 5519
5914 911
524 4781
7521 3161
7916 7846
7315 5612
4676 6539
1434 6036
3708 596
293 3745
937 8424
4727 6566
3963 534
4150 4699
9360 8800
4189 716
9214 1626
4058 377
1805 5391
6608 6228
3770 6476
6246 8149
2310 628
8471 4889
9733 4394
9473 4527
1936 7466
7414 2170
1459 8448
9709 3474
4383 1887
3969 1490
5065 7403
4705 2507
5305 3775
5663 8400
2733 4393
7313 728
7347 9673
99 4080
7506 325
4147 7110
6276 4591
2495 591
8332 6626
9898 5546
8981 2474
4552 9745
6271 7655
7697 764
2701 9390
7778 1018
5940 3413
8636 4427
943 4024
4418 6646
7165 3719
2959 1732
833 8613
3262 4867
2561 3658
2928 6068
4617 1362
4298 2572
5573 7629
2196 3719
5882 3693
1035 4129
4861 3306
6335 1691
6714 8753
8598 4412
9071 4065
7111 301
2814 8141
6480 5756
1775 8861
2049 1706
747 492
4767 29
1618 8027
5378 6575
7446 4669
9591 8909
2190 8953
8286 88
132 7868
8188 6967
5575 1364
171 8628
1370 7894
2550 6938
7043 8280
3502 6462
669 7783
9207 8611
3126 1891
3643 5956
5634 7550
6550 9134
7526 8193
8184 8210
5485 3607
5894 8312
9303 3744
9274 4711
7461 2688
4974 9694
1374 9821
9573 7599
1134 1428
3635 4750
82 7780
6687 5750
7612 3313
2200 8724
2949 8563
7549 1242
9382 2484
1300 4285
8174 614
324 952
7120 411
9146 8967
3169 3947
3448 8573
5294 1009
705 6062
3076 6718
3951 9365
9014 277
6622 6096
2571 6429
7086 2047
5086 8755
8724 584
3020 4261
7977 1318
8329 9191
6762 6021
9883 6002
1158 3768
6301 5504
5572 772
5470 9682
5562 6690
8576 8842
2807 1617
7097 2481
6010 8129
7397 6786
7176 9033
5218 1021
8554 1169
5298 6549
5212 2137
9261 8595
7584 4993
8428 1104
7401 8063
8335 2703
1952 3276
8936 7745
3395 5799
4814 1854
3345 192
9627 7731
975 4430
2622 6462
1718 2474
282 3780
3282 3762
9701 3580
2132 903
7482 642
7057 1775
5672 7269
3266 1299
7840 648
5746 994
4314 1173
8659 7149
1777 9381
7881 1433
7811 5401
3725 2096
754 5317
5195 8720
5589 4943
7076 1114
2695 9156
1373 2964
3607 6868
8494 5992
1047 2577
373 8051
5422 3092
8992 7335
5830 1000
4390 9609
9614 8509
8767 9763
5896 7894
3831 211
1532 955
6431 8538
6788 3272
7532 175
1070 4572
5222 4618
6813 4411
5131 1049
5496 8797
9225 1950
4954 1389
5815 3582
4816 8202
7693 611
9102 6345
231 4300
8843 8753
1526 8424
2784 6701
7551 3150
5148 3742
9642 9465
4163 9399
9252 5908
1642 9231
3149 5394
8717 3218
3675 4536
8266 3697
4150 673
3315 4589
3497 3033
6304 8464
4519 499
763 7236
8260 7604
482 9721
3256 1893
9592 8804
3568 5060
5604 234
2541 1747
7072 1705
5570 24
1115 6960
5802 6492
3480 8514
3087 7276
1613 7704
5956 9147
4213 1115
1933 9966
9278 3981
4722 8366
3788 6849
4864 6538
484 3167
1815 5986
4722 2002
349 4973
8051 9065
3241 5956
8556 5017
5929 2325
1249 4025
8605 6033
8606 900
3897 4653
1586 1835
4999 1333
5423 6033
4019 181
8284 4973
5565 7022
9219 1163
1562 5911
2611 4443
3444 4473
6063 5617
3653 2962
8476 5427
2512 611
5927 3422
8120 6450
9437 290
871 1113
4290 2417
9465 181
8715 1716
4734 7768
3619 7910
5531 8791
6778 3511
4953 4252
2817 5162
4773 789
3567 2727
5823 9715
6815 2170
811 1756
7568 2066
8291 1050
5044 867
4322 3402
7617 6276
2890 2158
9267 2098
5551 1515
1512 5659
8171 4716
6978 1460
2664 797
1289 1092
6489 704
9094 1798
4049 364
8201 5787
1625 553
9989 5942
1839 6421
2878 9790
9634 2034
1074 9551
2583 2917
1405 8153
2487 3625
1011 4864
7406 10
9626 3418
5614 6779
1197 2084
1354 432
6154 1294
9915 3956
5589 5466
3503 2709
3427 225
8420 8707
8352 910
498 3477
3785 2432
3950 5267
2307 8364
7736 6685
2434 2346
6398 9538
6163 1539
1238 5994
9346 7081
6728 4717
6804 4991
5378 8138
9983 9021
3139 3825
5565 8973
8688 8393
7917 9025
2193 5131
418 5371
5141 9956
6338 3554
8602 6791
2568 7252
7318 2137
3442 7806
2433 6484
5443 7766
4264 6708
7346 7442
5468 2349
5914 3294
4977 3651
7000 9450
4783 3200
4624 7146
5461 4257
1993 1780
4881 3689
6284 5861
5289 1630
9736 8717
2085 2791
225 2542
8146 3860
6029 5985
1920 3622
7718 3937
6133 4450
9595 3117
1241 6642
2190 5130
9128 8212
8455 4175
6387 6281
5279 6712
7583 6935
8630 1460
7636 4680
9807 7783
2959 6841
8526 9433
2224 9548
8737 4644
3933 6982
5748 6153
7869 6417
1131 7900
8926 1819
3308 5700
3632 7590
3442 6412
2168 9606
5292 1941
3470 8150
7499 1698
6079 7811
1831 5818
3323 607
8155 4649
1448 3439
8629 3519
2125 590
8391 5711
7592 9480
6153 3666
953 6351
7364 6914
9828 5866
3352 5551
8259 1041
439 173
8162 4306
8504 9092
3345 4223
2597 6095
3078 62
7469 6158
1272 9640
5411 116
5093 9546
7180 7753
8365 7767
1989 1224
1412 1219
9516 5346
4884 3530
3170 2682
2377 9415
5055 8568
8003 3005
4398 8342
4007 738
5884 6805
751 4703
8765 1785
1989 3073
8568 6665
9484 1771
2310 1552
3975 7186
8438 1263
3728 6159
2012 5560
6307 2033
270 9348
9744 1576
1462 6543
4780 9563
6515 8455
8848 9043
1911 3600
1769 4270
1754 3218
9814 5597
8022 4153
9166 3398
2137 9861
87 7698
4246 8776
976 1312
4564 9691
7864 7441
3853 8712
964 2362
2784 465
9597 6901
9936 2184
5888 7952
3379 5109
5932 5900
5284 2244
5927 351
9090 3316
778 6754
6735 5241
6480 9012
4497 1370
4763 3686
5748 1267
9247 5661
4965 4421
613 5156
4745 4145
2410 8039
6020 9265
8301 584
9939 9455
6516 2253
7123 8172
3511 8480
3703 5610
9044 6030
8933 8162
8282 9929
4378 5488
2334 4342
7010 9490
2009 2928
6640 5548
2183 6419
9292 9302
4729 721
3008 9564
3188 7537
3787 1021
7200 9227
9070 1582
4027 7933
4289 900
2083 1977
7871 957
8895 9908
9557 9416
8487 5865
1063 8888
2695 8692
7564 9397
545 6904
733 5546
2535 9754
9434 7704
5605 9683
245 6562
5733 753
5924 1695
8056 8502
5891 9404
6756 2088
7648 7431
6305 9616
7278 9109
1051 6603
8306 7356
2243 4876
2969 5338
4126 2344
9168 2188
7300 3496
106 7160
6306 2122
2078 7300
2169 6737
6855 9676
1165 1377
2338 9920
3942 4035
147 371
2098 8167
256 4909
1793 5741
3700 5930
1400 2155
5438 6378
1823 1562
3983 9199
7507 4281
9264 945
8820 4873
5946 5437
9000 6655
5339 6130
3046 6853
9864 4723
6748 8440
9813 4488
7786 1259
5855 5580
5365 8211
1811 5936
1461 3434
6452 9239
6279 9229
184 536
4491 8366
6044 5504
8855 4130
4764 4333
9042 6611
684 5011
6922 2127
82 7163
2783 3847
6488 9711
3541 4625
4287 1392
5430 7479
4967 960
6206 2454
7704 2296
8493 1216
9597 7379
8153 2074
7284 6209
3481 7743
4495 629
2987 4283
8965 4216
4654 9376
6385 3460
4681 5236
9186 9161
5667 4641
3514 2283
1912 2084
4464 3746
2090 8927
5422 8632
5470 4696
2291 8751
7851 1415
5553 9849
3103 9340
7056 2846
9545 6838
4634 4009
5872 8205
6973 5819
394 2873
1708 6279
9526 5784
9486 3524
9331 6204
8205 95
6758 5163
905 5318
8408 8254
5091 3853
3014 7026
98 6989
4783 7962
2369 7648
6650 2362
7503 1511
9165 5150
4973 1604
6135 2945
1908 3744
151 4198
8637 2694
3554 5507
1142 6550
9105 8289
308 9283
8976 7933
5083 821
1473 9914
8472 2456
9015 9965
2968 2235
7979 4496
7806 4275
3819 3823
8321 5141
4502 2174
523 2895
4273 3504
3467 2287
693 8481
3620 4906
4942 9502
4268 2599
5469 4600
3518 1090
1080 1493
2536 8746
2645 2767
5486 5218
2578 6643
5909 2355
7840 9410
4921 5545
4499 7635
5223 8498
8708 4383
6195 7203
3887 1668
9556 4978
3413 5603
6099 8412
4155 8883
6448 529
586 1803
6717 8179
7933 4523
9456 2651
6806 196
4469 9652
4984 7003
1802 3326
7102 2426
4690 5884
3747 463
9571 9478
2281 9036
9272 3672
2162 9029
47 3265
3450 8373
8267 997
3371 6297
5475 1804
9894 2131
3282 4801
7409 8136
5861 6243
9684 7747
4064 6439
555 9968
729 2820
4135 3809
4091 4949
3245 3181
8613 1403
5621 3772
649 2761
6684 4572
8221 2758
114 2415
925 8094
4045 4555
2471 6193
421 6008
3277 5715
5654 3270
8295 1578
9537 1860
6542 52
6250 5226
3762 2718
7019 5296
245 3133
704 7301
9966 7929
8026 4329
3464 4685
2540 4978
9104 6489
7121 3979
7642 5760
6772 1905
4828 8586
9654 2677
9521 4419
4075 8604
5383 2698
5869 9330
6818 5379
6744 5506
7607 5638
7692 1552
7793 190
6719 287
4064 3962
6136 91
2565 1215
9717 2305
2360 7668
2022 8338
5778 9364
3695 8164
1747 3104
3322 1776
4093 7115
4467 4645
454 1116
4794 804
5835 4671
3172 3954
72 5828
4875 201
4336 9583
3065 8535
4587 1046
6673 4845
1059 3302
4983 8081
9334 7759
7378 5804
6375 9475
3889 2813
2989 7483
371 2165
6515 9842
1597 3641
3974 9720
1721 6067
7066 3152
4913 5569
8710 2530
2488 6837
9251 3706
5953 9203
7488 775
4886 1830
8657 8349
9778 139
6908 4243
55 7475
298 5814
9850 5910
396 4788
3346 6987
9460 3362
4524 5089
2391 7543
4186 9930
3314 558
9487 2842
6834 3912
5780 1116
5754 9688
9959 1117
1361 1301
3015 1247
7329 9195
3641 7896
8682 6826
6982 496
1564 3510
5914 6503
4209 581
5655 7388
5905 6500
9856 2631
1675 5795
2046 2192
1523 1476
7599 9477
4686 7392
4930 8328
9031 5314
9116 975
9582 7529
8486 7875
9732 6938
9404 2001
401 1261
6351 3356
9950 1403
6532 1241
4299 5702
8116 4913
4682 3857
522 1250
3346 8228
5640 6367
7277 1081
3842 8075
6058 6994
9408 9890
3820 1840
5985 8609
6728 8573
1683 5929
6923 6260
796 4336
8818 2179
5972 8303
8097 5344
2504 805
7517 3233
6505 7874
9313 4338
9691 93
5021 3987
1335 6847
7634 8312
537 9382
8007 6759
8418 8835
8967 6461
3527 4764
5777 1482
2784 4827
6439 5040
9530 7468
8895 4824
150 995
1157 2877
1895 6660
2007 6350
9112 9529
8776 1312
5460 6192
6109 6906
9740 6618
611 8184
7813 4173
7287 3561
4983 4227
3772 2977
7375 9081
5369 9159
8573 8113
4904 1656
4423 6416
2825 5938
2148 7697
3181 8474
9762 4784
4827 7367
7329 5295
8670 6612
9670 9012
5636 834
9353 8553
6945 9715
3607 587
954 5201
2288 8332
4363 3269
5994 8098
2097 3264
9324 1765
3297 5301
4516 9796
6463 9741
2434 1921
3480 3330
699 4512
5641 8436
7718 8364
7589 6039
9282 2627
658 5795
1055 2885
7276 5763
4976 1304
385 1030
2655 7863
4452 7617
3657 5950
8395 3820
9102 4512
4961 1360
9682 3474
4276 351
527 1597
3000 9804
4817 9535
4930 9519
7544 2699
2781 2898
3450 2500
5625 9926
8766 3766
2807 223
1777 990
7550 804
8437 332
4313 2368
8446 6776
1863 276
1747 4043
6986 450
2675 5985
1640 8579
589 8734
8173 2851
2710 7350
55 6272
7879 498
8841 6718
8509 7474
425 7621
7832 2358
8129 7713
9836 4148
2865 5106
5346 9622
6763 3050
9400 3416
3702 993
1213 8654
8189 2852
4694 2172
93 1938
6860 9580
8602 2398
7484 6732
1674 9296
7317 2781
408 708
1645 8245
5379 9801
3101 3758
636 2626
9728 6613
556 4105
7272 8876
1547 5959
4585 4888
5770 174
3660 7363
634 5775
8478 6667
3811 6820
8334 2369
7438 5719
4514 3724
1051 9577
6547 9155
6844 972
1372 2102
8312 2633
9711 886
6121 1676
1344 4089
2702 8018
6792 9255
8122 1810
1699 4287
6259 4609
1090 1059
6084 5900
1194 4791
1131 9426
7428 7862
908 632
3403 9645
636 499
8897 9454
7862 4561
2826 6799
1178 1249
5518 5208
2633 5126
5419 217
2538 3432
6770 9025
889 6002
614 8648
4546 53
7280 1174
3322 9236
9885 4649
9607 4502
2814 356
3443 3176
38 5754
637 1192
1808 7783
9975 2091
5463 6407
9817 9143
7948 701
8925 7482
7044 4734
1073 7969
8199 3667
4136 5954
354 5915
2089 2275
5510 6086
1966 4272
1495 3003
7751 409
6157 3939
7797 7601
726 3835
1279 1248
994 1462
9536 3394
4118 8777
7302 3542
8474 4238
9237 1985
1083 161
2690 2776
4809 1766
9305 2361
8762 1873
2440 9043
2982 844
9217 2521
6408 9477
5068 8562
6675 493
3842 4524
8395 3594
5139 7509
4072 8870
1729 8849
3863 1325
5203 3399
9480 4835
6483 2084
5217 6716
8592 4070
5017 1666
6557 7009
2558 8115
3904 3662
6304 2417
7652 6103
7075 5920
4215 8685
5825 1578
7901 7730
9382 2574
8043 4703
2018 9421
4493 5407
5563 9261
4624 2482
5128 4294
2088 3963
3991 6679
7596 2291
7800 1025
1461 6020
2719 5099
7331 7166
2214 9565
3944 7413
9176 2981
9290 3521
9112 661
6805 5820
7640 5186
3575 8984
9698 151
3171 7975
1475 1136
143 4321
538 3152
7189 1361
7390 3227
6565 3448
1749 4236
9266 3689
9054 5009
7729 7371
2200 2682
6285 7083
520 9053
4006 7879
6055 1109
6844 4371
8066 2638
5049 4056
1241 2459
9893 2480
1088 4465
5311 8876
3120 7337
3563 1038
4663 5713
5390 7775
8020 1900
7348 6138
4892 7293
843 1535
5912 8496
9253 6609
6181 9746
2874 4520
626 2964
7124 4608
1221 2524
6465 3064
8855 3555
5204 7764
2531 7800
7987 9852
843 9115
1867 9771
7859 3363
5944 3264
1380 8729
5262 8640
1274 1019
5811 914
8695 4138
434 8482
4078 1148
3289 2110
7576 362
4699 2860
5426 7939
4672 3410
509 3976
9376 2717
125 3070
4940 3147
9707 8879
3109 5472
1443 3097
3010 4837
8215 7325
2383 6612
5338 305
1481 5422
1909 7167
4386 2181
2261 7604
3427 9794
8267 3873
1157 3584
9403 8318
9495 5055
4477 5058
6540 6018
8992 5932
3194 657
6546 3725
7963 4664
3065 8491
4287 4934
7965 2256
2649 2943
2427 233
2494 7739
8660 7144
4553 7076
347 1971
314 1996
7579 5234
1650 7621
1439 2436
7080 887
1640 7531
4663 5085
8843 6027
6670 3752
1024 7151
9998 7659
8612 6213
4080 3821
4456 6621
4957 7834
63 8413
3507 5618
6692 1872
55 9129
2370 3346
9917 853
5818 9382
4082 8004
3408 7008
5331 1811
5230 1852
3 2615
3232 1573
3689 5944
5527 462
5743 3921
1638 2269
964 5026
4760 75
1067 9678
8584 9125
2234 3597
5607 4270
300 1147
5401 1067
4320 9703
264 2101
7591 3381
9552 6155
1609 61
4785 5373
9793 7497
3329 3202
2989 3371
519 5427
6559 325
6673 7597
2302 7327
4671 5907
7654 6084
4933 8346
9860 6437
8285 3228
9226 8212
6163 3318
1361 7003
6983 4393
6098 6771
8015 540
2700 3341
7490 3704
9826 5885
8366 763
8970 4169
1666 5894
6062 238
4277 5263
5455 7660
813 560
2381 1717
7625 3302
7184 6658
9992 7618
2835 9950
1072 3531
4515 1544
5784 267
6052 6774
6621 2798
7852 8749
7697 7622
8742 1834
9191 7097
2081 6172
5449 1585
6847 3223
7122 2347
6358 434
1780 1945
4322 3770
6244 4016
225 6221
8889 3339
9221 2256
3200 5558
9510 2714
3435 643
7310 5494
797 2089
7947 6053
1344 3615
4144 7242
7455 5702
3364 7132
284 237
3217 4263
8075 1610
6102 9659
3221 4152
6294 5995
6871 5859
5415 9984
8272 2878
5924 9428
870 4621
9148 2551
4914 3691
7408 1918
3199 9238
792 8703
1919 5598
4559 4005
7270 7929
9827 7058
6205 2866
3110 4664
9408 4677
672 7151
8704 3845
5530 8659
8626 5735
6532 3171
2543 6324
4656 4019
6914 9163
7092 9979
8957 3724
4924 7141
6596 8878
7383 7811
2256 2154
4981 3542
6029 9773
5311 712
5404 6394
6159 3076
1394 854
3587 6008
9719 1978
7791 5818
6648 8293
7256 2736
5958 9528
9241 4390
4677 1095
5074 1036
3198 5615
6852 3974
2829 6330
5878 2106
1139 6348
5555 6549
2661 7098
666 9559
4363 2190
8637 5442
4498 5957
2274 8895
2059 8336
565 8696
9673 934
804 5855
7719 4945
9089 7830
3616 4749
8276 5557
1125 7548
8183 4264
8747 4212
6040 1246
7258 543
2490 3803
9183 970
2868 3398
7210 8822
9648 8412
9089 2587
6157 4027
620 1536
5422 1800
3095 9892
1017 6042
4819 9688
3513 6588
1540 6931
6557 559
8804 8509
1894 2725
8735 1876
8045 4535
5221 3306
3834 4881
4860 7828
2606 3249
5996 6541
9610 3115
1760 3793
6278 7303
3371 7458
6987 8658
6449 2999
2953 201
3850 6392
274 4385
7042 3635
525 1058
1260 218
6308 583
4330 3123
7046 4735
9127 7814
5062 9983
5469 1203
234 3278
3775 2777
3357 2168
3969 3728
9885 6444
9722 3952
1725 7598
3657 8872
3892 1093
2269 6632
9373 3662
5388 6711
3221 1719
8221 6798
4817 3765
2590 4650
4165 8623
9486 9150
5709 8368
3524 8015
2008 5385
1414 3974
2008 3948
9315 3826
6323 2450
5754 5523
117 7622
8864 4720
4588 6696
6127 258
4618 940
1329 6679
3527 9640
1945 8688
93 4537
6058 5539
4058 8734
206 6617
1793 5372
5792 6833
505 4136
1090 6203
6044 10000
4968 4270
826 2147
6171 2516
9044 884
872 6200
5201 6523
7886 1534
4988 836
1316 1388
243 6365
272 5881
7306 7644
8960 5829
2166 7704
6181 1249
2051 9803
196 5186
1455 7990
1795 3874
4764 8333
2434 4431
1218 8247
1343 795
8730 7103
2384 9866
1028 9222
4142 6071
8914 6958
1524 5135
2075 7600
4948 9300
9625 9367
7346 6139
7947 7379
7335 750
9876 3912
4367 5260
3386 1244
8843 8100
1608 9372
9536 941
3660 5415
9623 7905
1833 8321
5067 734
8038 1650
3102 1508
6046 7813
2644 3993
3215 6906
5525 3480
9227 708
5328 4461
4233 2059
403 7675
8884 4858
7268 9798
2939 3218
6027 4505
2640 6278
8405 7810
9673 5389
1891 6705
4194 4452
8121 3405
5145 8425
9327 734
3425 2065
4851 5012
3600 690
3190 4255
3520 6634
8890 4436
9121 870
8442 8943
5974 4588
5762 4859
2740 1522
5059 2508
7366 4212
8929 5957
3195 7842
9764 1698
1270 4559
9002 1792
6413 7235
8371 7216
7356 1802
8772 8792
7535 451
9029 3249
2459 1186
3731 5498
5749 6223
8863 1923
505 6373
2812 1315
6293 3619
917 8259
3131 8270
9957 2753
3651 1773
5261 4526
8774 3532
1313 5280
6132 2906
5419 7937
7935 395
9367 8446
8174 7590
2325 6392
3307 7079
3467 7783
7493 2799
7824 9826
3055 5535
7794 1944
6959 1089
2689 5034
7328 1999
9202 430
4656 8986
3564 5662
6835 3860
8830 6295
2094 9702
3559 7467
2492 4379
1533 7567
4381 5235
7095 9229
2338 4385
5683 6019
1570 5918
5249 5059
3769 9476
1109 6113
2515 3139
7417 9464
2837 9071
6104 9621
3045 5327
4677 3306
365 1600
6946 1613
940 2417
5561 5046
228 2213
4183 564
8957 7060
8796 8857
417 1049
3132 5658
6670 6405
5361 2720
5143 8203
6022 6345
2835 2626
3293 8391
1613 9078
8795 8160
2770 3096
3767 3228
1062 1193
670 9387
8607 6611
5522 6220
6248 9248
9782 5847
8896 3089
6180 2436
7849 3976
4263 9442
2729 9278
9841 5361
9244 3422
4614 5624
496 8264
7551 9248
1943 4031
1833 7254
9529 9963
7379 8557
3295 8344
3875 4154
633 469
4594 8198
5353 6982
8155 6768
7830 9251
7632 9384
9418 6327
2501 5685
6276 9697
9299 9232
4391 9318
9510 6823
3977 9117
8928 9259
2197 8241
836 5954
8298 7427
4891 5942
5033 6182
2835 6947
8586 5905
6170 877
3528 2289
7063 3528
3632 8628
4866 4622
8983 4110
6631 6845
4033 8952
8104 662
7850 316
4472 7503
4801 9771
6640 4386
552 9127
9517 6428
2534 9513
7936 1295
7301 5052
9181 8704
7396 6000
6781 5257
997 4616
6764 8488
5808 8972
7803 8527
8415 6648
2015 3074
9808 1227
7184 8220
6502 8633
4315 426
3688 8138
2289 8478
5633 8504
3798 7597
6318 6597
6914 7890
115 5731
4323 8617
1751 4378
5225 7860
7395 533
1849 8554
4166 7493
8507 7283
2596 2925
892 2093
5186 9812
1373 7930
828 3046
2433 6112
8752 8563
7331 7319
5056 5311
2430 7391
3860 5456
5411 2871
6198 2259
791 7431
4276 7944
5186 903
7681 1681
1249 8389
772 5095
9492 116
9255 1829
6449 7751
2905 3275
6927 1578
8605 5676
8444 1626
361 336
2680 3783
8600 7523
4183 3641
5224 4772
259 5544
3069 1143
7896 931
332 9204
1383 1658
1793 1797
2067 1508
681 6012
3030 1386
1385 1307
9469 8106
757 7817
3976 405
5929 5716
7020 5057
6196 8554
1760 1895
1352 4670
787 2614
9564 7738
9780 6110
1402 5383
5321 7702
993 6566
6761 8376
3155 8810
5250 1503
7032 5468
6451 5071
2154 8806
8563 5998
7719 4057
1065 8931
5459 1831
785 9470
1123 73
4269 6816
2530 2970
8226 8926
6240 1593
3479 4754
7614 7260
4825 6666
9027 8472
8026 9111
9258 1577
4493 4576
1586 2641
8428 3788
4172 7281
3811 7899
1521 8433
2850 2494
4714 2366
9342 8235
5654 9238
9152 1722
2263 5230
3268 5242
7621 2653
60 7229
4281 4654
4699 1079
1827 6242
7899 1571
8550 1531
4535 5390
7190 4579
5873 7466
8657 6067
2429 9629
2563 6252
8308 6783
4352 5137
1667 9535
7054 2315
4729 7679
7896 52
1164 9027
4588 7004
2213 1895
7902 6392
6239 1046
1059 3517
3052 9987
7607 7545
1152 9412
1575 9051
1428 6273
3000 8598
9188 2842
7102 7922
7762 5359
7158 7131
4209 5525
1020 2000
4154 9864
2917 2821
410 4755
6791 4770
3298 1225
412 5057
6294 4720
1971 4147
111 977
3695 5276
9337 4330
1670 5219
7093 4892
3091 2787
5848 6572
6436 3213
3674 9830
5356 244
9497 4005
6370 5967
8675 9981
2801 8698
7983 5218
3366 4677
885 5902
6037 68
3873 5903
2133 2717
3396 1766
4991 3437
963 7753
8946 2851
9446 2657
4194 6740
7386 685
85 5957
928 9854
389 8868
9180 473
1440 2784
2614 2040
8299 3244
7756 6489
1531 80
4446 7229
9290 3112
8705 10
2328 5427
6733 2938
5144 9109
2639 5002
8910 6453
1464 7420
1784 1616
2155 1317
8946 6084
4563 5519
4160 5270
5707 9928
7160 4701
7636 2082
1893 1444
6834 3665
6757 3964
1311 1568
6172 1799
7383 716
4415 3166
1579 9303
842 1245
4622 2695
7195 402
8875 5524
580 6593
6684 669
925 9778
9540 7300
1983 9409
3751 8573
4842 910
2397 1299
880 8907
5795 484
5960 8065
5769 448
4972 1947
1956 5629
4411 4248
3550 4342
536 4301
9297 2247
5368 6769
8480 9651
9704 8720
2607 7663
8118 4553
3270 1140
163 6016
1681 752
1335 2604
2818 6245
989 458
6366 9
274 568
12 7077
6650 4411
5946 8758
1132 4730
1607 3343
5425 352
1786 2037
6504 5950
3034 6417
4437 6326
2563 9474
9838 9521
4039 8024
6445 4522
3627 9866
2033 3697
9526 561
2908 3722
6261 2715
9110 9883
2938 1641
3304 9937
4648 1729
4483 4059
2729 2172
7015 6062
4920 5529
6636 3807
3911 5817
2844 3868
3019 6081
6950 9844
3387 1659
653 6234
644 7237
839 5558
8472 9136
6159 4611
58 6562
1284 4226
8787 6261
8664 9734
1697 8918
4945 823
4723 774
2603 3055
2638 797
7827 3567
5115 690
5774 3035
4598 6324
7744 746
3616 1396
3574 231
7999 3992
5789 1075
4457 5386
1064 3456
9244 679
77 6503
7273 9377
9065 755
9924 4781
1576 4804
6886 6438
4365 6622
4747 8696
7248 1047
7301 1893
1275 1932
7751 1652
3133 9900
4570 8269
6439 3771
4491 3966
5601 3249
5323 2665
8134 1737
286 5828
8467 4482
7085 839
9580 4513
4196 9218
760 6637
9188 8756
5936 3298
7634 9589
9124 2751
7142 1613
8645 2264
8701 6570
9740 6004
7448 3342
5394 1072
4875 7807
1590 2954
4382 2182
2490 6070
1856 3504
3494 8397
8735 7296
1524 793
7152 8699
9362 7307
7966 9818
7187 5669
6883 2636
9582 7008
6816 1313
1838 4280
3467 624
1024 4874
1420 9458
6968 8733
2991 3988
2524 4598
5429 7385
9959 6226
594 9494
1832 9520
6448 1029
5952 1764
2155 5778
7016 7494
6212 9489
2968 7985
798 5414
3089 2436
3956 4395
6037 9380
401 1758
9769 88
9814 9280
9578 3676
2503 87
9317 1487
1214 2588
2829 5365
1703 6126
424 5445
7907 6014
2163 3755
8981 1729
3514 568
4215 9009
5057 1437
7174 9996
8910 1268
18 8355
2203 6231
8224 2317
1673 487
2520 2001
9048 9270
8918 7183
1232 6573
9533 2168
8076 7607
4191 9825
1354 6740
3350 7413
5852 7383
639 5072
7369 5352
138 1556
5724 4995
5371 6680
5732 728
2764 852
9011 2505
5369 3046
6224 9982
4034 6832
1845 5412
4268 2935
7217 4746
7152 1014
1974 4995
3035 1801
9212 8662
8989 2466
8269 6993
9882 24
4535 7042
6828 7187
2525 5917
5982 4945
1558 2457
5890 3220
4172 8274
8589 6770
351 5096
2774 3636
8720 5311
4986 8391
4518 1902
859 9838
6924 3408
2140 4877
7313 1957
3719 5168
1734 4946
8103 2306
3700 2829
7726 7223
2340 8274
464 8338
7492 2401
2598 8527
1305 1645
9613 9611
8839 7822
292 6390
9419 8640
2113 3944
4178 2578
3197 3466
7215 3000
4995 3544
8761 2154
3925 5670
4618 6211
3559 9320
2993 5010
2674 5192
6961 8572
8371 7603
9504 4424
4233 2812
7769 9585
8154 3976
1994 8408
5742 401
5495 2384
4963 6132
3077 6128
4744 1234
3056 4853
722 9122
4069 5981
1369 5374
5624 8988
5516 945
3680 9179
7689 8384
3814 1492
1254 7774
8186 7608
43 2389
7246 4377
3701 2292
3464 720
7941 9436
1732 7272
6271 6306
7104 3057
9228 8193
3983 8686
4264 8229
4327 2407
5300 1664
1859 7720
5781 7288
8433 6912
2227 7127
4484 1043
9163 7002
4179 473
2158 7219
7577 444
2736 8872
515 2670
7417 3633
8133 2417
647 3533
1573 2813
1898 638
2350 7549
7463 1000
2175 9730
3830 8870
842 366
2084 1317
4821 8523
8498 6263
9916 418
9284 3586
2877 9588
1714 1407
2682 9749
6106 4667
8219 4427
1724 921
2601 9395
413 6381
9684 9357
3781 4370
5326 6107
657 4870
622 5126
977 7449
1631 3257
3403 7282
1134 5444
6150 8681
5103 4282
864 7502
328 9107
137 9729
4180 1531
4102 4776
5617 8897
7262 1628
6706 7465
4624 3499
3903 9611
6972 3000
5664 9473
4533 711
7590 1149
7734 8210
7746 17
2937 4278
7276 9492
4929 8502
285 612
5170 7463
5221 6175
7219 2771
1270 9400
6915 5302
4166 728
5297 7508
9073 5723
2019 865
4646 6703
5184 583
4949 6968
8198 1924
5671 3999
3365 985
1078 4110
6897 4380
5232 885
5044 1639
920 1561
4969 2646
8421 6272
6851 3933
2450 2678
2340 9616
6460 3690
726 138
6615 4753
950 4886
7690 2419
3571 2665
7870 2153
6772 374
3666 2677
6063 7720
3018 5834
5283 5068
252 7104
2095 7540
1473 8274
9144 981
2554 2575
6999 8073
3769 6940
1881 8783
9395 6384
285 5158
9733 7302
7641 7381
9852 3919
9622 1206
7083 6829
2767 8374
2633 6057
3526 7079
2080 2143
7440 9679
8576 6477
3139 3159
2057 1047
607 6428
229 3542
3474 7312
4667 1876
8594 2250
3741 1745
6680 1458
6843 8274
6719 5846
2622 8780
9705 5689
1118 8509
6538 4014
5660 7748
2395 6017
4281 3092
3288 5310
845 3909
1603 4952
7729 9155
6991 9364
4917 381
7093 2811
9851 455
2674 3212
7610 7288
887 407
4844 4221
2424 723
3008 9764
1534 3928
5977 2530
3205 8710
1196 8158
9886 1501
2022 4547
894 1379
8068 546
6222 4993
1626 3182
1145 4934
6973 7662
8016 6098
7352 4814
6169 204
3131 4926
1916 7901
6119 513
9669 7683
995 7280
9989 5215
5418 8341
6305 3959
843 1008
6465 5093
5480 7734
9826 998
9079 2284
6245 3947
6020 3280
1086 6859
3277 5585
837 2943
4005 4626
3928 7669
17 8795
2407 2735
7118 5064
4391 4529
8041 8632
6352 9109
4149 1807
2527 9082
6377 9108
2357 6545
1215 6484
4069 2751
3175 7501
7962 9119
4338 6276
6799 6749
4471 2400
4741 2571
5553 348
7985 9120
2238 3225
8378 5475
4418 3001
2239 4245
6786 6933
8928 1989
6826 601
4432 2073
9383 8547
1050 6619
2958 4263
9497 6234
51 1949
222 3893
1219 609
6301 4164
8443 83
9792 8175
6798 5717
8675 3460
9810 7168
9366 7669
7459 47
4351 5016
4559 609
2581 2293
8761 4955
8102 2524
1879 4532
1057 7900
2884 3256
1917 4333
6558 2214
8449 5063
1433 6498
8969 9577
9754 2963
8216 7299
9436 6230
2928 3644
7295 1881
5835 9500
9220 8897
2022 4771
2658 5092
2433 4641
1716 336
3792 1052
8665 3346
1645 3325
3523 6368
5123 5090
6216 3344
7492 4222
6724 9918
8181 6245
1333 8282
1725 7713
3998 5096
6361 9791
3733 5582
2411 4082
8228 5977
6086 6063
8987 1576
164 864
1724 9631
8048 9010
9278 7670
1100 3222
4156 3848
6445 6515
1251 7301
4778 3490
5255 4336
3968 6273
878 2737
2209 5393
8227 99
3120 7160
7589 5543
2838 5728
5541 9264
5201 2870
5196 6853
6656 1212
4626 8259
6856 5271
4200 1928
3442 1505
3503 1897
9482 5032
6127 5021
5906 1197
9425 1199
2333 9143
8661 9104
3092 4878
7965 4946
356 1184
2864 7918
7790 9519
8616 2495
9878 512
5252 1045
7893 61
4871 6884
9975 180
3207 5730
2670 8023
6383 124
925 6090
4141 5681
2637 1240
2821 6917
651 1567
1884 400
7672 5167
2141 1149
8488 5822
6216 5051
2692 8375
7294 2047
2040 5526
9014 6352
9381 6286
3388 5898
1168 9139
8012 1100
241 7536
8267 5562
3589 8755
1119 155
7053 5532
4290 8699
5261 5106
1603 7387
2094 5437
8116 4252
9788 6893
2125 4072
3592 3361
4200 6201
3223 849
5139 48
1025 3958
849 2207
8067 9004
1961 8815
7181 5110
8357 5467
9717 2522
9813 1059
9395 7873
8586 9787
9971 8857
4987 5193
4598 8931
2035 5930
6304 9541
5072 8973
4635 2184
134 2854
8323 8923
202 1309
5481 1710
2024 7837
9265 8520
2942 1301
291 914
5054 5962
4941 650
5744 3795
7695 4465
8701 76
2798 7517
5301 3140
2977 3288
7146 1326
9511 6527
2883 116
3808 595
5322 5775
4031 3627
5198 6896
4319 5649
5826 5275
2538 4720
6188 3319
1379 2541
6663 1535
3534 4923
1329 5699
2643 2597
5726 88
8606 6632
7523 3924
8658 1958
2748 2995
5857 8052
4006 9669
3670 7900
533 8845
6427 8780
6464 6931
3299 326
4736 4163
9137 8974
4981 5741
3663 5775
9105 5379
9897 2550
250 7501
7039 5397
5772 2376
9142 5010
5909 5187
8088 1349
