10000 6666
2119 1186
9312 2928
7315 2375
9893 6747
979 423
4303 6944
8971 3611
1201 1022
7803 6890
2048 2306
7636 814
4776 1226
9646 3405
9612 2814
6639 1826
1186 5386
6608 4875
7383 3998
2830 9146
4073 1935
3130 9462
1803 7413
7066 3975
9956 1899
6118 1517
6464 5267
6795 2809
397 1231
7068 9441
2192 937
2620 3745
5870 6796
4165 2213
3667 7720
2324 9232
3150 4994
4954 3865
8051 2337
4573 5736
7000 8578
2149 9437
5768 8614
9711 6794
1075 6047
5805 4692
6476 2134
6389 5558
2458 9336
5902 6589
5639 1236
1958 3629
8180 8831
8323 5344
428 6912
7804 8164
7256 6429
7784 5659
2031 1633
8425 7721
5876 8725
4000 4006
474 6657
3062 8846
6571 483
6500 4370
756 1471
3418 7878
9222 1866
1820 5857
8519 430
6112 4639
5295 9514
7649 8018
7883 1391
8015 6893
5390 1556
1021 8
7499 5042
8098 1647
3916 5880
9433 867
5534 2888
7344 4359
6883 9352
5228 7140
9358 4691
7012 2805
5402 6998
4978 7228
1428 6371
4694 8475
8684 1249
6258 1068
8409 2409
1790 3034
3458 6331
853 2294
1109 3415
1895 3810
7331 469
7110 4921
7858 2557
6649 2165
714 5231
1707 7992
6873 3597
1676 9604
9279 4972
9503 35
1202 8519
2523 5503
6651 700
2971 9499
1352 108
7470 9240
7528 8255
3335 3425
3154 6414
9037 2032
7710 2344
828 934
9818 1549
1459 3223
9830 182
2277 635
2328 6363
3160 9071
9834 7307
9512 3474
5671 744
7077 6984
3233 2872
3312 7323
6718 693
5282 7236
3238 2638
3206 8470
9367 7460
2282 5156
8657 7246
5266 9574
2651 773
7148 1145
4030 8635
4066 5690
6463 9519
3314 1895
2374 4307
3704 4499
3123 675
6392 2249
8465 8497
5458 7084
865 3508
5560 5156
5529 5974
3283 7005
643 2932
1916 3223
7594 5410
931 3735
5360 2452
8588 8405
9771 4086
2381 9436
1955 6134
6770 5566
4454 9652
4601 1517
7365 1656
9270 8355
7588 4924
4336 7019
3533 6398
6482 7765
3230 7808
8955 4438
1462 9576
2975 4342
4172 3056
4195 2192
7848 9719
1412 9109
1224 8910
1409 6873
6589 1995
605 8821
4843 1385
9230 7171
6333 2823
5777 2037
8259 191
3152 1162
1481 5752
6633 9888
4985 45
4866 4182
975 5470
6471 333
9417 2111
2377 988
5627 6953
2703 429
8940 9398
1920 7709
5386 8671
3852 6802
143 554
1324 2686
7907 4567
7312 7029
4607 276
3234 9162
8641 2019
258 6608
1978 1019
2626 6047
5838 8406
9707 291
1463 7954
1542 701
1379 6945
580 2640
7682 8504
2951 5909
5704 995
9222 8903
3553 4752
6317 904
3176 1679
6378 5659
4942 121
1474 3911
2698 2166
6490 9706
659 3989
9774 6788
7512 7240
4893 1448
424 3413
3434 142
8970 3270
6045 9460
5943 8938
4352 6632
3035 9106
3891 6656
8887 7317
7161 2370
2338 1260
4633 828
6915 2838
1037 6445
8041 4117
5878 6970
756 6944
278 2042
2345 3647
9636 5578
6065 1682
5884 7275
7434 219
9388 9375
3749 8910
3033 4623
4422 2360
3128 6552
2024 8710
1621 4905
5446 2105
2655 8262
2611 3113
826 8904
7123 9935
3756 2763
1040 9481
9184 7135
1110 1481
7046 6408
8678 2151
7345 7390
5959 9499
4327 1518
624 9075
9477 2934
4784 8339
9929 5901
5255 2624
3414 1065
6762 3684
9859 9606
2802 6222
1020 8742
1069 1183
8768 1772
1356 7901
3729 1840
8548 9651
7383 8286
4973 1023
4845 582
5190 2196
2882 574
3663 5942
4442 6987
2477 5344
5931 1916
8361 5585
9456 1839
385 1210
6745 6394
9974 9826
4857 275
2221 194
2631 3352
94 1322
2910 1561
6200 4762
9692 857
3851 3642
5383 4816
5308 5490
6115 459
1444 4466
5117 3707
3154 6508
5844 8018
5316 5221
7018 5625
2610 5096
7415 8525
7524 2690
3302 5437
1062 9895
7703 6606
1163 3868
7899 487
5575 9515
8283 1669
8260 1682
6770 8632
878 5172
4734 2564
231 5862
5331 6466
4980 7843
8632 396
2445 5977
4695 7092
8545 8362
737 7198
8112 332
2008 5297
4863 2153
7764 8969
5256 2944
6575 8024
5767 402
2809 1809
5422 4469
8676 4940
9857 7173
7400 9077
5723 6478
1809 861
1176 1779
1148 2423
3801 379
6798 7868
5555 3070
4589 8136
96 2588
8148 9130
5292 390
3956 7896
3881 5219
3069 8873
2940 461
7225 1241
4893 8497
8594 7496
6027 3859
7623 5659
1558 5591
8123 1786
9507 9689
262 9488
3548 2694
9874 2799
8781 4929
559 2201
2264 7439
5855 1528
4034 3579
5483 5703
5732 4163
8012 8918
4794 9289
3490 522
1415 4562
8849 3306
2512 7562
7087 3875
8764 815
5880 9158
6251 3090
314 2869
1884 9273
6585 2153
4468 5568
6252 3551
206 1283
3518 3494
8694 181
3118 5298
5373 5564
7023 540
7224 2610
7593 5217
3777 1190
6134 4078
9108 2857
1254 9402
1635 1458
187 1901
9731 1530
798 6753
3773 4001
4712 1112
6046 6759
554 2645
9399 7091
2261 5569
7293 7232
3235 7336
6122 7819
3068 4666
9738 4278
98 1114
3391 120
7110 3346
1838 2107
6112 5933
9616 1389
3099 2716
8994 3887
3030 7490
2277 1433
1956 9080
222 9764
9565 6986
3639 6014
9707 7543
5101 8506
6286 4725
8368 477
9528 8106
1078 7922
3874 7156
4551 8855
8341 7507
4530 3182
3714 825
4567 925
2747 945
7644 6350
2583 1301
105 128
5650 2103
1787 996
1866 6137
9604 6993
211 6836
345 1424
7300 3829
3427 304
9480 5339
207 7571
3246 8891
6846 1344
3546 1004
950 2479
1938 5356
3550 5168
3441 7929
918 8868
8439 2568
5853 258
7430 6625
7497 8692
8663 8000
8227 9479
3300 3206
4968 2127
5291 8279
7113 5248
6241 4970
828 2086
8956 5724
728 7854
232 669
6909 2283
7796 193
1402 6002
2546 672
2709 3374
826 7734
4167 5852
199 1748
8013 1520
9592 2461
312 5839
8561 2586
7150 1203
7768 4231
7127 1674
56 3987
1072 919
9585 9316
443 8656
2438 6017
8893 3566
7661 2822
7631 8592
467 8563
8494 8504
9366 6957
668 8892
2121 4412
2892 6694
6915 491
8265 6645
1376 924
3440 8938
9214 7089
2241 4492
8210 7332
2626 6484
641 6256
860 9810
7511 8037
6748 7238
8355 4456
211 4647
4665 6928
5319 9184
5790 1515
8816 2958
6704 8999
7643 6387
8524 5721
2315 790
4726 8649
3827 9473
2852 8260
9277 6722
835 777
7702 5626
4209 1133
3727 897
2129 8183
3598 4160
2026 8660
8715 4725
4168 4356
8739 5315
3498 9307
1193 7023
6562 7073
6752 4340
9304 8786
2322 5760
1896 8543
9884 2357
3999 204
8703 1977
4577 5936
2097 3462
678 9048
6122 858
937 5987
7096 6648
6104 5239
1339 1110
9607 5931
265 3421
5581 9563
3691 9261
1732 1288
1454 8630
3213 3189
3748 2575
9290 2427
4432 4434
2355 3013
3326 4958
5698 9541
2216 2724
6902 7565
4354 8235
6964 8151
6767 6157
3921 2894
1417 8039
425 5811
5101 8909
6860 5961
60 1411
4603 3128
5036 7573
6143 7182
2629 4096
4723 3097
213 9239
629 766
3644 3135
2377 2454
353 2243
1526 9179
347 8800
4919 4368
4808 2730
9082 1014
7497 5910
5749 1032
6004 6286
7100 6592
4465 8784
8716 1583
2158 5135
3060 7929
3979 5984
9030 1526
3375 5983
2235 5635
5393 3000
8540 4463
4063 8622
425 6030
9643 135
550 218
1560 4045
4265 2301
114 5327
1646 7479
8915 174
1507 3902
4511 2336
6700 2457
3737 2625
2880 6869
5835 7981
9834 2112
9331 6375
3705 9713
3152 6566
7072 862
2537 8962
8215 1955
7990 3563
7416 8146
245 9475
690 7326
2982 831
1962 5135
5824 9241
5845 2305
938 7121
7712 6580
5874 8215
8104 6509
4250 2467
9234 3428
9973 2094
3188 5973
1967 774
1050 8623
9971 3182
9234 4391
2210 8731
9472 6662
2754 5880
2923 71
2973 9539
4526 3978
7518 2478
1224 84
4248 6479
9692 1981
4382 592
8914 6832
5996 4623
4612 2798
9869 5807
5890 1483
4610 934
6159 2784
1825 8141
3873 4231
740 179
8308 2195
7270 6330
4296 1877
4330 6520
7791 7367
1572 5928
3328 9510
1245 8759
4551 8720
8435 6759
2162 8458
4838 1775
3381 1036
4669 4184
4679 3458
8319 7954
2547 3501
2555 8589
1592 5744
5456 1057
1306 3301
4965 1590
8126 9349
6626 2716
786 6995
373 7749
371 3522
2095 8710
2404 8298
196 9690
6318 9959
5295 3214
5386 474
7675 1798
3033 86
7019 3959
557 6756
7171 6107
5341 3792
5452 416
8453 9673
7860 3641
9859 3077
6188 2155
4731 2410
1720 1281
3204 6054
9507 6089
7689 297
4760 2725
1882 3094
7754 555
4520 501
2077 8758
2396 5972
2106 546
9888 3297
3343 8051
6596 5154
9117 2207
5771 4253
8072 1135
6635 1824
5147 3731
1249 1162
7393 3131
6219 6848
5133 6638
9212 5977
9747 9719
8635 2339
3772 1747
6308 4108
3718 9508
2309 1097
530 9233
4946 5762
117 2516
1939 1204
871 5370
4897 9742
7 183
7916 1140
2020 9023
9543 5343
2645 4478
2074 1995
8659 1169
2304 4104
5770 8219
71 7850
1916 5937
1858 5609
8285 7550
8746 4034
8232 4080
6809 4819
5352 8137
3229 67
6816 2735
3579 2824
8420 1484
4618 5327
6318 542
6356 1447
3626 9880
1368 102
6201 7456
4187 5107
5234 8511
5794 4106
5933 2564
25 9291
9654 1777
3055 1868
5168 6636
5944 1410
9583 5680
3226 3948
909 3433
3104 1752
5926 1388
9322 6988
6347 3900
8379 5598
4275 5654
3530 9516
4550 1494
8193 9270
6480 6400
9137 8703
3844 1624
4588 6159
5814 1626
3434 7380
1216 9379
1237 6508
8862 2997
3228 4140
7426 4327
1108 1436
1808 8435
9138 3785
579 4407
1298 7362
8727 5380
8180 8572
4940 6338
9129 5710
1690 3594
8554 5765
5447 650
2034 3489
1938 3413
1327 5606
3116 3377
8421 6237
3130 8023
1786 1104
5413 7046
4987 4961
8921 8207
3238 2068
1161 6490
7806 4544
6761 4417
1531 7282
3747 7008
2055 6617
3107 6747
8385 8811
8555 1000
926 7551
5888 448
3635 5105
4330 595
1084 8018
5304 4865
8857 4613
7274 9025
3324 7827
2517 4318
796 2408
4419 8740
4180 2499
656 2392
6628 6122
3902 5918
5023 8564
7554 6640
3020 3645
6613 2558
5094 8181
4643 8792
6588 3841
5583 6918
8401 4009
4317 497
9101 5209
9079 6759
2138 6992
7625 842
2455 3267
1173 2706
1801 9627
6800 4967
1733 8035
5411 3159
1400 8507
5563 1478
5599 8648
8393 6249
8031 1761
4210 1290
798 6435
8544 2471
9976 991
5519 6355
411 695
6417 9252
1451 1636
9963 4419
703 3571
3349 4287
546 339
8558 906
8787 1768
5046 8778
7109 9260
2803 4074
2896 6633
8844 6438
30 159
1745 5107
8879 5572
5233 3636
7509 1936
1938 2662
9240 1805
3116 6885
5428 7597
9406 4020
358 8099
3640 3386
211 8616
8240 31
6865 7432
3549 899
5996 9059
6239 1848
9122 508
8949 9491
8487 9133
1221 6431
242 1825
6791 9977
5454 6297
3850 2837
3626 4632
1918 760
90 1863
9209 9836
8676 4706
9027 8895
3523 8616
4121 4900
8359 6175
3853 2672
9890 7725
9524 990
189 5824
9079 2588
5329 4456
7139 2780
8671 4791
2697 8692
8329 7480
1694 9006
9062 7781
7516 1721
2402 8448
3455 5830
7899 8859
1082 5883
5237 9311
4464 8051
1959 9241
4394 381
1980 8408
823 5465
9235 8577
3879 7630
8240 3467
5024 9479
9160 8868
8538 288
1961 1146
5394 3310
9280 722
9178 4741
7472 2036
1383 3535
5330 444
7202 3356
1423 1451
8440 1724
6552 7093
2602 6327
3279 7441
9230 2741
8267 2892
140 2247
5080 9798
6353 4892
709 3523
5391 572
5604 6859
7611 3649
9581 138
5518 2393
4907 1585
3861 7014
5629 3971
8834 142
4215 1289
7240 7403
5646 2927
642 811
3120 7636
7004 113
5002 6222
6665 2754
5759 9764
700 8953
7960 1922
3599 6484
9103 2632
9471 7061
4274 3771
1069 1507
8806 2259
1502 4838
6850 6843
7116 6590
8224 53
852 6524
1535 7827
4934 7542
9651 2847
4504 5784
6867 4324
9043 430
6907 5314
5812 1196
9320 78
8637 8022
5950 8495
1521 9528
453 1763
2603 510
9960 2440
2904 29
1941 1283
7528 9657
9503 1708
6145 9133
927 7248
8524 2406
6767 8958
6982 7384
2990 4923
5729 5271
6495 9118
8224 3407
7033 8836
6014 7870
3096 3357
9656 6948
1435 3965
5886 7658
8052 8364
6998 2552
5323 694
3721 4301
8539 764
9268 5482
4772 2338
3481 5815
9079 9423
7675 4941
7981 5360
757 7707
97 6884
6084 4258
2833 3377
9128 8185
1505 7502
168 8921
6903 9783
8219 6497
2064 6365
9455 9923
6874 7459
5829 4501
9944 9538
3475 7314
5090 3141
6337 6615
1010 7774
6781 7270
935 8655
2327 4902
8150 9858
9621 2192
4836 6930
3632 8964
6893 9136
5413 3970
4560 7983
3974 2114
7473 9959
9990 9452
9718 518
6513 3073
3067 3978
17 624
9694 680
666 769
8803 7193
7327 5102
2033 9223
7658 4357
2274 5589
8392 7880
439 7108
3771 204
7346 5551
7270 797
9179 960
3109 8073
6700 9848
9778 225
3973 6603
2929 2347
472 4113
3957 2194
5197 4999
8 372
864 2700
8135 5251
158 7236
3108 6597
7020 1545
3379 4532
8688 2837
8989 1823
2646 2808
9632 9159
1516 1784
5708 3475
2150 5948
5543 9516
6731 5345
6171 498
1750 4037
8499 309
7430 6079
5313 8492
4046 2357
1963 802
133 9043
6521 1460
5880 5243
617 6724
6387 4928
6700 8281
6396 8074
8710 9981
2008 9909
2641 1037
3428 6513
2346 7437
4509 3395
7939 2914
7512 2771
6272 3685
3915 7773
6698 6327
3858 7728
9791 9287
2507 7121
7775 222
1402 1433
4561 6932
2438 7555
8972 4871
1354 1007
7230 5403
1909 1922
9225 8021
6714 6820
3537 527
8769 5856
1055 504
5652 5863
6145 8705
1603 6093
71 2976
7632 5563
2888 2001
2116 7083
6315 1952
3544 7440
7406 3600
4589 7531
1539 9383
9397 5270
9742 4127
8519 846
7336 2599
8783 1937
5455 1216
603 3412
6756 1057
8351 2431
3835 3732
4194 4318
3054 2326
9151 3858
4971 7003
4197 766
8577 6263
6327 3484
567 8902
7773 6821
678 6325
1121 5756
3690 9574
6963 5716
6276 6704
8358 7509
6651 3757
5328 7883
7606 4379
5070 5335
9635 2476
7886 3308
1988 1589
5267 4643
7837 1650
4980 1416
2311 81
3725 4618
1776 7570
300 9007
3305 7598
6325 6237
3014 3469
5343 6226
1154 9966
7957 6238
4824 1107
4662 4148
1067 194
9926 2669
5663 1973
7771 1572
3101 2331
5120 7034
723 7749
4549 9540
3810 8410
4557 8408
9919 1059
2958 6452
8338 8127
9173 1367
4665 4304
8479 2358
3910 6589
3217 5400
3725 5534
9602 1819
5176 5171
1084 9005
3331 4254
3054 3459
4575 9668
5852 645
4963 7183
7821 5024
9126 3247
6828 3155
7159 244
2889 6690
6374 4310
2213 9334
6184 7934
2329 1883
1462 8426
9551 1585
3710 4524
903 1932
8097 8844
8596 7620
3491 4770
1581 5894
5775 6701
5692 2864
2224 3694
5682 857
8009 7293
3217 7303
8670 6819
6289 8407
6841 991
2204 7080
1622 3970
5249 9920
9559 9938
9652 5126
3808 570
6733 982
7212 5193
517 7585
3702 7263
9164 4426
8529 2403
2870 3721
3089 4191
649 6924
7088 2274
8368 3185
5594 3693
3643 1102
8993 5735
2205 6506
8585 3545
9661 1072
8765 7619
3413 1507
2985 3573
6470 2069
1389 6663
322 430
3456 3729
3025 7324
9675 787
3981 5197
2170 4383
7525 1574
2783 1914
77 3087
5135 5935
7245 1925
2818 491
7294 7575
4503 786
6240 1546
5982 7993
6119 917
5212 2778
8249 9941
6987 6739
7153 4378
9383 4823
6320 1081
3698 2875
6054 9464
8240 4682
7949 5204
6860 2978
9631 5998
1570 3605
1563 6826
3042 5721
5236 8943
7364 8344
7410 10
4878 9457
6831 2842
3903 965
2058 4453
1144 2139
9368 5890
4014 7996
2686 6573
6778 6455
6120 3655
9896 5230
5670 867
4891 4776
889 3370
104 941
2218 424
2982 9661
3668 6285
3892 6665
7877 5628
5715 4056
305 3087
7656 2100
6639 9265
7404 3930
9226 3778
4876 878
1089 407
104 5332
2663 2664
9720 9032
4499 4785
7266 6807
9426 561
5430 7844
6080 7933
4915 2244
8707 5918
4542 1506
7648 9919
1138 9004
9747 5952
4475 1252
7948 8550
1370 8671
9293 9784
1284 4138
4317 4435
9731 1440
5255 9912
5955 6645
4412 3305
3718 7438
6893 6111
6289 6391
6050 2775
1005 2764
5045 4512
9831 6832
119 4638
1456 25
8075 3387
5373 5505
310 6273
8184 3271
2198 2224
1453 540
8903 766
6318 2631
4703 9107
6240 609
4083 5321
5292 6618
656 5506
8094 7234
3715 7969
8697 1776
2993 4399
1522 4047
6400 8920
4529 8460
7788 8700
2931 4665
9011 9614
7418 1518
8713 7240
3307 3218
6069 2805
8223 1014
754 1110
1443 3787
5711 2734
9384 5174
2160 4710
7715 8435
8026 6970
3662 8991
8811 4169
3253 1533
7167 1881
1754 8978
2892 2208
3586 2362
1671 716
630 9008
2541 8685
6899 985
7804 8454
7242 7386
2374 8703
368 4254
6741 9637
9391 673
4561 7385
6276 5991
1244 6141
3167 6230
7463 3322
9286 2807
202 573
8402 3161
8928 4709
3392 2926
2136 615
8449 557
6357 1050
2954 9070
975 6156
9221 49
4416 7739
1439 5287
808 4908
920 6615
2746 7335
1750 1243
1901 1128
7922 6064
299 2704
808 2826
6821 2019
364 3005
8045 8440
5392 437
2874 444
3695 4879
616 4543
3910 5854
7381 2821
2389 7191
1733 7302
4242 9701
4224 5038
9206 2725
4831 9230
926 9211
9298 3881
2427 6444
1244 8136
1778 898
5061 2791
8573 5419
231 6533
7497 3018
9250 1272
7270 2149
1977 5991
2874 7413
6291 6206
3438 1545
3690 4621
1407 387
2495 4537
3086 6585
7028 2874
3089 7685
8080 4731
8960 1366
8687 8222
9864 573
1248 5861
5996 9345
3093 5210
2159 4555
2662 984
4795 2859
750 9567
1357 849
6749 356
8166 7300
1508 1230
8763 2239
7388 7403
7078 479
8815 9081
3332 2310
9245 2845
3765 2427
9385 7535
6543 8648
2874 588
4027 4715
2587 7667
5815 6325
7914 7865
2466 9406
2764 4629
6498 4303
9624 9332
945 3958
8920 902
9900 1510
9323 6783
6179 4052
7030 4087
7388 107
6894 1546
1009 1753
5295 1289
845 4336
1128 7736
6450 2742
701 78
2822 9909
6692 7704
9361 4348
1352 3525
1984 8908
2986 8811
1174 7675
5258 6721
6870 8324
530 3459
9066 918
7788 9170
3215 3889
7095 5201
2630 6092
118 9113
4853 7265
4688 6213
9172 1647
4145 6343
4529 6167
4664 3426
5404 9360
2135 2765
5003 8500
5687 2086
3143 2016
3681 6413
8542 1784
3061 3301
7071 2304
8231 7654
5665 4820
5741 862
8300 1009
7378 9755
5678 6202
3623 7906
839 3956
8381 6348
2157 1690
5579 3379
121 7561
8446 5930
3993 3045
5268 8226
2028 1667
6032 9334
2857 8445
1594 1920
4152 9857
7980 8625
6247 9842
9205 6301
6070 2629
7802 1564
4091 9158
7488 3403
2895 6097
5556 7017
4080 8105
8899 3722
3213 4660
2226 7704
4685 2252
4183 8317
5496 672
3709 6249
4396 9857
1221 2050
5417 8197
8208 6703
8070 5192
4645 6621
5066 5350
5985 8634
8835 6162
5746 5565
1299 115
6428 3164
5853 4513
3988 211
413 7484
1975 9508
8525 4854
6452 6226
1649 7700
5838 7509
2284 6512
4075 1289
3176 4554
3639 334
1955 3618
4226 3561
4492 2784
4510 8610
8842 4605
6242 5477
9445 6839
4281 4241
1755 5265
724 219
7997 3760
3236 9692
9999 1791
1249 1455
3403 1436
8822 3172
6495 1305
2098 320
8634 4796
9304 8443
2611 3327
6912 9088
7794 4368
500 48
9365 4882
3220 5119
2701 1147
2098 2678
2302 3956
3655 5407
722 1772
8732 8973
7671 4341
2514 337
6604 6005
9658 8630
2504 9655
3150 8182
6403 7288
6918 2658
6555 2586
2228 8670
7841 1156
7065 1650
4057 8287
1757 7850
9182 651
2091 3575
9147 1032
3810 5309
1315 9838
1621 5091
7274 9221
5308 581
2713 8077
577 1077
6510 152
2500 2966
6522 8395
4024 2960
9041 5889
8019 2095
1837 1255
914 2660
2140 6881
8082 8162
861 6532
3912 7618
2951 9242
6779 1280
7491 9617
5348 7035
3917 6908
2853 4297
5974 2928
1663 3296
4997 9401
4842 2158
113 4194
7777 6163
8377 6496
1155 6130
4156 7048
6468 3188
9153 1413
521 6148
4449 4339
7840 3443
7656 7718
1670 7670
4247 8884
9310 8803
4517 2087
5121 9736
3817 524
5225 5892
9426 4022
7588 6204
6543 11
6391 7927
6919 4710
57 6195
99 5092
9203 526
4143 567
6343 1197
2029 9366
9366 2952
2881 7803
1608 4636
6806 9523
6200 5448
2951 9746
8694 9904
6727 4876
2915 4685
3466 3501
2024 8779
473 5186
3007 5546
5890 9198
8440 2974
8470 4326
6022 63
74 6773
5536 6810
5142 8297
3408 5998
1561 7172
9207 6223
7987 6380
7607 9382
2009 6651
6279 3695
1460 7567
8739 7801
2626 4539
2794 6058
3476 4197
4510 2841
47 358
2487 1314
3387 5661
6689 8566
3479 7020
4729 5112
1394 4921
2099 4592
6676 7551
6087 4588
3283 6410
1616 2074
8702 9727
9916 7744
8454 1729
1791 5413
7536 1085
2879 6212
4724 5615
3113 1360
9137 4907
5467 7931
2903 1909
9720 5709
8107 5353
1943 500
86 2180
1316 14
3590 632
7838 2288
700 172
9367 4595
1037 2890
9384 5713
5810 368
2154 3068
7607 2015
3341 56
9199 3983
4501 1068
6270 3705
4136 6693
7742 5435
8065 6803
3707 7176
688 9179
1799 6662
9064 5555
8871 2702
7184 8152
7523 8303
7459 3387
1770 4763
3648 8288
9052 7352
5322 6814
2190 3664
4856 6658
394 6849
6822 6907
2556 4878
9251 4991
5574 4365
6433 437
2652 9399
3513 1225
1497 2492
1540 6220
3737 8348
6130 5809
4637 8158
3207 7537
842 1165
7209 5176
617 2693
612 7974
9657 2043
3110 8190
201 5699
8227 6010
1374 3975
8386 7445
7571 3607
5997 415
7508 3395
373 637
4578 9459
9197 359
1202 9312
2778 793
1038 9768
9113 5170
2770 7853
473 2551
5568 2103
3165 2737
2669 1950
8651 2443
9825 8880
751 8181
3787 4977
9641 4820
5195 8134
6586 8079
6630 9305
8668 2051
4422 8953
1911 1489
7991 8966
4444 3931
6123 4457
7182 202
6263 2234
5812 7371
8580 4968
4169 9133
159 8101
3228 6180
8345 3703
9792 6314
9031 8057
7325 1401
4691 7095
2813 2034
7977 1046
1008 3880
1531 393
6025 1126
1118 5165
3950 9701
7307 78
5355 7943
6767 8960
7936 1135
1803 1511
2079 9398
820 7567
9039 7432
3428 4405
9820 8037
7639 7307
5652 2432
6911 840
8651 6979
6689 8054
8280 8154
8470 7314
7734 9155
2363 6976
1972 3236
1217 5125
5301 1381
9805 1947
4801 6290
409 9376
7330 8634
8818 7159
1688 3939
984 1189
5062 3555
1441 5717
5570 8520
9157 5237
2201 4354
6819 9511
5288 8356
9195 7569
7012 6870
3923 8733
2787 1669
5475 8154
9553 8738
744 6025
2061 6687
9876 5616
697 4086
6076 1371
5197 8689
1321 3174
2260 9602
1304 6660
9613 5325
8826 3771
5819 4777
6196 5174
2518 228
3424 2897
9832 6300
5067 6353
2769 1110
3461 9258
276 4890
6740 5462
8695 5893
433 6181
4551 5813
7065 2919
8338 1873
7293 6212
1547 1807
5218 4757
3017 972
2722 3912
8552 6312
4762 5615
2550 1751
170 6513
647 8273
6536 5288
7762 3666
3645 3650
4178 1627
6758 993
1735 6671
7572 6475
7938 743
3277 8282
7724 7487
6825 2828
9983 9366
4213 8452
2859 8930
8131 4775
3491 4458
8120 5793
8478 8778
7165 6238
5718 6178
8175 4449
5964 1959
5888 4352
5186 8849
1763 9237
6495 8603
9411 2207
255 4103
9549 7999
5889 4023
865 9036
1319 9973
2997 1935
1129 8252
9330 5751
9698 8108
6837 9847
5937 266
5647 7155
9194 2717
2358 87
3283 5171
2162 2992
6551 6490
4880 928
3910 2135
6179 926
931 4370
1886 6052
6789 7976
8875 9583
1366 1224
743 1491
71 8711
8067 1877
8906 1468
2901 8926
4167 1860
6389 7695
4904 1839
3104 3575
7644 1089
1801 31
39 5570
8403 3007
2497 6431
4280 2550
4003 8742
4117 4965
6445 5534
6859 3204
5363 4365
6608 5021
2379 7104
604 9260
6464 1958
3005 2453
4722 6341
5299 5694
500 1796
436 3824
1133 4575
1993 6538
3832 887
7359 2238
739 3647
4472 9394
4772 3408
6807 9713
4799 8917
6295 1496
1041 6560
9061 2473
5833 5444
1393 6091
7177 3176
1474 6039
2345 9226
7711 5917
4213 9210
2070 2957
5306 2635
4648 6319
7901 6837
1899 2188
148 2038
6359 7570
5066 3212
4298 6307
9455 6124
6948 7686
2326 4991
7579 3349
9110 592
9273 5230
3866 9919
9177 6115
1617 6288
4445 5417
4430 285
5019 3132
3785 6656
3643 2970
76 3914
539 1332
9302 959
5771 3296
4924 7847
6098 4825
627 2479
7879 7773
1543 8550
9848 1278
1176 8480
2118 1730
4456 6711
8391 8803
9486 4821
5539 1904
1125 682
2568 9866
8845 9436
711 3080
8761 9762
3348 7587
3264 9209
2937 123
5917 5936
1507 304
9775 875
5956 3417
8297 6691
1424 177
7971 323
6768 9765
7383 5021
6418 4279
2597 1348
8678 7134
8079 1696
3554 5268
8254 4669
5520 7942
9131 1163
9643 3928
9175 7391
7653 4175
6995 1633
7588 5460
6169 829
7697 696
5473 3026
199 4218
3164 3109
6010 6979
446 1583
2957 4571
2171 7963
3675 4896
5809 6153
3343 5030
7886 4430
1611 8754
7318 3202
4197 1742
7166 7568
4502 4313
5396 889
8969 5940
8516 9457
3314 3461
1908 337
4340 9320
5753 1988
7034 8393
6240 7178
8783 2171
4950 2407
934 5748
7328 2693
2434 4846
3188 2542
1311 7112
718 2211
3736 835
6685 3224
3214 9670
771 9877
9592 8827
7720 214
7869 3151
4807 8428
795 6582
2703 9707
468 5316
4035 3354
8044 9589
1691 4613
8684 4950
7793 1966
418 8345
2837 5064
3743 4469
4826 5547
519 8388
1622 6563
2245 676
262 7809
7492 8199
3575 7944
4071 7714
3326 2113
6546 513
7889 3560
8014 178
6540 4428
4761 902
6862 7635
9284 8419
7769 2851
7427 1636
7557 91
9536 4503
285 1624
7305 4078
4816 7040
9598 3535
7857 5771
2772 9492
3864 6084
8276 9196
2464 2716
8524 1512
7014 9704
8205 3199
7856 4414
4987 7162
452 604
1617 9208
5500 7489
1658 2060
6985 9490
9913 8906
5533 8870
6434 9917
5631 6955
9166 8036
5467 1679
8219 7665
7296 9047
3882 1801
9648 1915
5487 5414
2099 1656
7029 984
7604 2461
3559 5871
8754 8350
4136 3107
9649 8997
3884 8157
3671 2939
4685 8763
9759 3043
9367 4144
3593 416
7675 8817
9224 7962
5440 6201
9522 4878
2141 4550
9124 2619
2497 6825
188 7765
4684 7898
3517 7173
1043 8754
7886 8327
3071 5680
3835 8762
4350 7797
5715 1732
673 6647
728 7580
2429 6577
4658 3182
250 4626
396 8043
9319 3066
7606 5094
3300 6272
7681 9287
4822 2302
1734 6764
486 8531
7199 9891
6594 8256
7805 514
8651 716
5296 8528
6886 2768
1666 7721
2395 5324
9261 4621
2953 6720
9504 1505
608 5636
8158 3052
8021 7744
2782 1852
6930 5540
9068 6479
931 5218
5031 6890
490 2111
2529 662
2283 5686
3746 7517
4913 2772
1494 8401
8743 6189
954 3350
9904 550
722 5715
9856 6393
8374 7157
5153 9796
3809 9901
8511 698
689 5773
2396 5424
4490 4190
6157 8849
5235 812
170 2827
3511 8568
3730 9184
2964 9190
9893 1926
4896 3101
3912 8215
9807 922
1637 3442
4158 4028
1160 5448
9036 3705
9635 8080
4827 856
8859 8307
4147 8006
4616 8768
6160 6177
4521 7913
7071 143
9086 3893
4389 8632
4556 380
2904 1832
4461 7486
515 8975
8941 1548
8679 2752
5134 13
5797 901
4133 4139
3700 9689
3354 3379
8401 3949
7116 9897
5450 8740
2507 209
3314 4710
6812 2119
7665 4593
617 8776
1409 9507
4286 5095
9538 9969
4269 4537
9062 7956
2395 9225
7862 1143
401 4165
1707 1034
5355 8223
8693 9746
4428 9725
6824 6134
5849 6873
9866 1444
8233 833
3111 7498
9212 2936
7101 7293
9201 7955
112 2165
9870 7166
4983 6255
1467 3877
7213 4218
4487 1067
6513 5162
6754 9478
646 7913
3553 1120
9540 5649
4638 4936
3541 6627
2262 1215
1097 2051
4809 9148
8162 8937
7756 3144
9097 321
6442 8611
8407 9100
9135 2829
7085 5133
476 8589
1117 8877
614 4030
3070 904
9335 4525
1435 8414
3596 157
4517 7570
9861 3859
6861 7790
9431 1657
9547 2542
9117 6143
4042 7312
4355 7110
1193 2298
8026 8483
571 8340
2648 8386
6184 9898
6724 832
5434 1851
1726 7952
8593 4045
8549 4328
752 7270
3151 9457
1965 3092
421 9610
4244 1559
1924 9668
9877 4834
6573 1287
978 1533
8021 6381
7074 8390
5222 8834
1825 6923
1948 7498
5805 5553
505 7435
490 2369
8674 4430
9583 9317
784 226
4999 1951
9168 377
5010 4243
8419 794
753 4184
3103 4413
5661 2076
1004 5106
7232 9469
2839 8330
7210 2880
802 6172
9790 8285
6386 4290
5490 5585
8976 921
3395 8138
9097 4901
4430 2767
2062 2154
600 2742
5557 3924
5432 6940
3542 2368
5191 5297
590 8417
5943 6553
8799 6220
3145 5228
7214 7148
4149 230
756 6559
1062 7608
7550 7526
571 8837
9133 1145
1096 1318
3159 3569
3059 9991
2916 93
279 3207
8129 2125
9332 2716
2001 5322
1485 8717
8055 3644
1832 6262
3181 7746
178 311
4336 1294
4185 2917
4321 7590
5872 9272
5829 6069
8926 3724
7062 1831
3519 9472
4657 704
6241 1353
3094 1558
9417 3376
2011 6643
5372 8128
4537 5876
8054 5545
9901 6844
4086 6272
2120 6978
496 940
6272 7742
2650 8011
6429 4944
639 9819
3773 7369
751 2769
8704 8593
5421 5733
3084 2351
6160 6404
5754 5380
3474 8413
6695 4224
5556 6741
7476 5163
3288 7331
5703 6926
2453 1780
9816 5959
5799 216
7909 8937
9981 1571
862 4297
6857 1725
6617 1154
6419 8403
4991 1938
6231 8787
1837 8699
178 8788
2613 883
6425 8748
6602 4228
1010 1880
455 3629
2872 9319
6553 671
2827 7935
6896 8752
9694 7831
530 1115
5288 7387
2760 1695
1747 8780
5296 9788
9680 2045
3145 649
5217 359
8106 6704
3406 6582
6363 560
1137 7161
7769 1947
5418 710
3783 3205
9787 9283
4488 1707
6636 7182
4166 7369
24 9095
606 7299
3951 225
8898 9293
610 8660
1237 7779
9690 3822
4194 7010
7858 4285
4054 1277
8840 4294
4082 4121
9968 9810
3226 8049
8481 2796
6648 7554
5734 6132
4345 3776
8622 2814
6031 7792
844 6436
877 1196
9095 8848
9806 4082
4699 4291
6223 821
9399 465
209 4731
5741 6530
7416 253
454 1843
9982 6394
7627 9235
5824 2644
8125 1111
8192 4129
3613 774
4433 91
4692 205
7855 9745
6189 476
404 6916
4918 4486
6244 1466
9315 293
1778 5439
4491 7029
1288 3087
6137 565
2164 7085
5516 7273
6149 2000
4951 8234
4274 5584
6610 6932
387 4125
4183 9238
7158 2185
9126 6630
8763 5321
4689 3771
5609 5783
9952 8545
71 9059
8271 7400
7251 4318
1547 8245
9951 7965
3353 5632
3503 4300
8895 5285
1244 9512
9225 9235
8772 8036
2341 7120
9255 7909
5399 4130
1916 8982
2886 5959
8154 8901
8365 8862
3919 7924
1851 4620
2685 5081
1427 1897
9672 8254
1197 1120
9049 9233
4819 7154
1982 5237
1205 5011
2855 6448
4006 3660
8683 6107
5404 3800
625 5845
1700 2039
6871 1120
683 1117
9455 6483
6038 8116
3597 3654
2715 5350
1130 153
9110 5028
9124 9437
7269 9170
9484 7305
6124 6136
4694 2534
5954 386
2572 2356
8722 4193
2236 4275
4235 4297
1349 5963
6097 6337
9630 4756
8682 1542
7248 5406
6401 8247
630 6395
8134 5578
4532 2640
1995 358
733 6808
1609 1335
380 145
8025 2750
4492 7852
3116 398
4480 4193
2916 4560
8860 7081
2760 6272
4537 3314
1732 3629
6405 2191
1670 3789
9937 9461
5459 8887
8721 7056
32 471
960 684
8889 1069
6601 9323
5181 5694
9567 7478
1311 2642
6070 5524
6151 5860
8615 8564
7999 3557
2704 937
5991 7690
3858 1737
8690 7593
8241 2350
199 6784
7848 7061
4608 7694
7826 3185
6190 200
6178 3096
4339 5029
3292 2069
742 9651
2473 245
1571 9536
1815 5178
632 8769
8567 7611
6122 5806
8190 3362
926 8388
8596 892
4144 6930
2728 7565
6767 3644
9257 1113
6495 1756
1950 4684
5989 2332
4304 7683
7695 7068
9291 5185
9978 194
8577 4155
7882 4981
4582 9484
7333 4402
1365 5202
9032 1656
5785 3199
2433 6139
757 6921
6227 8532
5549 4410
501 7951
9163 2352
371 7531
8955 5630
3691 7454
1711 730
2562 159
3755 9965
3629 6682
890 5734
4712 7504
3847 7143
5906 5828
5269 1510
7583 8478
9720 8222
9669 1788
8058 1451
2975 4060
1687 9666
9405 8020
8913 8006
882 9883
9020 8100
5717 6765
3363 9688
7889 1274
161 742
3572 2871
5913 9506
9267 7307
6175 3240
1509 1588
1453 3541
5892 9024
9023 1211
3759 3972
7271 6129
5403 6793
5433 8529
685 105
3984 2121
8881 2054
4024 5419
135 8660
9906 956
5008 90
1907 2488
1925 1526
5988 6397
1809 1878
5908 3979
4466 3343
9505 8363
4652 7353
2851 8805
7574 4720
4738 2168
9194 1621
3946 5862
7449 940
1950 4181
3765 4236
3458 1599
1030 2
4944 6594
1654 9005
196 8817
3733 6851
6112 2738
1173 6139
6857 8894
6526 1954
3080 1013
3388 1974
7113 5607
4652 8493
4735 5611
35 4687
5790 4924
5223 4600
5840 4087
8195 3672
4513 9822
1207 9874
4499 1976
9622 112
1755 8238
8423 6957
4658 4240
6853 2810
7460 1374
9359 9722
5236 9584
1816 8325
4055 7151
1288 9977
7716 761
9897 4964
6763 8385
9611 6811
6203 7212
7712 9719
9529 8693
9488 4131
3152 4745
1799 4815
6844 8444
5826 7920
5134 8259
9494 3165
2651 712
7721 7060
5565 890
5255 3507
7344 5049
8302 9727
3398 4494
3058 2832
9524 8417
4378 6035
9267 3953
1457 1271
3167 8576
278 1968
27 2148
1196 8472
332 1256
5659 4665
6729 4088
7661 1684
6338 8345
4658 9293
6982 9230
8076 9164
4635 6772
5044 8493
5785 8151
4371 7889
4047 6267
9962 5051
8573 2660
4282 6212
6473 3614
9069 8072
4730 7318
5499 5767
1328 6302
7302 8628
2890 9805
8399 1961
1614 5021
5646 5250
7429 4508
1646 7181
2331 8619
126 4864
5539 8802
3217 7859
3010 618
3423 7202
7488 8049
8946 8652
9386 3882
1450 8487
5378 6394
809 6569
4061 9964
808 7600
7876 2350
3728 4860
9812 466
8850 8224
7390 3294
720 628
503 732
7041 406
6889 3883
6097 9060
7409 9276
5342 2931
1647 3989
4972 7580
5641 7266
7618 4937
648 5743
571 3324
4968 4159
8278 2681
6717 2168
5287 9624
4601 3413
7428 8500
6407 1619
1048 1918
2259 4388
3475 3498
3711 3711
3591 8400
3424 5965
4093 7133
6575 5486
4030 2320
4473 3554
8955 3917
6559 5681
3510 1981
7719 1444
9142 4044
3289 8409
6439 4394
8066 6066
6488 7387
1461 5478
6235 247
8997 655
2200 9882
4763 4331
5370 4517
1254 8588
2224 3499
5879 2456
3326 981
9745 2137
201 7071
9775 9821
5519 6744
9694 2167
8109 198
5150 1724
5655 9616
9301 6200
1779 2578
2300 7447
4366 2860
6336 2300
581 4707
9842 6397
61 7951
888 3668
2877 9548
8330 256
8543 4489
4133 4786
6322 2971
5147 1857
170 571
801 518
6207 8308
3520 9184
2282 1494
9685 9282
2699 1062
9442 352
2182 9691
9322 9190
2576 1171
472 7953
7335 6636
9465 4739
5256 3771
285 4547
2519 9864
8618 4363
1786 3952
9641 344
8062 7746
6711 862
9649 8003
8614 9730
1174 3290
8985 9566
8180 8516
8299 8464
4871 6561
3625 5274
4110 5749
8099 9188
5515 7672
495 1350
1734 8359
6342 159
2730 7616
805 9153
8535 5146
5934 4737
8046 8475
6468 7164
5176 7648
9075 1741
9632 5720
4757 6632
2356 8121
8381 9043
6664 7226
1409 2391
6450 4263
1720 6611
655 241
832 5145
4973 2219
3162 3520
4111 8030
2796 9472
4845 2102
8030 8393
4161 9858
2766 5340
3866 6984
3884 5184
109 366
8286 3487
7951 8034
5677 902
7244 4932
6455 9608
2340 1383
5115 556
5896 643
816 9835
1921 310
3278 3587
6266 8862
2450 1574
6929 2592
7327 8251
5626 1685
7640 2668
6716 8936
1479 5543
9073 9097
169 3918
8522 4588
5040 3510
3578 4203
8768 9515
4262 5680
6258 3515
2347 6972
9699 1335
4632 2947
2966 4885
2671 5774
9150 7984
1193 8135
7621 7542
3007 4528
1177 5353
4545 4605
3321 6959
6099 613
8300 4195
6651 7045
2938 8145
9909 8637
8481 9421
6047 7344
6385 2509
1053 4552
7280 3306
3750 5489
4728 1428
3941 4042
1572 2475
9897 2055
8342 678
469 5793
5412 7712
7009 2196
6886 4774
9863 6639
5898 7498
7350 1112
5729 3411
3859 774
7759 3675
6467 3717
2638 8176
7651 4869
3644 4115
4752 2315
536 444
4543 2783
681 5508
6230 5981
679 5993
7201 1924
2208 8205
5646 4650
6676 5672
3569 853
6570 3058
8385 3251
7625 1002
8473 1299
447 7409
2792 5850
2078 47
8785 1280
3114 3597
4988 1184
2428 1818
819 3563
9330 8567
9334 9301
9037 6106
5063 5063
6497 6799
5679 2828
8072 9778
2887 9348
2656 7510
2272 8707
8584 4465
5756 2979
4375 7325
7698 8718
8725 5289
5342 5541
4720 1463
3630 3612
8665 571
8566 123
244 2818
1133 1822
2156 2680
1598 2454
2556 6913
7976 9815
6167 2609
8847 7784
9184 1636
344 5478
1651 1015
9233 2848
9131 8172
1142 6588
8585 2379
3661 4097
6628 1835
1420 8763
6579 7981
8845 5947
2613 6322
9361 3140
6985 7183
5322 1391
3654 9760
3951 808
9493 7203
4540 7822
6353 9625
6223 9015
7214 6328
4460 9178
8640 9307
2986 7923
7407 8336
3892 4562
6937 7145
9898 1308
7856 7916
6221 1833
8872 6515
6006 4964
299 6285
351 350
3765 1851
6040 5292
3575 9348
2612 820
9432 1809
1561 2612
7135 1281
4452 2235
1291 679
7027 6046
4923 6887
5817 6724
7702 3564
7917 9163
8757 8645
6507 7377
3892 1108
1873 9691
8164 4462
9971 9665
3692 3085
9193 1856
3011 6033
9596 6455
824 8090
8860 7946
5851 5200
6044 2579
2865 7772
7572 9916
9539 8860
2687 9269
415 6803
4187 4324
1622 4198
3291 6144
3693 1840
7880 4694
4300 3231
7308 8805
4482 9540
9349 1729
8334 8247
5608 355
2327 177
8636 9031
5734 9473
4603 6956
5367 9528
4244 5352
2012 1372
5484 4226
2505 7609
600 1510
7177 3435
7300 2757
2408 7893
9919 8082
3734 5421
7469 262
3146 1853
3572 5292
7389 3940
2207 4438
9915 7043
2494 1158
8966 3921
5492 7174
8210 7800
9992 3025
9482 3957
7860 215
7290 4107
4425 6973
6450 2881
4505 6554
554 111
9500 4924
5832 5877
1244 6401
2971 5877
2312 222
8052 6852
1541 9180
9464 6589
4472 37
5279 8237
3037 6011
5368 5608
51 4018
3699 7651
6510 4561
4981 2136
9252 406
3896 5717
1105 8767
3288 3053
5299 4785
9719 4549
3486 4452
4409 5960
4536 8036
7369 6132
2254 8306
8915 7707
2062 8178
9432 2355
5659 2859
1069 3542
4061 2186
1659 3267
1438 8942
9057 8427
9309 7709
5501 3333
5199 1758
7495 4538
6105 398
8823 4825
2039 2459
5018 2836
8281 3868
5248 5730
5072 630
6673 187
9413 1752
6883 6735
5363 2257
6150 2991
6648 7012
2152 4946
4008 5723
6561 7330
1370 3457
8809 4876
3257 1639
13 4212
2020 8464
3438 6607
8798 308
8145 9510
8463 5601
8240 6969
4785 5909
6055 6938
8515 645
616 766
7194 6986
696 9376
7867 9919
6607 4974
2515 3876
7404 394
1759 9614
4047 4234
164 3252
5741 7128
2440 6868
2432 3858
2727 76
5652 4107
6255 7169
4155 4696
2596 2763
5210 2021
8989 9127
6570 350
261 308
6952 6582
4011 3062
5413 5299
6034 4887
5078 2847
8177 4097
6565 7257
1429 453
4942 5538
4890 8423
99 7057
838 9647
7257 5567
1774 5401
3017 7068
7807 4310
9136 4936
758 6537
1711 4315
8328 987
2203 5165
8027 2680
1678 1278
5675 4544
5956 3024
7990 7319
5327 3592
6016 3124
7108 2240
3568 6358
9580 5080
3601 234
1204 9041
6466 3990
7069 6656
4295 9378
5356 6385
9909 8138
9355 9506
1242 5773
1222 8419
722 8961
6463 9181
4867 5340
2747 5640
691 908
5795 2883
7884 5841
9700 5231
3263 9262
5743 7524
6062 603
5946 3420
5264 5334
6428 1763
7216 2669
725 3197
4223 6709
6916 5968
9566 3319
8111 6645
5173 9389
8943 3723
3615 9482
209 3620
6683 2175
9414 3031
3149 2119
6739 684
1994 6700
4354 1411
5984 879
6912 1757
3612 7732
8893 2673
1409 6115
3295 1561
5368 4889
6783 1682
2698 1525
8186 7856
9832 5627
2561 2999
5604 5940
5849 7427
2501 5964
6396 9377
5623 3795
3063 6308
8232 621
2138 7649
9629 6898
411 9443
4651 9934
6099 8360
7518 786
8255 7457
4725 8641
1184 6726
8323 324
2843 7600
5872 903
2906 9070
6183 5961
2186 6592
8502 3008
5739 3135
5696 5027
6051 4499
2926 3534
5627 2123
1658 9537
6432 2217
8850 7601
1619 7075
4539 7078
6858 1316
8156 4844
1405 200
1726 7426
8937 4579
9347 3325
7873 4875
4348 3878
4760 7690
8625 5800
3176 8253
2365 2179
6942 5815
7488 4204
5947 463
9531 1146
885 8685
5959 299
7188 4321
5327 189
885 9117
7521 9845
6746 5334
4592 7179
4265 4310
1349 6124
5929 2029
6714 9223
8424 7339
2638 2865
6823 360
8228 5697
9932 413
8819 3508
9439 8296
8087 1946
6589 1356
9423 4119
6344 2318
8493 5827
7414 8505
2329 4763
8574 2731
2238 9133
1342 758
8268 3872
6743 2912
6964 5818
9183 3187
2335 1240
2430 2078
1080 2617
5425 2594
1197 8867
6091 5781
6978 7389
8543 9843
7005 4867
3543 6520
3723 6726
6976 23
5786 3017
5644 8438
877 1253
3438 3440
2491 4998
4545 8177
6448 1771
3058 8014
2027 266
993 410
3166 25
5620 2338
5410 614
6773 514
4704 7889
4095 366
8536 1837
8196 1866
8974 1234
4794 8354
3992 9518
3737 6963
7826 5663
4159 7136
4554 7674
7580 3454
5924 2584
7750 6664
6166 7156
710 4795
2301 1582
4746 5515
3159 2859
5265 4989
663 1618
1618 9419
6821 2448
133 6723
4731 6341
8328 216
5417 7077
3707 1440
6913 4553
5236 2996
8283 1371
3933 9907
3379 7853
481 5119
8198 6675
8850 1950
4921 3028
8038 7434
2882 1021
3717 5922
5069 1022
3053 2007
5464 6250
1598 6976
1783 3788
2559 2502
4161 3101
567 9224
7024 9103
6180 8249
4725 9813
7784 7245
4339 4264
838 7455
6271 4484
1066 7534
4614 8600
7390 9020
1575 1002
7446 542
2165 4753
389 3886
6710 8681
7414 9756
6038 6690
2548 89
6789 5665
6257 2090
165 6878
3619 5243
5261 869
4306 4057
9977 2453
1452 935
8567 132
6402 602
7323 9592
8504 2397
668 5615
7480 7950
7589 6568
9072 8335
8693 8088
943 9926
3167 4727
5900 7549
5339 1104
3999 4482
6259 5380
54 6312
407 5928
4690 4373
537 9666
567 2514
3570 5232
2047 4622
1243 8001
9560 9963
4309 2425
4049 8656
8626 5234
321 501
6409 9878
9665 9514
1174 6694
2253 1072
5959 4726
870 1262
3536 1134
6306 3757
7128 7690
3467 973
6474 475
7868 5118
5797 5109
232 5816
620 8335
6563 1459
8439 8918
1766 4159
5328 8969
1951 7134
4727 6798
1007 5589
9567 2940
3658 1855
6126 4303
5498 1290
2641 3160
6189 3815
2550 6490
1202 6830
8863 3758
2656 9496
8886 5456
5024 7987
884 9919
3870 3938
8776 9297
3499 8603
182 1501
5598 4871
9989 1807
414 8869
4240 2439
9802 3415
4182 6890
6641 8355
3723 6656
2490 9075
1781 580
3166 8213
7439 4503
1897 1469
3913 6462
940 6814
950 1855
7358 4981
108 7704
4918 4350
8024 72
4051 4716
4823 8532
8309 8085
558 9268
6497 8292
7380 6163
3920 2870
482 786
832 5485
5338 3573
6242 4208
2381 5556
9018 2921
5827 3276
9203 1973
855 4988
9704 6120
345 7064
2268 7351
890 9338
1139 203
8355 2044
8983 6629
8030 5342
4788 1028
7947 1846
763 4976
7709 9707
4787 3203
9675 1946
8371 8107
3519 2594
9610 7210
426 2215
6968 3846
9646 8738
8578 2745
9779 191
7169 6369
8322 4205
8723 9889
1245 8242
921 9311
373 2085
7976 9844
1362 3042
312 287
2720 3802
7624 7058
9516 6416
5528 83
6794 5181
6077 2973
2946 8316
5552 5709
7759 6959
3695 7669
655 5560
2331 9180
2694 2945
4537 1643
6490 3477
6529 9857
6824 5620
3442 5841
2462 2947
1740 6607
1823 8745
5492 9079
5426 1396
2931 4134
9459 8722
2888 2286
8449 40
657 663
3678 4543
6614 3672
6275 7377
6575 2162
8617 9840
1864 6982
7568 2464
8900 1065
8156 1656
6231 9143
5907 3718
1723 4606
3440 4984
6956 7182
5523 5155
3548 2096
6415 575
880 7084
1595 3512
2720 9249
3010 191
4731 6417
9059 4728
6017 2274
3217 8106
9287 9182
243 82
3127 4611
9429 6752
6733 2725
102 8343
187 5943
9609 4001
1205 6582
7124 2698
2166 9998
9843 6080
8906 5474
3030 74
2930 4376
910 173
7427 3179
3412 72
3111 888
4131 6138
6746 2593
409 6214
2894 4301
2458 4406
184 6262
2173 4613
1648 8169
3709 4676
2853 1561
665 3494
3591 6381
7956 4483
507 4702
7525 2153
3627 1626
3576 6838
4227 7684
7052 7295
7285 8673
3012 1005
5894 7036
5990 6619
9567 147
4654 5417
7404 4359
188 8332
9248 5840
2642 2507
9232 3095
9639 8020
4723 3547
1798 3989
9289 8637
3360 5955
6641 3507
6918 1574
6640 3592
2335 7003
9185 6042
2520 7553
1872 1435
5439 4236
6254 7921
5720 9334
9872 4759
8904 4601
3120 8762
9340 4294
1722 6172
5795 5761
1200 7683
9216 1202
4103 5131
5081 6421
824 2512
2187 7147
7024 9366
6659 4551
5920 4017
1222 8066
6477 3053
5930 3336
4673 9095
9019 4601
3416 9489
5847 5353
9604 5938
7874 3295
3290 9844
6387 2442
8243 3381
8645 3879
9804 6998
3991 7724
7942 8303
3644 7873
4966 9641
812 5218
1398 3282
1249 2238
7347 6125
6187 667
8541 7711
6877 4495
3466 163
5757 776
4130 7239
152 9878
7972 4061
9179 988
736 1435
3851 6418
2588 6091
399 5270
8304 3772
1120 4870
9289 3535
4112 2759
3305 954
912 7650
4645 7849
2184 1233
1142 5592
8643 6183
8681 3962
8560 6149
6815 3925
2658 1206
7470 6772
4081 1860
7805 7124
6871 7648
8892 5095
1156 4542
4138 3732
2971 6502
1837 4452
7059 8085
6414 9303
1190 5690
4826 6109
517 7113
8050 8142
3698 1163
8284 3891
2644 5692
4591 9514
8647 7884
6171 6085
7001 5199
4687 9595
7230 237
8369 3478
1533 9730
7770 3956
4002 6863
823 1607
5706 2663
7209 1765
5993 3171
6582 3848
9079 4863
230 7870
8286 6442
7670 426
2526 2090
5032 9921
4010 9990
5329 9583
3401 9946
3578 5040
5157 374
3104 2823
2415 2399
9093 6330
409 4653
6236 3011
778 4876
5408 7489
7454 5867
4910 1861
4612 4431
6310 5558
4734 3857
9406 6477
740 4908
1599 4441
3281 9104
406 2797
8341 274
2676 9805
2017 9097
8559 4005
14 2131
3663 2962
3574 7246
8577 9414
8841 2719
7432 72
4410 4430
5527 498
4560 1400
8104 9889
3990 3244
4056 6489
7226 6287
4616 623
801 2648
3838 9117
1570 9284
3010 849
4391 6499
33 7294
6799 5689
9118 7385
5839 2798
2460 5229
5868 8511
4885 9624
2130 5210
6870 2140
1264 5190
1456 8687
42 9945
3401 443
5078 976
3385 6222
9375 3226
4478 2443
4405 8077
5416 6568
8651 3824
3085 3358
8792 9263
9398 1644
6967 8331
4032 5044
5479 8279
8877 1773
8171 8492
2592 6463
7306 6678
6053 682
1232 20
9142 719
6284 2636
7511 3493
192 4964
3435 9350
7188 9978
4812 7631
7316 8318
5831 3699
5885 5411
3837 9849
3972 9569
4100 6586
8335 1622
6916 4500
8457 1792
1675 1401
2274 5124
4521 8912
7757 6491
7509 8403
1873 6688
7366 7120
5033 2435
7946 2681
2468 217
4690 5459
3509 2393
1956 4011
4996 7424
8568 652
9371 1102
9996 890
8505 4903
7504 2346
8179 8324
1499 6615
942 5487
9220 7583
3750 8858
7497 5092
7387 3417
1260 8796
671 8739
3856 4098
105 4709
4208 2706
4980 4831
7401 3888
2881 5268
44 8210
7281 63
3421 4194
2635 5001
1526 2045
8764 7268
9060 7542
9506 7027
8233 9491
7664 4751
4265 7199
1630 3652
4221 535
4710 7985
6387 8653
408 3852
2059 5848
5094 9244
5916 1634
5689 6253
5197 4761
8010 5855
124 1294
7146 9079
859 2297
8475 8605
205 3299
4692 5597
8398 6810
9216 5286
8137 4608
7008 6782
3583 3837
3621 4267
8902 1929
9319 2747
3912 3
6480 77
1616 2044
642 2374
8689 6796
8621 1822
2110 9756
6617 1504
7859 9099
1699 5837
7659 8858
8407 794
9143 3855
75 5293
2061 9654
3637 4612
9815 2923
7519 4878
9392 8721
570 8431
6459 1518
2999 5537
8604 3341
624 1342
1804 5498
7149 1303
6825 7546
2816 6912
5011 1696
3370 2785
5521 4841
1587 4550
6986 8545
3686 9840
493 7500
6050 2403
9945 9118
2458 246
7029 4787
3926 4486
2329 5192
5216 754
5267 6735
3256 1264
8116 2960
7841 3591
384 9042
6065 707
9778 1094
1749 3253
8885 541
6554 5088
5004 8269
3077 6477
715 5888
4445 8232
2475 9524
5195 5936
6858 4796
9761 5483
6985 6557
9648 2944
6652 6706
7568 4859
5838 585
5916 8956
4778 5620
4195 1656
4307 9321
4825 2839
9581 9810
6691 6388
1921 9678
2063 3504
3373 6318
1514 5264
1426 4793
3287 74
148 216
7631 3292
6094 3466
1547 1125
9739 8178
4508 8346
1598 9220
8468 675
4891 1356
6650 6619
5083 4566
9786 8451
8892 7127
2355 2047
5551 3699
1559 135
9577 8916
446 760
5570 1706
8723 7153
5817 7621
3429 2070
7677 2381
1608 3953
6565 171
4226 2076
7162 5197
1214 3832
1752 7750
5148 5992
1441 4539
8239 4615
953 6903
4206 5070
6555 6184
7651 4927
9634 4047
7583 3661
8913 4724
9700 3153
4076 4480
4937 999
6365 7634
4682 2526
7680 7115
9510 7036
5078 7857
8383 5896
9046 3888
1309 9486
4871 6548
5659 6847
2536 9360
2009 3902
8697 9066
6632 1732
2591 5420
4865 1900
1635 5253
191 8776
6260 6518
7472 906
1440 5990
8344 4892
6063 3455
3277 505
6089 1150
3644 4897
6362 646
7139 6553
5893 862
3765 1832
7886 3006
7561 7020
8319 3686
9595 8931
5092 3912
4250 2818
5887 969
5768 7986
52 9268
6445 7597
5118 4119
7445 3910
8537 3955
4157 3246
821 4464
6394 2144
8218 7175
2162 7062
6638 4358
3536 1841
1728 4832
3012 5861
5281 1290
5889 6618
1910 7855
1790 2012
9240 8221
6102 3036
4787 6790
6376 3214
6602 6096
1655 6409
9569 8117
5642 3466
2978 3796
4653 5745
729 7854
4655 6225
5256 7050
6434 3748
4516 1905
5711 3078
4373 7938
3999 197
666 8703
3714 8632
7651 6671
8556 1348
3285 4426
3555 9448
4762 784
7299 9699
4062 4754
7626 1960
9491 295
492 5809
5342 9193
1264 2873
6583 6726
9712 7649
2045 7919
5213 1580
8256 2524
7706 7250
6757 8101
7084 5585
7078 1659
2160 631
1855 7133
1557 6218
7074 4675
3245 3840
532 8391
5089 1255
2446 2039
6602 7982
3293 4693
7241 7450
8690 471
5199 418
1426 8295
9125 4292
8455 1587
5366 5406
7197 7838
7024 2293
3190 1278
2599 5633
2311 8476
2114 6399
4808 8199
4300 6814
8680 1793
8244 1955
4807 7792
4445 1013
2315 5566
6415 609
2395 8202
356 9159
3719 8757
572 7627
1118 3206
8282 6261
6358 8903
756 9761
9191 1237
582 1936
3056 9683
4560 5269
6945 3848
4436 8521
4864 9628
3769 8104
788 3583
9195 1874
8829 4195
1480 7819
9642 4461
2132 7994
6737 8823
2582 478
9594 8161
1849 2292
7364 6108
2972 7506
4575 9997
5026 7104
97 16
7907 2570
2690 9475
4921 9375
4079 5478
6820 3685
9706 1074
2279 1842
2776 4639
3384 4980
9442 5244
2084 443
3573 1371
360 1034
3490 7073
2025 9513
2990 8763
1101 134
7251 9860
5232 1295
2509 7936
3552 6265
8623 3957
242 8493
9483 8860
4523 117
1773 4260
8807 3508
6481 672
8469 8027
3000 1076
7544 9125
1224 4379
1656 3884
6889 4228
9631 5537
6792 3520
7069 1400
6423 5670
581 5849
5579 3408
4493 2561
8621 9755
2642 2175
2362 3499
7441 1383
1411 8132
4479 2850
6334 4738
1299 6908
6499 1570
6007 2389
959 3015
8330 1681
8500 8598
7136 2744
1127 7610
176 774
5617 4273
4837 3884
4623 7020
3471 973
3538 8083
7327 8626
2384 7871
3566 2215
8865 4639
8118 5659
6594 2484
8007 292
6198 8932
8676 6969
5648 3706
915 6134
762 5684
6753 8507
4289 1172
5100 6397
7638 4656
4455 8676
430 1411
153 5180
6227 1737
510 1060
8818 150
5733 9521
219 3040
9520 1740
9316 1825
7143 4944
8390 7622
2309 9181
2446 1586
1369 1144
8782 5756
9511 8424
8745 1836
3317 6235
1706 1986
8462 1055
7278 4416
9714 8713
7093 987
7044 9330
6565 2445
187 6372
6151 4182
7553 9809
2856 8967
7895 8637
2745 9893
367 4815
7760 3836
3505 1476
8373 6233
5559 1964
566 639
9424 9467
3043 2131
6800 4921
4098 7104
4751 8467
6332 6356
1542 152
6622 2321
1301 8364
7706 8317
4016 296
4003 7474
7757 2072
2228 5359
4663 3195
7018 1141
8254 7047
2965 2106
4549 4339
7803 2426
3 2523
8422 1809
851 8128
7425 5714
9427 4837
478 4355
2713 9987
4707 8159
5241 9638
5528 7874
4848 6317
7323 2321
1677 7262
1244 7824
9314 8655
2593 9801
2135 7390
1347 7868
8232 491
5055 89
6642 2025
4231 6535
3402 3568
7486 1425
1414 6126
2256 4644
1377 4753
2103 5923
923 7406
5943 1107
2071 3886
4243 5455
6188 3772
7301 9205
4469 7400
5162 4390
7889 5079
8196 4234
6915 368
3926 9210
7538 4688
9100 8452
5274 1447
3680 4891
122 6985
6854 1093
7269 9167
6065 1115
8401 9011
6619 6156
1434 3671
2609 42
5152 9439
9733 2203
5956 4146
4075 4969
3136 557
6524 147
8636 2944
2374 1994
8825 2511
2985 8469
9946 1122
9195 7805
9590 2677
6805 5585
9160 8969
3957 3348
6175 4097
3450 1018
6014 6342
3995 815
5869 9156
2368 3791
3046 762
2231 6415
9769 1678
7313 5491
6520 6695
3922 4150
8396 5745
2884 357
3950 9404
1316 7060
6255 8222
8084 55
2048 3244
3720 826
2826 2709
1657 4250
2392 6375
2805 7322
6456 2408
9452 7199
638 5422
4357 2660
6337 1239
1095 8503
2412 7906
1520 554
4734 6100
9170 6931
8923 3237
4337 9596
1832 9920
1478 6867
1890 2086
6991 4971
712 204
5916 2170
1837 5448
1060 8121
8279 2536
6062 9111
7475 8875
9896 4294
6318 8965
8036 4717
7229 3456
9094 2372
8614 7238
2327 7531
7605 5416
165 5443
4264 2266
9313 9475
7828 180
4975 4068
9597 6386
3065 6838
8161 6325
733 1577
207 145
2106 8885
2296 5773
3543 7042
4373 9270
7805 6897
4832 9915
4296 3825
9465 7074
8393 7882
3906 8434
9431 1782
1300 327
6777 707
9192 4690
8413 4002
6207 1142
2197 3531
1963 4892
3877 1367
8051 3504
6294 1876
3795 5681
7014 4421
7433 6261
1270 992
6378 6691
8730 2782
4971 4007
8589 3678
5160 1473
6458 6658
6768 9014
4244 2960
7830 4910
1855 9650
2194 2276
5316 2343
6334 7145
7569 1856
8298 242
1319 8259
7849 533
4843 3980
6594 608
9205 4215
2607 5442
9955 6231
1009 3200
7079 6082
4858 7346
3093 5555
7857 3907
5575 6343
6114 6356
2841 656
6428 2953
9660 597
8289 1146
6583 2512
3465 5924
9825 3502
6175 5958
8041 4643
1538 5668
7327 5380
6998 6312
1368 8442
9313 9068
4557 2694
8110 833
9980 3191
7917 9994
5718 2021
5649 8994
3391 7066
3088 258
6146 1124
3191 1228
4090 8709
4500 643
9402 9747
6458 7392
7238 2344
1600 79
808 4482
6962 9087
4668 5396
2911 358
5316 3556
9305 7963
6900 747
6632 3514
7047 3160
9463 5684
2472 7757
9973 4284
2650 5936
9542 4379
7169 7084
8416 3164
7303 1070
4254 4337
9352 2088
3824 4316
2918 6289
4793 8135
2869 4226
3840 1085
2720 8347
2864 2222
9346 2684
1960 5839
8030 5404
7195 791
6392 2342
7680 2420
1066 8823
6387 1460
3200 8017
2067 9852
6156 92
1634 1509
3363 159
3176 7257
3965 1227
4176 5611
8793 7025
1274 5084
8967 3398
9559 1255
3500 8550
2080 7254
6081 735
3136 5370
5397 6353
4021 5063
2727 2821
7331 1861
7148 51
2081 5072
367 9066
1849 9897
2475 5932
4380 8948
8099 1935
5100 7304
2844 8589
2689 6162
1069 8869
3029 2626
309 4152
5816 5723
2005 28
9996 9175
1778 5373
25 6978
7253 6951
2235 3658
9082 829
5679 6054
8484 6245
7530 3275
2984 2426
4674 6664
6669 6473
6978 1644
178 7908
4251 6570
1208 9394
798 124
164 8669
4082 2445
2031 4914
6276 1006
2566 4949
194 5442
1209 5546
527 6625
624 6029
8579 3881
3009 8715
9928 1656
5196 9511
8638 4452
4640 3334
6103 6339
7442 9891
5180 6531
9453 8924
646 8899
5837 1954
2421 1560
723 3341
1645 7689
7924 6326
8404 4324
4922 7596
5510 8807
8449 4704
1265 6439
459 3352
9721 4556
717 4591
6837 7299
336 5075
4496 9995
833 4694
8937 3897
5089 7007
3171 3988
6101 7638
3334 5881
1479 7195
9244 6408
9171 5183
8501 7237
8795 4089
8099 6856
5204 2482
4591 9709
7415 7689
9042 8949
2560 2225
9341 5139
5010 3182
1617 3024
6850 1564
7928 1000
8712 2024
554 3515
8129 7524
4153 749
8959 7175
4246 9238
7527 5979
3737 3250
3602 3454
4653 1665
285 401
7585 9896
4185 12
3688 5023
3723 9976
9466 1218
7181 1155
2801 3232
2331 4144
3485 8623
887 1588
5024 6677
742 42
7843 7776
5601 4016
5503 1824
9781 5080
2181 8648
7299 8104
8919 5536
7408 1178
348 934
438 7005
2784 5144
6290 9858
5425 5803
2164 9855
2979 6616
786 9552
4829 8793
1301 5345
6314 1809
2810 7461
3258 5025
8674 9618
9230 9204
3650 5939
3759 6468
4564 6981
3287 4354
7300 9802
4486 1986
3541 9561
1263 5436
3066 2075
3528 2269
6828 1344
462 6724
1194 1304
5550 757
3333 2683
4893 3225
6848 6978
5202 988
6550 8299
2518 4670
6403 6328
1147 4819
1754 8417
4866 2179
7086 8701
7507 8218
2649 7725
7609 3785
1928 5362
5379 9267
2732 5106
1829 7809
4250 5991
1445 3231
5932 1023
6974 5004
8047 4285
4656 2750
7795 7831
8302 9516
9710 886
7790 4402
4489 25
3741 8160
9265 3634
6009 1755
5207 2551
7653 7147
5041 1330
5400 9532
6775 4578
5678 3293
9206 6360
7813 7635
3152 2267
5282 2279
2315 6244
1754 1700
8142 6450
1321 8634
5991 6920
8766 8686
3815 5002
397 216
4323 6436
8492 4339
5973 1795
4358 272
634 1417
7931 4147
4258 29
5262 1605
4099 6569
7941 8432
7350 443
9261 1622
6648 2196
5732 7579
1835 8636
9085 1654
98 1244
6015 5316
3816 1330
7830 4005
2634 289
1281 1757
4744 7150
8450 8804
9304 260
9345 3911
2195 5873
6634 8133
2407 3031
7562 9154
1491 5356
5749 4951
5454 3242
659 3248
2096 7967
1679 2637
4774 5950
2519 9761
883 8509
2415 9846
3850 2341
990 6199
7989 2645
4094 9189
433 6847
9376 1123
8863 3642
8246 9882
9237 1374
8872 1910
411 3627
5936 2102
1199 2770
7565 4336
9185 8682
2980 7802
1927 3165
9914 3986
6714 8328
1963 7464
3672 2846
7255 3615
8464 6662
2607 9791
4393 5705
9580 2934
6507 165
5609 1650
6324 3740
8356 8888
6932 1925
9681 1457
289 778
2135 4664
9620 8265
2257 6541
9371 2724
2061 853
1461 6161
9713 3047
8841 410
8881 5344
1839 3965
5642 4464
5653 3757
5403 7675
6427 5231
4294 9434
8951 5934
2708 71
3058 4312
8334 2340
2282 2975
8309 2725
5614 2809
2170 3073
4309 6769
9910 5461
887 5171
9220 5537
8146 9731
5314 2441
886 2711
5284 8213
9882 2889
7345 1265
3717 8390
4420 5326
1237 4609
4236 1295
7196 8128
4684 2845
4541 9198
6220 1252
9908 5832
8998 9795
891 8400
3546 416
3366 3197
1930 642
4520 3273
5646 4437
7771 7906
4242 6137
9453 4153
6579 3876
1677 5846
9270 8379
4882 4114
4049 2045
8468 4491
5888 7080
6001 1780
5921 7250
4442 8322
3848 6977
3747 1808
4012 5779
9414 8716
3048 184
6417 9527
6251 8018
7603 2409
3928 4236
6659 3612
8055 9280
841 7500
2802 5871
6963 8957
8601 462
4738 9637
3983 5651
2922 1613
5162 2476
8053 1540
4567 7272
177 1116
3443 1275
6813 2203
6563 4239
3968 5468
2157 8590
4098 9899
4701 1849
81 6349
2785 2484
7678 5301
2349 5719
7309 4032
4616 3134
1657 4458
7261 4218
4701 3255
2427 559
3244 1355
7382 4340
1642 9458
5331 1302
6848 3145
3216 3572
2236 371
3530 2516
6942 9557
1700 3773
7869 1034
4599 9019
7232 5343
5292 2143
8166 4280
9572 1996
5374 8970
6673 6651
1983 2559
9562 5096
1202 7813
1387 850
4819 7071
4930 591
227 9474
1587 7814
6057 7961
9941 5907
5612 9554
2275 7222
5515 4015
3741 484
517 70
2260 5493
8465 2769
6513 2324
6168 4639
478 1427
3462 9889
7787 5060
4476 574
27 9904
241 7327
4596 484
5772 7987
4323 4559
9676 8653
6550 3382
4208 3905
2208 8785
5231 4379
8920 4395
2786 7959
9674 1573
1637 6378
6596 5347
4842 8248
1179 6861
5845 7451
4500 4992
9281 4547
907 2651
121 2753
1071 5826
2272 6842
4931 9823
1546 1722
5311 7196
976 6830
2414 7594
1520 4937
9742 1677
4443 3584
5426 5293
1814 7822
8627 6822
4569 5905
5803 1913
6435 9851
6200 1241
9475 6817
7088 2143
7841 5728
775 2407
7987 8131
5338 928
9832 6622
3159 4928
4081 7142
3891 9230
1235 5351
6915 630
6822 4573
1395 9625
5881 2779
2210 634
9627 5479
8084 1490
9300 1803
4591 5852
6650 3142
5918 2282
2284 3145
2897 4798
683 6475
4395 898
7340 1974
7459 2193
2199 9399
3747 683
139 1249
572 3861
376 6091
6144 6678
5075 9822
9863 6316
1333 1128
8491 4933
7724 6187
7899 5126
3881 2526
9548 4808
3777 7451
2627 6421
492 1424
4956 3424
233 6414
4583 3034
7032 605
181 6654
6526 7606
8511 6790
7621 711
5472 4179
8457 2099
2502 2953
3692 8991
1973 7200
7042 7862
9827 3556
7254 2806
7869 854
4020 2833
1409 9274
8381 8845
4578 9927
4758 7220
4744 1050
632 8405
7773 2195
6082 3569
9424 9301
9715 9871
9894 762
6816 8056
4708 1054
3956 3035
7558 4911
635 6635
9276 2244
5030 5116
9240 8579
9050 3785
9313 3096
1648 705
690 2165
7175 1686
5691 9932
542 7788
2687 4295
3178 3856
6341 7265
9638 9535
6392 4395
3582 9034
3639 1976
3123 153
1733 624
3802 9668
618 8401
7453 1212
6688 217
9016 6736
7334 238
8941 6904
65 9350
5009 1086
2086 7583
2492 2176
2594 1176
2301 9008
4962 6742
1412 9140
1739 5424
7030 6870
1603 3380
2029 4692
9718 4352
773 2353
3490 6217
512 3059
7563 8903
3059 1875
3400 6311
6167 6944
4980 8328
4361 6892
2414 8831
3674 9149
281 4355
1407 7661
4445 3361
6370 8443
8884 505
8623 5848
3582 5103
5864 4043
3741 8123
738 9582
4681 1641
1158 5918
9550 9802
1681 9550
4793 9937
7348 7893
1135 1159
4212 8107
3590 360
3211 5216
6362 2756
4949 8646
3257 3023
2692 4402
6568 6337
1021 3519
5627 7334
6441 2202
512 1582
7397 8903
6613 2142
2786 5690
5278 3902
2613 4559
7265 9482
5160 2212
6649 5137
9511 5593
2454 8665
8293 6855
3258 3017
2836 7478
4894 1532
4448 7701
5467 885
7429 9206
4898 1062
3684 4959
2869 2951
3811 3770
587 5974
714 6773
4432 5153
7334 7363
2466 1965
6729 5146
5765 7235
5496 6419
464 9613
3852 4461
5406 9550
4162 1035
1678 6775
6427 5505
5636 6787
6892 4970
7141 9916
4063 6933
3759 7411
9409 6979
6255 9052
578 2699
3128 9935
7032 6935
9891 4137
7980 9668
7657 9401
1995 2822
5867 8243
6390 3937
1627 8832
6946 2625
1888 9036
9577 835
8406 4647
1880 9866
3692 581
9119 923
7028 2510
2068 6593
854 8974
6192 4090
6925 7702
7712 9911
2440 6745
5461 1728
9403 7120
3205 3582
7947 87
7736 848
8566 3165
1387 7751
6921 9608
3392 4153
3671 8479
4140 9185
4441 7582
1672 2141
6793 8149
5569 367
7349 90
9752 3613
5698 7666
4179 9746
919 892
4554 6026
1534 5430
3931 9290
7174 6598
9062 8181
8995 9410
2577 6568
4972 3272
5173 7695
701 5863
4895 7853
4339 3284
304 5049
1042 3671
5198 987
7218 5611
2193 499
1438 6257
3382 5411
1684 9133
9760 512
4136 9096
802 8596
912 9580
2086 2847
7993 9083
3065 9010
1425 9161
1820 546
9915 8157
6421 3691
3598 356
1132 7738
8390 46
5550 3522
5554 79
6654 7480
4628 1055
2351 279
8132 4523
5547 6525
3165 3858
3455 2892
4911 7096
7340 3482
491 1862
7624 481
8954 4040
3275 5232
9479 3006
2851 5752
5776 6027
1856 6879
2281 1129
2904 1105
8728 1171
3460 7082
1754 6890
4705 157
3805 8289
1921 2080
6212 5841
2247 734
7255 5174
5166 9507
3536 3279
7075 4036
7502 3634
630 6085
5398 7493
2702 528
3965 9542
2466 8949
7343 2021
7776 6372
7275 901
745 3877
2613 6158
5459 1056
3363 9934
2902 8021
177 8099
4816 998
8109 8930
6081 9336
987 4676
8783 8150
978 6692
2884 9902
4780 194
5563 3281
2634 9859
2470 4743
3998 4270
7739 5033
352 2256
8514 9941
698 8857
5289 910
6380 637
3584 2842
2760 1205
5582 3746
3767 987
458 1957
4738 6001
1090 1237
297 4779
1191 6808
4224 1920
4367 6088
8349 8077
2802 2004
44 1298
4078 5917
4763 2499
7316 5498
4078 8808
7096 7380
2124 3869
1876 1962
896 963
2757 399
4409 2125
2013 1319
3162 6452
2592 7838
5594 6420
1639 864
5462 5372
5904 2322
3466 1810
7563 9320
3708 5021
8910 4621
945 4745
259 4574
3462 6071
5013 1631
1256 2106
1190 9460
6508 906
6572 5929
9768 469
4832 9147
8264 6057
9757 9869
9274 3708
6807 5236
2514 2452
9473 3899
5431 5263
5061 5088
4164 2589
4337 4085
3992 384
3124 8288
8902 8595
4645 8875
3574 1024
317 8277
402 1240
2423 7278
3770 8688
4935 79
9264 622
3136 1248
8173 7616
8861 7344
9146 8565
953 5106
9912 1921
5287 1450
3545 5566
4986 9555
9524 5206
1870 6492
8581 6250
4382 9014
7754 3854
6715 2584
9271 4106
7996 1516
6323 7290
2840 1359
1321 4975
3101 52
8776 2893
7053 8578
4036 9819
2396 5570
3970 8886
9603 2402
496 333
9584 4020
3594 6166
1572 2863
9350 1992
2643 3293
3194 6031
5000 3724
496 5564
7342 7789
7289 2562
2136 3512
6615 1562
4474 3382
1937 4400
2861 9973
4019 4355
2367 376
4699 3641
6241 3077
5005 4489
8391 6421
6320 2079
1547 9223
1887 7483
3835 7069
4249 7170
9623 6989
2226 5196
8020 1313
9888 9124
6603 5128
9182 6540
4618 8163
3628 9878
690 6712
2237 2155
8391 99
8295 3336
9204 6176
4279 3116
3748 1426
6058 9308
1354 1984
5829 32
6522 3330
1967 659
8157 4040
9858 2790
7745 5939
5277 3965
1143 7418
8308 9216
6963 8967
3966 1068
8144 1896
215 3344
6617 3726
8556 241
8977 6177
9617 6678
5404 6985
3246 5100
5140 8439
2701 8595
1525 4218
46 6975
8464 9851
4548 8264
3500 8305
4326 5962
6288 1885
6271 2678
1211 8016
2173 5439
6797 9520
9573 2686
5787 8487
3054 1199
9310 2772
7682 4130
8308 1191
4256 6266
5310 4633
4908 1729
2017 6002
6862 7826
1477 6449
3439 2462
2281 3064
8591 6424
7677 9774
7522 9545
3062 8139
6670 5596
4445 3887
6830 1251
5584 475
4482 7440
9472 3078
1117 2093
8338 793
4918 805
9214 1844
7735 1880
3651 3479
673 5563
2849 793
7078 150
1917 5205
1566 6628
5089 1784
2259 2294
4985 1765
8692 5744
4183 2081
3334 11
2575 4822
158 3265
4652 2628
1608 1509
8969 2348
6755 5816
8841 7443
9299 9381
6752 6389
1726 1398
1000 6944
6479 7004
317 3636
119 8507
2465 4282
4838 9339
9353 2650
3478 4408
1853 5059
7313 1667
9980 807
3638 9104
7062 348
5304 6918
6768 2124
1263 338
1524 2742
6821 5876
1230 1451
6441 1327
3472 4545
4368 877
3983 9812
5087 5338
211 4496
4994 8212
315 1992
2825 4114
6759 9218
8613 3674
1308 3625
5007 8232
9540 9210
1234 8350
7131 4119
1004 1790
3651 727
6273 6210
8593 404
9688 8565
1197 491
6284 3944
9670 4144
7772 9582
9260 3063
827 5647
5828 4524
1936 233
3208 396
1832 7578
9572 3034
1551 2232
1658 1835
235 745
8767 7610
4609 1707
2796 4389
13 9165
3325 1821
8559 6500
9509 9978
2393 2711
5961 3797
3122 2532
6480 5597
6965 3417
3242 3907
9203 4859
278 3453
7421 5314
7434 5142
715 7339
1086 4764
1815 3717
2721 5153
5186 1733
5795 7804
5247 5906
3545 3685
7651 2489
4557 460
4444 7402
1004 1026
7526 5657
1670 702
4871 6686
1040 4041
6004 6469
4725 4690
6666 1391
2641 5292
9718 8815
3093 9243
8253 7790
9142 923
6741 328
4462 9353
7178 5261
8202 8759
6570 1073
7866 4156
4553 4412
7299 1346
6334 2810
3888 8439
2484 6747
6717 7932
8426 7700
4219 8009
852 1693
5424 5015
9575 4466
8675 4228
5393 9522
1940 9395
3102 1315
6226 7577
3908 5564
3315 1841
4216 4825
6064 7609
6103 9610
8309 2755
9567 6308
3238 2789
4914 1182
7733 3577
9386 9766
7133 3438
5983 5338
1546 4309
4851 1023
4318 8628
4023 1118
6366 423
1091 2626
2595 1418
6802 8299
3530 3488
9491 1709
6964 2655
6697 5602
6999 2690
6652 2116
5515 3750
7367 2900
3597 5789
919 9382
8831 7646
1714 9138
214 3251
2142 2117
7803 729
4661 6350
2459 1347
7256 2657
871 5000
1497 279
8069 5585
2415 812
6909 6524
1062 4000
7580 2859
7596 8311
6468 9878
2118 4201
10 4645
2953 7378
871 566
3201 6083
3848 7741
5389 9503
5502 6159
9552 383
6479 3446
194 3055
9907 9952
7566 318
7063 8992
193 7218
5342 7180
7585 5922
4747 3837
884 1082
7320 1922
7524 8507
3970 1533
8354 6264
842 1444
784 2825
8853 7825
1926 6012
6669 5299
4477 6143
8143 1243
4599 9240
5691 8432
6149 9373
6023 7739
6399 8284
4348 8924
5024 9796
8295 9939
8392 1402
505 2455
7128 5158
5464 5555
905 2867
1644 3908
9061 9282
8771 9100
2685 5799
8349 466
625 5323
8256 3728
9083 8696
7365 5444
1413 2192
4057 5471
4173 2263
9133 7577
7720 9588
3911 9739
2925 4116
1983 6659
6582 7239
4163 724
7714 6417
5395 4931
2006 5306
7509 9771
8103 383
9058 6938
6081 2991
1575 8226
227 2142
6389 3145
8081 1685
8770 441
4817 1152
2822 4544
6718 4415
271 913
3481 4021
7901 1714
802 7612
7206 6988
7491 208
1395 9134
3766 7407
6626 7354
8378 5855
6178 4423
7650 392
1578 1789
5541 2870
2642 2492
9263 6968
855 2149
2063 4948
7708 7199
1719 2817
8756 7172
5168 9787
153 5217
6707 6002
8056 5066
5456 11
3267 7507
5931 4909
941 6392
1130 1622
3185 3958
1000 8900
892 3839
8038 7708
8079 6715
725 3623
574 5537
5740 9488
2819 9714
2072 1127
219 3551
631 7809
7319 510
2396 3557
6253 7385
1791 3424
4773 5214
8234 9010
77 7888
8189 3327
7318 1476
9674 8448
292 3989
7017 9199
1825 8865
5254 6590
2394 1210
7534 609
1329 5110
806 8703
3785 1408
7876 9093
1406 4596
2803 8915
9130 3686
3508 3629
8129 7868
9128 6859
1654 2720
7734 2521
3587 4575
2907 1720
9286 7772
5797 1451
2478 2702
4040 8267
1170 3309
5289 7492
7370 521
197 4549
3636 9283
6523 5572
5472 9202
1534 392
7077 7728
6596 2061
3450 7131
777 6516
2813 7332
4365 6400
8752 8275
5250 5705
4375 7153
3279 4717
5131 8220
95 9258
426 5783
6739 1622
6164 2871
2508 1303
7312 3447
4898 5867
7621 8965
4912 4034
5617 8275
3637 6270
5670 5158
6404 9690
3992 7739
7477 8496
8592 7693
8226 7233
6876 9920
8587 3074
6236 1114
8546 8585
5975 7620
8896 3044
4260 3261
5758 3138
8353 5287
7613 5047
4592 6008
5038 5389
4725 1691
7899 7022
7017 380
3980 3451
4794 9616
1123 1176
4248 9323
5249 6653
6698 7223
5070 7
5751 3043
3781 3284
9342 7874
8821 2891
334 5704
5313 5554
254 6609
8945 7622
5127 5146
1519 2039
8452 5942
635 2808
1977 5914
3896 8179
3401 1137
6748 7220
8927 9848
5124 9225
6230 5827
2829 5864
6561 6887
1724 8489
7396 7758
5304 6600
4504 9638
9098 4916
3243 4402
7300 9779
1422 2199
2039 6108
9557 720
6043 7691
2123 2875
107 4080
603 1018
6742 192
3736 8435
4544 7859
1958 3377
9454 9460
3358 6432
2670 5381
2846 6596
829 4040
4631 3139
4190 7350
6605 1462
3802 6892
5339 4365
5595 2249
8364 3912
7567 5858
1891 3534
9819 463
2980 4810
1814 5675
6104 5705
7961 8695
1341 3837
8678 2055
2132 4157
9374 3379
2770 9715
7289 4968
1023 1244
5986 8069
8298 1100
2009 8911
1202 1175
6223 6365
1246 9321
6429 6556
3335 4831
2269 5612
8937 236
831 2225
4838 4677
8102 9139
3570 9541
2489 4686
8728 3130
1874 2051
3763 2262
5426 1189
6998 3742
7979 2413
3557 8799
9444 9815
9162 5828
8361 8435
2129 993
5081 2580
5243 6764
3238 3572
559 9518
9160 3182
6805 2838
7451 7699
5113 4550
7916 7702
7822 8068
3519 5024
9832 6554
5644 732
6673 983
3358 1500
9781 6764
3251 978
502 3312
7711 3048
9336 5597
3880 9305
2118 6736
987 9989
1691 6908
7526 1297
4570 7656
2940 7669
2871 429
8084 2076
5196 9273
2026 2167
5093 4846
6125 7994
5156 3651
47 6686
909 4866
4633 2046
9899 6969
5684 1850
4218 5321
5744 8486
8091 9754
3761 3180
9843 7221
9981 8982
7979 5320
2495 2453
5393 5510
6631 6509
9558 4100
264 7158
5615 4701
3097 6189
8421 1711
7797 5392
3876 8444
3195 8758
7823 9690
5726 4709
9802 7220
5477 10
5759 2758
7180 2261
2442 7044
4994 5482
4173 3236
8825 4720
7501 1311
122 7974
3363 6932
254 9705
4203 4518
9381 5888
8952 5561
2739 2001
6606 5848
2686 3176
9767 146
8018 3495
5919 249
4109 688
7624 5490
867 5117
3047 855
6731 4473
1061 5256
8943 3893
9998 9365
7520 7460
693 8982
9201 5518
2319 2596
6551 6145
3603 493
7055 4043
3249 6403
1816 6658
2439 8493
6309 5564
1421 8613
3580 2423
7947 5721
9113 3170
8190 2443
9340 4210
5271 7841
4582 655
5723 8005
2769 3124
8884 8437
5957 482
7902 8436
5811 7085
4923 280
7358 3133
1248 7034
5677 9279
6710 297
9707 6178
857 1511
6343 2587
4796 3450
645 3921
8100 5500
3546 8913
4616 5948
2995 2651
2664 5035
7311 2515
5155 8992
2769 8769
6207 2549
9487 7265
5796 2247
4949 7220
5777 1065
9395 5245
3270 4722
1339 9397
6121 3178
6068 728
3857 1441
3162 3862
1518 9737
9291 1075
703 2567
3659 5879
6042 5862
5137 3550
5912 3619
6728 5928
181 7330
1807 5707
2596 8632
9849 4860
3242 2190
8174 4218
5999 5685
3496 8115
5936 6316
3191 7453
9807 7164
9038 911
625 4509
3459 2997
8095 7886
5171 3375
1638 7841
9275 130
2487 3644
1904 7893
7943 1833
808 1430
8352 870
4991 7811
2527 7942
3828 465
436 5583
1689 6185
3445 7242
7046 4502
570 343
8934 3816
2818 3814
9640 2035
3966 7422
335 6401
4897 7337
9043 7164
7686 4790
8542 2645
9257 7783
1328 8832
284 2096
9324 1909
2644 6686
9112 5841
4042 7022
9073 6019
2859 9649
8037 3615
1240 2607
7127 190
3831 8672
1486 4716
272 820
8006 8729
4368 2925
5693 8169
90 8368
2151 3924
928 8504
1131 8454
4014 5443
2532 7360
9504 7939
4834 5253
9608 5933
3270 894
1177 285
5705 5799
8350 7969
6885 9343
8356 746
810 3020
9915 7550
3531 9989
6937 8984
