10000 10000
9031 1418
7037 2212
1906 1168
3774 3130
5022 1743
5976 9744
1284 5695
6572 3168
3682 9848
2359 3825
9210 9264
7454 5897
8495 6209
3831 8261
9852 4762
4733 52
7550 812
2416 9676
1507 5220
1351 8664
2557 888
3229 7436
2104 5337
7237 2361
7109 7226
7998 6214
5910 6356
4895 461
9747 4595
3760 5885
4670 8520
8895 6899
8112 9600
2253 7240
9857 6427
1179 2774
2771 2128
8660 238
8631 9386
3959 6033
9610 8656
4047 2875
6039 2271
1351 9290
4459 9770
9005 9683
7367 5030
9541 8159
5535 8094
7158 5273
6237 8287
7627 8225
9486 4477
9283 6907
4820 9725
2209 417
8226 6601
284 285
2499 6719
4448 7600
3412 5362
6172 2798
2358 7528
6434 5263
4125 5082
1179 5440
2387 8263
3552 3680
133 2337
7762 7524
1813 1822
5458 1731
9942 3528
8537 6922
164 2142
6594 121
2649 2705
603 6259
5673 7367
3848 8034
7024 2034
3245 1500
9998 7490
4473 314
817 8118
2522 2445
9132 8023
7559 1133
1767 785
8200 4554
4012 7411
427 5766
5851 8051
2592 5446
2406 9896
3518 9332
4917 6734
9820 2960
5284 6565
5912 5003
1936 2610
6980 4762
3694 29
5972 4713
6164 6562
2689 5381
6606 1344
2281 6897
3836 9650
5516 383
7233 8419
5019 8132
703 3314
5346 3979
2212 3025
5008 1145
2434 4102
72 3574
9245 5771
7186 7869
1118 5454
9544 2479
755 3746
6346 6720
9052 4397
5339 6441
4496 6808
3681 6021
3702 5266
7193 6452
9228 3869
3232 3930
3572 736
5195 2177
1202 7699
6176 9459
9951 5366
3035 1345
9257 3306
3610 3983
4689 3254
4657 5301
8651 4835
1847 1135
1889 8321
4887 4254
4097 4320
4176 5990
5642 2488
358 7486
2579 4113
4175 1155
3493 763
7366 9508
2411 9176
6683 5271
5241 8973
4528 1635
5314 9653
158 7588
4641 5006
5918 5387
8657 3145
769 8651
3289 4797
4625 2038
4285 7565
9630 4095
6809 4970
3498 9308
4459 6506
2694 1442
7448 2948
9606 8813
5253 404
3877 9513
5486 8922
1886 9224
2242 9755
4020 243
5364 7615
1083 8833
3916 8577
8524 2833
4436 9410
2549 1462
8124 7671
3095 8326
4519 5302
4326 7147
8188 9373
3421 3714
7525 6139
5271 2254
9379 85
4759 7621
2552 3362
3601 2866
6299 5072
686 4114
4488 7405
8748 2231
6349 9470
8764 8072
4223 3243
7651 3807
2163 9889
5705 1001
2869 4079
733 3258
4980 937
542 5014
2532 8697
531 1177
3306 4489
4789 3968
772 5241
4128 1342
2399 5215
7910 4424
623 722
4347 7065
5866 4703
2010 3055
1805 6069
3358 7900
3510 7512
9514 5638
6120 2033
1762 1591
2186 124
5024 8397
7048 9800
4672 2235
7648 6907
7188 8951
6231 9740
4224 1258
2482 1735
1951 83
5149 8173
7228 7620
6231 9521
9226 451
2980 5819
653 1659
2234 1897
8431 4008
2148 9993
8284 9007
4818 4737
966 9395
8535 3368
7729 2753
9866 8730
7816 9573
9446 8311
5238 7875
489 7892
878 2703
4184 360
3412 4597
2410 8017
5826 4578
5545 1677
7844 2328
2260 2017
8140 4718
7120 3238
1086 8174
8130 8150
9413 5910
8630 3315
8109 2584
9532 2481
727 4585
4757 5735
7736 85
6842 7299
4601 3898
9558 7379
4793 3064
3591 4908
262 8648
1745 70
9800 2738
5563 1101
3607 1221
5807 802
9279 8659
8878 1929
483 2770
7642 9481
3175 5948
4555 7391
965 9167
1915 74
2377 3134
3402 9824
218 3784
222 5019
6691 8239
1245 66
6449 5507
4782 7124
8097 8074
3492 2312
2952 8844
9715 1017
6396 3221
8997 548
6504 5829
3494 1771
8460 4591
1000 7397
3291 3021
9600 8603
7852 4298
5287 5885
7274 3655
6057 4091
772 6295
1977 6717
6733 4898
4300 956
8861 8694
2281 550
8990 6001
2128 622
9680 3624
416 8329
7061 5876
2302 3154
6677 5280
1589 7126
2892 4476
2721 7465
5911 4573
1523 1360
4987 6602
8928 9573
174 6001
354 9463
8316 96
6373 2390
6115 8204
9963 9483
1847 6093
2105 9886
6671 7248
8168 3598
6646 7780
7604 13
1659 2141
9184 9297
9825 7413
6977 9301
2000 6982
6990 7797
4130 7905
8471 8166
1847 6042
3563 8475
6833 6025
9168 9473
8889 9114
5790 4164
1512 8222
9748 7640
1759 7272
8882 1105
2479 7409
8126 1355
3426 3189
9167 6371
2416 7556
1413 9211
5723 4465
575 3866
6164 6694
5603 5306
5251 8527
4874 8441
4099 1738
2579 3421
4552 1311
1526 8064
9607 7639
8964 4863
1653 1246
3671 1369
639 2375
623 9652
167 7911
7582 8102
9570 9545
6653 285
1001 8331
9157 8393
3289 8719
3559 7085
739 7467
3957 513
1612 7593
8150 3923
8974 6728
9670 5601
8726 2873
8115 6896
6884 2930
7777 5321
3086 9439
9159 9974
269 3852
8368 8601
2525 5692
9307 8198
4210 4373
8876 9189
8062 4354
2521 3937
2252 6576
5773 2315
4824 977
2792 4247
7524 8204
9196 9389
8981 3578
2066 5562
3124 9195
1395 1869
9742 6671
1600 6586
8660 910
4843 410
316 9105
2443 5497
7070 4518
8300 9319
1447 7983
781 5944
3914 2755
9248 6196
7194 7596
2925 9351
3552 9960
9419 3145
5733 920
9516 8645
8387 7874
1142 3110
3486 3004
4932 1866
9732 8997
3043 6212
2530 8691
5139 5401
5820 2701
5034 4965
1640 7615
7841 8084
1411 8409
85 5913
5162 3632
7735 9434
4226 7228
3069 4433
1426 4153
3519 9997
9012 9814
4170 5711
8407 7864
6480 862
6575 5208
5814 4643
2180 6257
9525 5085
4383 867
7850 9903
4528 1427
1863 157
2923 680
1471 707
709 7888
8621 9518
6924 7497
2910 2032
6957 2632
66 4080
8972 2965
7327 6808
5103 1741
110 7045
1363 8079
1164 5819
1014 3216
3515 1871
8747 7623
2606 7291
345 4753
6880 4573
9996 4990
974 5703
5571 8194
5096 8945
8000 6085
5252 6515
2731 7220
1371 5644
3887 4717
1850 3006
1196 3287
7731 8814
483 5208
7561 5497
6749 9245
2264 7226
4181 6549
5290 7909
6521 4182
7762 4304
8061 167
3046 8692
5111 1636
7501 9952
9268 2126
4389 9942
450 9032
7743 9789
52 6907
8881 3917
9714 355
4403 2614
982 3567
6035 7337
9983 5909
4113 6141
3170 1307
3267 7676
132 2143
1794 5507
993 3969
396 9893
8793 8500
240 3705
9869 48
2005 2680
4502 3459
8931 8016
6079 3467
7591 3203
7446 6749
5828 7976
9727 3762
509 4025
9681 1109
5228 4420
8582 4582
1486 9563
5759 7513
9525 9555
5183 504
885 9704
5307 8909
6823 9832
4432 6937
8552 4068
1005 944
1947 3250
8820 4491
8195 4125
6174 2388
4970 3443
2388 797
9502 1430
8742 1498
5566 6892
6632 7202
3281 7584
7440 3698
5215 4462
2906 5834
854 9594
6036 6589
806 6458
6210 4261
3045 5863
3531 1758
845 8193
1738 2359
2265 8840
8750 6164
4827 1411
2522 8766
7385 1805
1926 945
1403 9411
4076 1820
4975 3191
7595 5653
7750 2496
2008 1987
3460 5320
4424 8418
1891 3981
1704 2338
6193 6640
3941 1560
7997 9817
8196 2156
2318 1
315 4058
5212 3302
806 3921
2661 6954
707 6663
1081 37
5062 2658
4575 3583
6470 1296
478 7415
1454 64
9396 6878
5325 8519
6419 8172
7590 3965
9551 2266
9089 2493
1585 8247
6232 2392
1911 468
6571 2866
1330 7687
7548 2292
1030 9740
1028 8841
1085 127
1772 1585
6949 7891
3333 3568
4877 8590
1569 5616
3484 8026
6295 59
986 2502
7571 8210
2469 4852
4003 7433
7374 1080
4971 4168
9273 3023
8242 8523
9073 853
83 4163
4577 3710
2781 596
6764 1710
4004 9317
9941 7793
9933 8835
2328 7108
6038 9037
6976 8665
4891 729
6750 5736
5026 7630
8089 1000
2673 8856
6952 1242
6418 9784
9402 511
6662 6353
302 9276
1967 1164
9131 5501
2372 7813
5738 3584
5745 7723
5174 6358
1924 6404
4803 7845
9265 7511
1237 40
6639 5040
9876 7213
3385 511
334 2326
623 7337
6069 2073
3058 9606
2845 6128
8923 1489
1920 4586
4740 7627
7674 6648
6141 8329
1964 4929
3801 7441
2109 2750
2142 4833
3044 8062
4889 5720
4000 8356
1864 5355
6000 9716
4862 9681
2891 5017
306 8024
3882 6786
7632 270
2137 1729
5942 2280
9177 7483
4280 9214
1569 6618
6014 9405
8584 5182
9025 916
9549 9959
2033 3255
8416 8157
9793 5888
1350 6217
7241 4393
9080 5513
4276 6514
2244 7360
2688 6881
1867 3747
8944 221
2130 3965
6125 9267
4161 1788
4289 4738
5575 8305
1722 8542
8291 1412
7037 528
3116 4846
5809 8932
5819 4606
7312 8073
1916 9397
8137 9525
2737 9833
8817 5583
4926 5766
637 4115
9742 8584
7801 1778
669 370
1028 9967
747 8442
9762 9091
7567 7146
1033 8185
9906 8545
6196 7427
6096 3152
4051 8339
2139 3854
5289 5651
7191 5333
6445 462
7775 866
9977 5188
1231 2312
9646 282
1655 9710
5918 8663
511 5724
2721 1817
6397 3458
9009 5854
592 1506
9293 7499
153 9105
9418 3753
1341 8698
5661 3010
5316 1818
9170 9032
6541 7157
3016 1679
4696 9920
6995 6878
1322 6837
1945 1667
8077 5794
4230 860
9421 5930
7864 1566
7548 3794
7699 9969
5198 5365
7757 5745
7742 5489
8419 7711
6904 4328
1843 9279
6909 3424
1056 5016
1714 2083
6674 3111
3888 8688
339 3339
2662 1144
9042 8954
2386 2402
5348 4219
2636 6087
8718 7035
7740 2726
2060 7304
831 4161
3422 6377
4741 2991
2101 771
3478 3288
4410 117
7208 3260
4136 7502
379 8396
109 5681
4445 8463
8221 8088
3766 1103
3215 9406
974 7337
1070 4932
802 7361
1497 4621
867 1212
4387 497
3270 7379
6548 9102
7877 2870
7302 9842
6620 1527
8280 8226
1069 3675
6847 7287
333 9181
7360 2988
8900 8299
5672 2849
2545 519
6596 3227
7204 2855
1721 4753
7330 4053
9709 5953
517 3023
8300 7401
5561 7336
1892 6782
4352 8197
6905 584
4911 9890
2034 6292
3183 5307
4938 8849
5757 2819
9312 3027
6938 4176
6039 980
4411 8684
6790 6974
1098 4598
3466 4482
1795 9295
383 3492
7752 5774
3355 1532
1102 3068
5139 8358
2622 4569
3396 6211
5157 2837
1243 8998
3140 7096
1773 2664
5856 5466
5952 6789
8307 1515
1408 861
8025 8781
1195 1412
9956 709
2725 289
3737 6989
9893 9491
6257 4837
7574 1751
5913 1646
8631 1395
8706 7373
4748 6143
1297 6878
2938 3687
6656 1087
2399 4650
2459 4800
2423 4446
1012 6298
6088 9737
6848 6837
4696 601
6216 2448
9569 1646
5705 9692
9444 6715
436 2209
2579 8856
7167 6201
5525 9059
5345 6048
5973 5978
1962 9370
8404 306
9241 9869
7779 5892
3652 1554
1770 2026
9380 2424
7732 5495
3158 6609
1664 9452
4315 5396
9586 7988
5048 8825
6335 5801
647 3760
773 7756
4789 5930
3937 2657
8386 1534
4918 848
7188 374
4525 9942
2180 2223
2575 2898
5551 9629
3965 168
9270 3764
6297 7857
9438 5104
9114 793
4289 494
6268 768
172 8977
6701 9034
1887 638
1474 7039
4528 7856
7616 9691
9112 9413
3619 8911
8244 3182
1898 1886
9381 4963
1192 1313
7232 237
9829 4036
4671 2171
5244 1558
9215 9469
9371 8973
7392 6220
2565 4288
1416 64
6131 6763
3520 4392
6047 3422
8677 4566
7703 1342
4344 6016
4608 8003
2463 849
8705 2825
5346 7093
8835 8655
6446 6256
8712 4042
2454 6904
1857 4835
9661 2775
2070 4485
5389 4346
2210 2480
2211 3060
325 6409
5008 1564
4192 5575
1530 1402
5852 8104
4665 4462
1780 6330
7530 746
1574 2930
8431 6147
8901 8552
3438 1923
9418 2521
302 6314
911 7444
125 9160
1395 8878
7116 4517
7785 1118
961 5194
1336 7377
1348 133
348 1159
4002 9225
8228 1124
2605 43
2802 8704
4075 8774
9870 5560
4035 3240
7491 7898
3619 3651
4353 9805
9628 7069
4089 8103
9620 2592
8180 8549
3811 3995
381 8566
7126 3247
4642 2448
6336 9666
3815 1034
1540 5424
6354 8224
6332 2245
6848 7203
2693 4468
8335 3574
33 4387
5346 2082
3555 4509
6000 1283
1590 7166
4069 8504
5943 555
2112 2423
6438 2455
9923 2150
7961 1519
3687 8195
4906 4911
9237 2366
3060 7851
2653 2762
5001 8535
8339 2831
431 5999
8013 7259
9486 9536
2919 7324
8900 2829
9855 1911
8673 9483
409 8949
1323 2965
2843 7633
7211 2408
1490 2107
1983 7448
588 9704
4038 2634
7276 9183
135 5736
9450 7965
7162 5696
3920 8930
2093 4373
8926 2722
8112 5837
3286 2198
7161 9361
2624 6504
6706 4624
8280 4490
3366 4188
3147 4144
7223 7291
1214 2705
1419 5895
727 5002
1850 7839
8130 9035
2994 196
7565 4279
7699 653
6924 9817
4516 6819
4406 2346
7132 6421
7717 460
5401 2470
746 4978
6077 4138
2136 5173
155 7916
2676 1329
8175 3467
7979 2837
5123 4649
4764 3079
6651 267
2410 8510
9834 5643
1963 5798
4075 1849
411 8303
745 6870
5290 8798
7334 4231
1770 8683
3352 4344
9378 7858
9703 9078
2958 5986
3185 4292
5436 4161
9623 5479
6448 4405
6637 2650
3329 9756
8141 5339
8634 3333
4501 2300
6922 501
1844 4643
1092 1684
5153 9386
5360 2461
4644 8879
2936 1249
3883 3621
7548 4149
4375 3154
1246 1903
8556 5119
7991 7965
3588 283
5584 5118
125 9720
5882 2534
2598 7837
3159 3903
7286 2978
3758 163
1654 1895
6475 4659
8162 6125
2764 7779
8571 5307
6373 3323
3655 7802
557 6247
5888 7626
6239 3992
593 683
4762 8578
4509 661
1041 5004
9464 3056
3452 6243
5867 7260
5445 5654
4788 6955
2300 6155
5620 3458
8724 9289
2543 3276
4787 2652
7471 7335
7766 8757
7634 2836
8923 3671
4263 4315
3444 6203
6501 741
1339 5693
3717 1248
8393 1644
3475 4735
4797 7662
7616 936
5275 4666
3155 5108
4074 8092
9939 9474
4373 9748
4959 4004
1515 4295
3414 5984
8112 7789
8399 9712
1850 2625
2787 5202
1444 7556
6094 4170
2094 9259
5985 4555
7547 652
4067 3810
5281 3973
4747 8747
9261 4437
2440 8425
9932 7761
9386 9410
2499 8497
5494 929
4009 2480
3461 6963
1479 6559
7829 9802
4079 6930
1255 7677
8882 1969
4239 2374
5640 73
616 3458
3052 8809
9693 3477
8990 8181
3617 6852
9823 4983
3864 1128
6568 2441
9676 1010
7091 603
3753 3009
7632 9731
8208 4397
5362 3768
5416 8512
5440 615
7928 936
4884 6287
1391 3271
5823 1860
221 6243
4675 4527
1383 2326
6472 6428
470 1054
1431 8922
2056 3550
6802 6543
3182 2796
8138 6994
7485 1473
8503 3423
3373 8316
9269 1735
909 8959
2737 909
4589 352
9263 1866
7506 7546
7303 6793
3797 8634
5524 4460
820 1074
356 5589
2912 3529
5211 8062
3534 7992
351 802
1846 5470
3869 4497
2199 2542
6499 8960
3473 9964
4500 470
9929 8388
1079 5057
8280 4531
5512 5535
9853 2955
4022 4341
4470 5284
5187 1996
6475 8773
4824 6990
4804 6127
5902 2477
3373 3443
1109 7565
2169 9462
6449 8101
7420 6884
2696 963
4384 2043
2389 3829
5073 3979
1768 80
7841 365
5220 3644
245 7897
2048 8453
1701 7886
3495 1468
7008 5502
408 5637
2918 9119
9094 9223
4108 9339
5560 6255
2444 368
4442 9229
1906 2882
8123 9172
6320 6548
1038 2926
5162 9491
5801 583
6235 3019
7272 2797
8815 239
1867 8311
2151 6981
5331 9562
3064 9224
7753 1781
9596 2261
840 1927
9743 4686
9102 3251
1859 298
1983 979
8381 2883
4242 9394
8933 1638
578 5169
570 4182
3310 1619
2188 138
6281 9936
656 1355
8122 5526
6112 8423
1581 9507
4728 2449
8241 7756
2970 6542
441 202
2539 9209
1003 5208
2004 3392
51 9670
3441 5716
8401 2505
9653 173
9223 9928
2085 100
3452 1665
5096 3896
5867 4098
222 9770
5045 4096
2166 1392
9899 7219
1301 9605
1236 344
6694 4071
8349 6670
5989 9496
852 4889
7651 2094
4573 3139
9733 2020
2605 8934
3621 6007
7393 883
735 8313
3896 862
8517 3232
7157 5567
8892 4584
5374 6130
2125 8589
9376 6584
405 8515
9448 1668
5973 7134
4683 7679
5250 2938
239 6261
2086 708
4144 198
1805 7134
972 8198
7065 895
2487 4940
6895 7969
2648 2135
3144 1042
4714 1300
8961 8835
5980 6777
9979 2012
7905 142
2283 9814
3457 767
3531 8031
3206 2843
9112 3226
4848 1784
3330 9004
8530 9212
9407 4720
2354 2981
3943 4772
5165 8515
2457 3770
4640 4825
1573 6824
8016 6575
7169 4104
1540 915
8725 7257
8213 9699
2206 1596
613 9588
222 7303
2005 8319
8426 9126
7053 7374
171 6965
9656 388
1358 8535
8821 1090
820 6514
9015 7731
6851 7233
7510 6737
8946 161
6092 7373
9521 7380
2729 9547
5599 7153
6048 2435
4210 1073
7112 1874
2755 3764
9563 2151
3215 8954
2458 2134
1463 3019
8519 2808
6113 2112
7273 8185
5588 3127
7036 8681
1744 8818
7454 9772
9236 1192
2675 7834
5846 8899
9954 6079
2511 2385
9031 9596
4268 1332
7055 5332
3550 9538
6846 8416
4507 4085
3548 700
3003 7899
3859 5543
2715 2663
7379 6839
1533 1390
6943 2883
4662 7884
862 3479
2815 3325
5850 7347
1685 8228
1860 1052
2938 151
8046 3194
7297 2928
8847 921
1285 4302
2867 5736
7731 626
5689 2684
7451 9587
5011 1966
8931 4266
2569 5641
2804 8214
8342 3597
6027 5306
5002 4815
5481 2266
3878 2934
548 8450
6371 7328
4052 655
171 2203
5862 6995
2654 2140
4205 3845
2431 3019
5308 703
9381 3525
9565 734
3851 1001
8957 8806
1999 1708
509 5772
214 4997
3907 9594
9143 1281
7239 6302
7068 1248
8054 1915
4276 3158
3635 9078
6340 6107
353 5322
7089 4844
6666 5221
439 8903
9035 8793
2773 3331
7125 412
815 8214
8734 4152
1515 8413
2350 3147
5092 5671
2083 296
8858 6298
5517 9541
7312 2525
4882 5643
9069 4108
1163 8729
588 2152
5557 9265
5612 9572
578 6378
4320 5625
1477 1580
9967 9603
1274 3815
4421 4529
6379 2444
5441 1225
5676 4114
8117 8305
6384 3651
9369 39
8545 3500
9705 4203
7260 400
3986 1456
914 9014
393 5006
4729 4151
3220 2563
4857 8385
3598 6749
3056 6694
4359 337
1118 7517
4418 4600
9626 9376
7782 9469
6011 2045
974 2752
1647 2918
8313 9190
935 6384
986 7190
5929 88
2425 4237
4157 6665
7328 2155
6113 6999
750 9908
4837 6071
9144 8161
3744 2244
2867 6188
4921 2796
155 6423
9678 3089
2928 7766
2865 7033
8980 3152
8885 463
4430 706
3397 815
169 1116
3838 2925
3014 7169
9521 7887
2582 7164
1714 399
3856 7718
635 8650
8337 2225
7353 963
9831 368
1518 3136
2869 3756
5662 6860
1523 305
1426 4036
4699 8734
4808 8666
9357 3961
8928 2213
4907 6105
6545 1055
1854 1690
2050 2118
7471 3388
5601 5563
6287 8900
1440 374
1312 298
1282 1728
4761 4698
9059 1223
4853 5107
4398 6205
3493 7643
1908 1994
554 9544
172 3080
7053 5856
2661 6890
2581 5225
3191 8947
6358 4377
5842 1995
1619 9209
1182 3821
8984 5848
8600 4714
5984 7511
8268 7271
6700 8412
1072 1082
1346 9747
4266 6049
1980 168
7492 4731
2581 9870
5871 92
8960 1627
9532 2286
6273 426
6837 1067
1025 9047
1378 2020
8334 3175
1573 2397
9208 957
9023 574
8630 5958
1176 6675
8095 2654
6795 9917
8258 6281
6311 1360
5806 5707
7103 6803
9914 1136
683 6275
3038 5493
6117 9983
6744 1820
6653 1469
9657 1213
6454 7508
8325 543
1158 7808
1255 5107
2986 770
5530 4922
9407 6733
1121 5530
4154 9050
2256 1677
226 981
9904 257
2560 1133
4287 5865
934 3432
6622 7594
9397 7997
3905 3871
3413 9320
195 6486
8481 2377
9135 4849
5944 6341
4040 7910
9918 4388
3650 7807
4152 2961
9750 8651
3156 9789
1506 2459
4095 4813
6311 3670
1676 5799
6841 8677
1828 9913
6947 1751
9840 5442
8272 5743
3105 9207
4371 9505
777 928
8240 5305
335 9800
2224 883
1231 7264
2081 1476
472 5580
9364 9296
9212 2356
8094 2513
9571 5
7623 1399
8056 1982
5726 6402
6170 307
7890 1994
7789 9790
5290 3704
3927 7001
6383 4794
9411 373
6509 7491
449 917
4678 2408
7940 708
2830 5924
1923 5627
4800 373
872 9244
1431 2124
6516 4746
2838 2225
3913 926
2145 6797
6254 7172
7682 4767
8767 2491
4021 7400
5627 777
571 8046
756 3301
5787 7629
3362 9627
3228 7521
6000 748
1389 9325
6638 6091
9886 4071
5533 7521
5492 7913
2438 6457
7304 882
6500 8245
4473 51
9749 903
5317 8051
6733 1401
2916 4556
3170 1318
7422 1739
385 3918
8863 1779
4424 8870
8554 7019
5178 6037
3027 3035
6158 6057
548 4387
6000 3264
8841 9749
4735 5455
6212 4230
6765 9967
8041 593
978 7050
131 3124
3354 3619
926 2752
9186 8587
3738 8365
4559 1661
7503 5780
1671 2003
2851 3539
5781 7998
2373 6077
345 4018
4630 3367
5542 1991
9995 204
3907 1977
413 522
2571 4041
4600 5763
3725 635
7727 669
9676 3942
2902 418
3775 6599
6487 1569
546 654
9502 7467
9172 7134
5437 8167
1207 3889
537 6302
1780 3523
7178 7759
628 434
6303 2444
5271 6197
1000 6300
4737 7441
8298 9623
856 3109
3695 3277
904 3488
4883 3663
175 9349
5208 452
8481 9454
3187 8790
4885 8470
2988 4371
3509 8606
4130 4732
6546 1497
2821 2921
3135 2719
2074 690
1921 5950
4107 8328
3125 5300
7028 5306
8874 5463
3879 4992
114 2093
537 4676
4646 7076
3619 6884
6303 9563
9282 2402
5150 791
4935 5300
4276 8111
7175 9828
4586 7585
5516 4800
4187 5755
8210 4299
1477 9186
5739 1035
4828 8046
2076 57
5495 604
7613 980
6049 4363
957 2206
4009 4608
3852 4749
9618 1474
9744 8571
4228 3518
7456 2839
9193 2660
2732 4002
9089 3256
1283 1587
3711 9074
5339 6916
4297 4014
8476 6754
1035 5149
4341 9120
2469 3346
8806 3573
1065 6630
7813 841
5374 7637
5273 140
8080 1503
9490 8448
525 9640
5823 8938
9417 4279
5158 8148
3211 2635
1711 9598
8574 6177
5705 4201
5297 3423
1812 5674
567 5437
2038 125
2984 5511
8247 9472
9742 2268
1108 6931
4441 6738
3327 1727
3324 1631
9613 7276
5789 6001
7239 9721
3977 9368
2762 6856
8317 2967
3655 6734
2798 7142
4179 1048
6338 8195
4792 4225
1237 3884
6034 6525
6405 2230
8724 1730
471 394
4352 6633
880 258
4194 9985
7164 4849
6726 8573
4922 3832
5101 1777
8989 7954
7629 3096
9277 3145
9166 8417
7652 2462
8013 2557
7298 8597
1148 3027
5290 838
2784 3373
1762 990
4898 216
5767 5372
2319 7144
5814 484
5928 6497
900 1679
8947 1327
2568 9177
2296 847
5420 1634
9732 9044
6687 8318
9545 5075
3653 6741
6700 3671
9973 8131
7974 4590
1946 9081
7876 1273
7620 1674
7015 8560
5124 5983
8181 1644
7843 4356
5830 2188
1867 1528
3303 6913
4652 1617
9643 3169
2441 3654
4901 4055
2344 2771
9935 8961
2710 2920
9750 3265
9441 6266
4299 9229
8620 3777
5603 1968
9758 2217
5736 1766
8995 5937
9799 1539
522 4318
5296 6557
37 2569
6313 8526
8684 2813
6091 9539
7354 1130
5859 4079
878 3925
4723 169
4828 7909
8302 1241
570 9320
8191 399
6867 4988
8451 4285
9207 7670
2538 1016
3545 8399
1418 8474
2000 5121
3692 1779
7846 4558
5293 6100
3388 6666
1614 818
5492 8844
117 9049
4758 6017
9322 1174
7612 8217
2043 3756
677 7896
1704 960
4069 7606
6471 4173
7460 3136
9633 4929
379 7717
3411 8670
9962 7721
7039 778
5909 3621
6664 1423
5298 4725
6153 4780
1564 1080
9583 9426
4227 4996
1642 7463
3594 8656
3136 455
3208 9752
5179 1934
8120 4237
9094 4831
3064 6274
8483 7808
1118 5472
9800 956
8782 4019
9405 9535
2165 4570
9456 6462
8530 6699
9905 7485
1687 2284
8182 5158
4140 427
3864 1481
7437 9832
9092 5046
6135 2198
572 8388
2863 3405
547 3358
6875 9275
3685 5841
8230 1678
5260 1344
1520 4907
1628 3968
1356 1195
3832 7836
9137 2873
5466 3522
442 773
2767 755
6166 5588
7113 8631
5832 4045
4987 1255
8791 7213
7921 7777
6767 4228
9989 5784
2831 5766
7595 18
4890 5948
662 9240
4630 6992
3840 8137
2495 9620
4230 8711
3685 8460
1130 824
6857 9663
2784 4086
9461 4602
2657 3024
1809 4957
4363 6599
4398 2700
4430 8530
5583 9855
4368 9130
3115 578
1242 574
3869 1878
1466 5281
2804 3406
3823 391
291 899
6800 8716
6386 9217
149 5452
4427 5479
5804 9724
9182 1531
2454 8960
669 2500
6279 5555
9905 7294
1625 4658
163 1801
1513 4353
5332 4139
8377 6148
3589 9577
7501 3031
6655 2930
6574 9735
1261 9940
4138 2695
1181 4517
4177 3420
2851 4699
3578 5441
5094 7172
7324 8692
5793 735
2757 1991
9411 2737
6791 4864
7504 1378
7350 5577
1453 7197
6267 9264
9191 8723
9956 3608
4205 9353
6145 9991
594 8453
8681 5830
220 3989
7843 836
2040 5816
1933 2771
9779 786
9289 4730
8914 8445
715 5809
2715 819
7372 5416
1338 3637
9306 6096
7101 9191
7782 8736
9449 9809
1284 81
4642 2575
1454 4675
3302 7314
978 8294
9572 3998
847 3490
1741 1162
8044 4079
4874 9939
9522 270
8181 6040
1453 4702
3118 9023
8558 1303
6743 79
5484 7683
4553 5188
8238 5456
7117 8879
402 2655
4564 1667
7258 5352
3216 857
9066 9124
1592 205
8747 1761
8488 6398
107 8994
8062 4290
6907 3901
5551 9872
1631 2811
3488 3764
2178 5067
6013 9550
1647 863
1557 2691
8905 2973
9611 8923
6932 6623
5943 3873
8729 2276
1987 9926
3974 3453
5391 7167
2332 2656
8078 7938
3552 6793
9111 7677
74 5364
8132 5951
3368 6292
6310 8893
2028 5919
687 1887
6746 4048
5318 4048
6604 5076
2375 9857
6958 3949
1057 3782
3569 4194
1862 8247
3532 3085
4718 2033
4214 7675
7412 7763
8686 7680
8887 4625
5796 6785
4795 885
5421 7815
6694 6041
2514 9587
6019 302
8369 5412
6242 5159
2251 3122
3782 383
852 1815
5573 4415
1799 4161
1420 8217
9151 4738
2889 8384
4207 9840
6511 8797
5307 6037
6165 204
9133 3039
6791 1756
7265 129
9828 435
3033 5233
9438 8024
5609 6728
2221 935
8076 7669
9180 3409
2445 3610
3146 8585
767 3165
9243 4424
8982 9513
533 1321
4796 5675
771 526
685 3573
7701 185
2187 718
3422 2004
3530 3311
3381 1290
7573 8296
8261 4651
7351 6073
4493 8876
3315 6041
6304 9524
2381 3619
949 7329
4847 4612
7512 769
1573 2254
6088 1721
8881 5161
1207 8578
1512 3644
1501 9750
3266 1272
373 9848
590 4094
1823 2777
524 4083
748 9812
1425 1251
2117 3091
6054 7932
3445 487
202 9470
250 868
1532 3490
5304 9698
305 7568
4886 5965
2324 4007
3262 790
8880 5321
7025 1
824 236
33 7221
1041 8970
2662 6751
1954 738
1466 7823
8634 9157
2349 312
6314 9145
3969 7988
7303 7594
8190 2095
490 5652
1216 7575
6799 4074
8580 1555
2249 1874
7535 8120
1709 1223
3559 69
8130 7574
3463 2377
6263 7265
8464 7239
6989 7007
3235 2889
9689 7178
1255 3274
6948 4223
5561 6779
9163 1890
2343 2239
334 8455
7828 5374
437 9274
5064 9030
4790 4232
8221 8885
5185 7028
2323 8785
1957 5075
7180 8400
6631 5008
8305 5488
8354 2857
9019 9456
6114 8847
1754 5781
1800 4538
3666 6214
7113 4003
6841 8577
4959 9945
9259 6852
2662 8237
1302 7172
9024 8149
5566 2409
5730 4972
2106 976
4725 7392
3829 1944
2902 3795
3950 3238
5094 7212
3624 9777
3530 5427
3067 5158
3196 5496
9041 3189
5624 4060
4970 7810
1200 1574
5384 7061
1625 7695
4196 1706
572 2838
3335 1906
9589 3294
4498 9680
8071 5387
4694 7085
1415 5721
2349 6149
749 2101
7967 6120
8902 5809
1550 3530
1364 1364
5867 1811
908 5144
734 6479
1927 6155
5314 9070
1058 3790
1974 8181
7918 9337
6765 6876
7728 4341
2079 3263
8258 4976
6470 61
576 4669
1394 6812
2332 177
4421 2098
4699 3991
6568 3517
3078 5629
4852 2685
9626 9173
1258 4581
8888 1013
1068 8493
8053 4759
5601 419
2875 4330
981 1461
6775 7615
3926 5320
6329 6540
7928 7333
4583 7053
1698 7350
9898 8318
2191 6254
3471 8818
1423 3806
5159 8623
4323 897
7223 3040
4196 6817
8457 7106
7980 7823
745 3015
1179 5663
3626 2534
4676 6537
4031 8616
2717 5834
1633 3677
2863 7893
2355 5250
2138 8920
1874 1014
5877 7471
6727 4745
3435 3432
4619 4139
136 8485
3728 5232
6671 6862
4119 5840
1299 122
6488 7079
4718 5802
8590 4310
2429 8863
136 4304
9233 7263
4042 5822
1167 8020
9962 8796
9185 4668
4067 5097
6564 1434
4421 7771
2584 6516
7267 4745
6323 7731
2611 3551
5294 8486
9730 7869
3238 8351
1566 7256
6380 2660
8922 8968
4870 8735
3549 2649
7420 4095
1603 7930
3083 901
8042 2176
6965 56
807 7876
5712 3601
8111 8017
1331 3999
8014 3879
5036 7221
1635 7227
6076 8455
6242 1317
3208 7825
7153 6624
9978 8416
6235 637
431 3702
9424 5440
6967 6378
419 2802
7544 7462
1450 2013
8475 3768
162 3923
9869 81
969 8712
1584 8233
3202 627
6775 5913
7268 8705
6285 543
6731 8002
2303 2030
4934 8666
9645 9115
8343 7105
893 7809
9462 5924
7096 1806
3471 2834
1260 6500
8079 7519
8488 9145
426 4980
1395 5255
7928 5533
8485 1564
7236 9226
7035 7899
2828 4558
7400 6714
8100 5619
1775 6242
4259 2932
2522 594
5587 7746
902 9500
2837 4016
6356 8023
6379 9687
6890 1579
5293 9731
6128 8600
661 339
8372 4047
2626 5517
2742 4871
7545 9175
700 7402
2255 223
9711 9877
2752 421
3565 8891
7164 1516
8869 179
1364 1484
430 2134
6529 8387
9200 1842
1646 6783
2889 9817
681 2277
697 9506
3654 2718
9110 4695
748 7877
3321 6358
6006 4618
9936 5073
8290 3394
8538 7598
4438 6164
7534 5175
5558 5565
4100 8282
2335 6429
2298 7258
6384 8024
6864 3740
5643 3319
8748 6683
3353 8532
5383 3253
3011 6833
6591 8524
1162 6242
5523 7686
4223 5534
9546 4846
9147 2242
2556 9088
6761 3838
7319 432
1159 6822
5995 3348
4409 5634
3967 6758
6790 4846
986 9251
3225 6747
8106 4094
385 8284
545 317
5505 7706
7410 7355
9361 6033
361 3013
3435 3232
8544 1341
5151 9021
2267 1258
2079 4463
9149 4486
307 6514
496 1231
6167 2342
6130 2294
8536 4497
2162 4739
1179 2616
695 2111
6070 9290
6633 8536
741 3333
7142 5649
886 2591
4959 95
3005 8926
4328 4013
4289 5520
4619 729
3805 7973
5766 9748
4384 2511
9976 1158
5533 7801
2104 2457
8652 2829
8286 8713
9463 1916
5112 4186
1246 5483
6631 2402
2564 224
4831 8682
9743 649
5338 5505
8492 4565
9718 4345
7064 9560
7298 9608
872 3436
1573 4569
66 3819
2743 6904
9602 3542
2806 938
2918 4049
2115 3538
7410 5860
2770 5069
9549 3611
9422 4727
4882 8167
8370 1140
9520 7916
8449 7144
3291 3041
6815 4607
6712 1347
53 4374
3781 4449
5617 272
7951 9009
131 7122
1641 7898
9474 375
4908 248
8485 1420
7377 4652
2939 2053
3545 9193
2563 8519
3958 4952
8260 2412
4079 9221
8887 5826
3584 4543
8312 6892
7143 3516
9368 3231
1848 9683
4750 1382
3946 6048
2833 815
6184 9027
3296 7916
6274 945
6122 5891
6985 3618
774 8974
8278 3361
7261 4508
1139 9648
4091 3278
8416 9457
9121 1083
1184 9149
9622 9212
1081 7409
241 3680
7528 1420
9067 8323
3429 9166
7541 7774
3924 7944
2573 504
2103 2676
5519 4514
9930 6167
2841 3968
7023 37
2336 4682
8266 2424
1497 3053
9190 2176
1520 7672
2862 974
2052 7215
3397 3335
9112 988
8367 7463
612 8201
3957 2299
5891 551
2469 8278
5923 6090
560 1085
5143 9434
2699 9643
9896 483
1086 6766
8128 1734
9096 4360
4557 8438
9960 4286
7349 8828
6054 5517
4908 8868
1912 4384
2575 6861
3421 2139
8684 9549
3014 8883
9656 6699
5160 8692
5464 1235
731 7402
5656 9718
6302 8840
6327 6055
4880 804
3353 5951
7465 504
9060 8105
3743 6915
7011 9943
1473 5814
6182 4331
9344 9272
6544 1071
6545 6867
2168 4990
3756 3492
7976 3976
2576 5534
2785 2306
4573 5992
421 7395
7864 2875
9804 3001
9578 7877
9104 8162
3569 3544
7456 4835
6510 4187
8145 229
8038 5112
4856 9474
4561 6077
401 3837
494 2283
5756 471
7437 154
378 6299
7427 4531
804 5235
4138 7604
1317 1520
9182 3024
4763 6502
2833 4124
6826 2253
2311 7971
5320 2897
4795 6659
7506 6387
137 3166
6486 4455
8722 6746
5383 4276
5259 401
6669 807
589 7538
9330 5136
5991 6798
4293 4690
9848 3260
4859 5703
8197 9717
889 4043
3513 2296
955 7260
3680 4104
1329 9281
2395 4233
7437 6528
2031 9414
4886 661
1653 3182
3207 3106
8668 8515
6000 8969
6467 3321
1636 9444
8719 9101
8794 2334
6251 5292
4445 7032
7939 6231
1308 2773
7288 6166
8378 8493
2575 1393
3583 46
5954 5769
7477 8550
4365 1021
9387 8267
8066 4453
2822 9971
5142 1371
7675 7468
6625 4173
1303 6677
1602 8317
423 5443
3609 8385
8496 3725
2907 8515
3528 7601
3634 3265
7355 4845
9946 6190
6919 2102
5573 384
7600 1540
8056 2672
6877 5764
5324 3181
6665 3621
5278 7513
4211 6972
1615 90
3486 224
2900 4954
130 1806
3735 8984
1705 998
4148 2677
819 3820
7613 9208
7650 472
6231 7931
3966 5798
1099 5483
9347 1447
4598 4667
4206 7646
2905 7762
2324 8628
9049 1944
4443 2837
3008 6701
7071 4305
8954 5411
1006 6988
4905 1871
7293 5758
7202 7244
7616 9427
5374 6631
4069 6171
5338 5412
3578 587
5111 6151
3363 8219
3418 4108
4550 1127
2237 4641
6510 654
6412 6534
1563 3702
3850 2356
2671 1126
9865 8675
8563 1401
3701 6914
3536 4242
9962 3923
2903 7299
9481 2796
9674 180
7432 791
3664 5891
2847 1442
4869 5358
1819 6704
1047 8634
2062 9719
8986 4096
1469 1072
7957 7082
1937 2442
7763 6043
2679 5160
8275 4036
8592 574
4953 3392
8177 8279
4010 8345
3972 4674
4084 288
8326 9488
740 7129
2311 7560
3117 7708
5005 580
1240 1446
3009 5953
1086 3430
8624 7075
1344 4432
5371 7022
6640 6013
1447 7550
2293 8969
6142 5392
9051 3284
4909 4487
9121 2562
3108 712
5273 187
873 6206
7643 8347
3861 6199
738 1411
6005 1300
9533 5126
2490 349
3504 2157
1786 7499
1216 9972
5869 1181
7563 6426
640 852
9102 1925
9605 9366
8412 5516
145 5758
62 9339
7693 2058
8798 4802
9814 5132
5850 1719
5917 6746
1143 1359
3000 7231
6236 4505
1007 3607
5475 1475
5840 2103
7547 2595
203 6114
7000 4127
6022 4709
577 7445
1626 5660
2322 772
9716 4202
9192 5377
581 5302
6775 5332
5443 2584
7799 4888
5686 2816
1955 3614
1947 6048
3801 2170
1429 1069
4205 2981
3383 561
6629 6185
2683 876
4270 584
318 6687
8134 518
8337 767
8880 1018
3370 2536
4963 6193
5601 5607
3099 1947
3955 4415
9415 7052
9491 9941
425 940
9108 52
8873 184
9152 6090
4258 4639
7620 7113
9012 3077
2609 4471
2720 3347
5773 686
6863 6053
720 5085
8060 3051
7656 4597
1333 5464
613 2316
7886 4726
7757 2894
6765 3712
8265 1431
9135 1159
198 9578
2610 7726
3702 8669
9929 3102
9500 4683
7884 6259
5635 6368
6117 1660
9432 8385
8307 4767
6587 5074
5035 5554
7507 9581
5266 963
4535 4306
4484 4834
9749 8225
416 6626
5294 738
6522 8651
7320 4397
8936 2907
4363 9154
166 4704
6549 3667
5378 6815
3814 7637
9424 1137
1172 3731
3063 9921
9497 4939
9185 6239
5312 7822
8815 5744
5211 7604
6595 5771
7312 4934
9989 397
5911 1330
7359 6246
8222 251
4257 6970
821 7207
7197 6946
6931 4943
556 6232
1071 5218
6311 1086
9719 5410
5278 6392
9692 4213
9493 4589
9380 3253
6018 2010
9399 8641
513 239
3683 4458
8288 1968
2777 4471
7267 2773
237 129
7601 250
2857 3079
3973 8352
2634 268
7486 1482
5442 9892
5295 4881
8773 4891
7279 7905
2956 4157
1915 4985
5477 431
7775 9663
9616 8245
4625 1210
7443 5770
1574 3654
8664 1307
5867 5156
4394 1148
5389 3735
859 7025
6657 4695
1857 7142
7789 642
5237 728
9677 8262
6658 2762
7423 9401
6300 1537
7975 7233
5750 7544
4764 2812
5130 5197
4361 5898
4646 8626
685 7149
3433 3853
1003 7744
8874 712
1467 9853
626 7282
8487 7253
1980 443
1887 3181
7084 6764
2037 7323
7173 6589
9010 1117
642 3741
8287 5154
5438 2127
8125 5278
5212 7927
7950 9403
8719 2960
265 3795
8515 8889
9418 359
6643 3875
6783 9067
7328 8773
2540 6807
7345 3513
8952 4039
3165 8716
1598 5148
7234 6529
7213 5466
7714 8847
1177 4968
2977 9359
5527 8803
9096 3567
3045 6122
5141 1585
9295 6211
1369 9356
5755 7541
4136 6602
4991 9932
1117 4297
9893 9657
2339 1706
4414 5039
7741 8677
3212 8167
2383 8963
7942 365
8962 3602
9576 1184
6404 2869
7120 70
5990 5170
8418 2502
7612 3762
2133 5532
176 6628
7812 6552
3136 8906
6654 8431
6252 3402
7367 6505
9721 2958
5989 2801
9776 805
835 7657
2719 6176
2497 5347
9047 693
7474 7592
3180 2400
2236 5621
8569 1197
6956 3785
6937 4959
223 1289
6143 4349
6922 1197
7695 607
5828 9040
7458 6421
8439 1139
358 3840
8658 6282
8700 3671
1817 8317
3912 484
8035 8201
9861 6277
9164 4845
1998 1451
577 6862
4454 926
1846 6083
7841 5030
4275 4553
6329 1860
9218 2496
8282 6503
5683 2348
453 1640
1833 4101
3361 7726
4091 5431
9685 9546
8548 2787
2016 4237
9122 9884
4930 237
4810 7915
8880 3412
6867 1116
5123 1505
6695 1871
3033 1812
1205 9431
1347 1222
3377 4062
7110 5343
5379 2111
1450 6174
8100 8587
6398 5669
7684 3061
2034 9467
3127 8582
8123 8648
2115 5145
8642 6204
371 6352
5877 2968
9991 861
1509 115
8850 7642
7719 4326
9899 7906
6467 2977
9756 7685
1064 3380
1862 3832
1846 6230
1291 4499
2050 2866
5315 7201
4086 8469
4024 5411
5742 8178
8217 2301
7196 2014
1131 9624
4980 5299
2611 1566
8289 3169
3773 8658
8238 4441
7576 517
8574 4432
3272 9058
5765 2258
6387 2947
6557 5613
6820 9705
1298 193
412 1912
6342 5959
251 1768
4574 6695
6091 5397
866 6800
4134 784
2161 4916
3147 1613
9691 8041
7965 51
8501 1337
2948 7055
4137 9331
3162 913
8675 3832
2862 8012
4229 3886
773 9802
148 2657
8708 2103
5080 5997
5687 9553
7616 1237
2654 2511
5228 2287
1258 7991
8689 8102
2788 1669
5865 3655
7655 6955
4176 564
9409 7803
4920 5860
6102 9583
6502 2513
637 1074
9714 8968
9361 3605
6523 5229
6881 2171
561 8052
5776 9004
5593 265
5685 6982
1741 9865
3677 7575
6233 1911
596 1749
1583 4168
2144 7382
4580 87
2902 9640
4129 722
6930 5850
2194 1370
6068 8289
7226 6647
7038 4052
3262 3858
1751 7217
7557 9370
1770 3814
6703 4256
7352 3688
6235 8490
7506 2895
8767 1203
1024 8872
8323 1193
6028 9810
7222 9310
5367 9986
3768 3865
3268 6607
1134 2226
1688 2214
7650 8025
4657 279
7361 6063
7931 8822
8651 4139
2876 8635
4661 9030
2105 6386
6522 6031
3631 2284
3078 1481
7003 5596
7434 3864
5026 7611
6283 4168
9946 629
1011 3926
5551 3210
303 7508
4911 910
2671 9289
6046 5433
1832 2863
6931 8183
3909 596
3705 4360
7778 393
783 5313
5616 8182
8313 8634
1685 5284
3532 127
344 1137
534 1183
8041 8576
6227 6800
3399 7478
6617 5705
2344 2302
3741 8918
4469 7718
764 9815
9482 4432
932 1457
8043 3042
2231 139
6090 8758
8911 8723
658 7131
4644 8775
2063 8066
7128 748
9811 65
8796 5899
739 2756
120 6527
7944 1895
3111 4296
447 2125
4232 8346
8393 3980
1902 5791
732 3951
8577 6145
8944 6595
796 8449
1234 6234
6812 4659
804 4587
2647 5231
2635 3040
7651 2178
6640 2646
4042 6779
5680 288
7597 4142
6716 5125
9310 4308
2378 8574
996 4441
4850 4889
6635 5069
7745 1960
977 6276
3529 6883
5339 5238
5039 2978
3870 3167
5836 4195
8806 1520
1565 3354
3714 9836
3539 1436
5989 988
4164 7491
1431 60
4616 2845
8643 4203
1516 8173
1926 2735
7779 4793
6662 3711
3392 4858
1737 7159
4445 2271
8697 5368
2823 4170
7207 5733
8287 3473
3957 5446
7210 4030
3835 6025
6434 6128
9586 4156
3636 6376
9548 7189
7744 1293
2490 6874
9660 1784
1764 409
6977 73
533 8721
9036 3264
333 1063
4686 6996
7117 7939
9917 8704
6222 5168
4017 7793
2586 5279
6648 105
7426 9188
8370 3807
3078 9352
117 8109
8736 9637
1018 4449
1626 6157
8862 6444
8546 2036
1010 8614
5213 9601
7084 4104
8018 609
148 9056
4571 8692
8744 8193
8919 8270
4760 8480
2667 4231
2282 7704
4172 4108
8055 1815
1606 3116
5788 1839
8024 2043
4602 310
9526 594
8183 4774
1590 813
7611 3821
1875 5372
2356 4078
8718 6706
594 2271
2183 681
2235 1113
3912 3245
9256 475
1803 2140
3495 8263
7631 4764
8135 9492
1719 1077
8975 5690
7098 5411
2935 6025
7172 8757
3132 5506
7508 9633
737 6076
1196 3534
137 8465
4725 9320
3390 6462
4568 7343
3869 6359
5445 2568
9464 6688
1376 1466
658 693
7327 2211
9302 547
6605 7137
6721 524
3467 9097
1476 4712
8794 6244
7075 7502
321 4445
4440 6479
1901 6788
7808 6620
3900 3342
8092 1067
337 8194
1442 5654
4900 4173
890 8059
5039 3599
8226 9005
3474 3436
4939 2289
79 7693
7529 5762
462 2540
3638 9742
1195 5531
7503 6839
9075 3118
518 5235
9467 524
9118 9405
4889 7970
8819 8737
968 544
8223 7491
7929 2202
2534 8473
8045 9016
1291 7181
8267 6790
9576 9116
5024 2533
5291 8553
634 6104
4163 6635
6445 8808
4999 3978
4542 5905
4751 8502
4650 498
7977 384
2560 9793
8053 4863
4883 3701
5466 2045
9513 6410
7615 9352
3838 129
8146 3761
7810 7645
9301 4704
6391 3798
9676 4814
2820 1418
2176 9017
2836 4871
7823 932
7368 2755
4841 9572
1345 964
6725 5956
2183 2536
1946 4658
8917 7215
4326 2256
218 8907
4123 707
6473 1879
1341 5800
8586 397
9541 4682
615 670
9601 1549
5392 4159
7633 3799
4471 3254
6476 7569
3397 5073
9529 5658
9203 4991
1030 6628
8226 4372
9845 9045
1203 7130
9322 9528
7664 7579
6462 2553
929 7432
5519 685
3880 133
1517 7848
2982 9370
7775 2196
915 1636
6140 384
1482 7137
4483 4687
1418 2664
8147 6325
5350 1903
9091 4974
7814 7635
8012 1719
5012 7492
3625 483
6240 2709
78 7207
1133 1120
2622 4350
6753 9697
4708 2405
9305 6550
7803 9520
6594 7221
790 6244
785 8150
1273 7707
1421 709
2205 6643
8591 9633
3776 95
9225 7504
6851 8500
268 7721
4442 2109
6480 6440
9664 3912
8224 9085
4672 9015
1835 445
6589 9824
4469 896
7387 9502
7299 8977
7603 2429
1571 5362
51 8273
2370 9189
8796 8080
979 2643
8834 9299
6927 9353
1296 394
896 1478
9153 6533
8084 3887
7048 5083
9952 5580
6777 519
1403 9128
3165 5942
9854 8692
3010 7674
2811 1268
2569 3850
5411 8512
5879 6288
6238 4773
2052 8249
8039 802
655 73
3694 1660
1511 1268
7076 9978
7139 7094
6002 4953
7532 9100
6594 6697
1646 8889
2244 3246
1291 3522
6107 6832
7543 1282
174 5867
1789 2375
8871 304
2856 323
1879 7298
2987 1275
9856 8234
586 6284
3449 5300
7343 2913
1214 4352
3942 5358
9774 5601
80 4473
9579 8225
5748 6603
3965 5563
2234 5731
9984 6912
7662 9635
7089 1859
275 5425
3828 685
3821 6695
9873 9289
6566 420
1011 281
1322 1097
7304 271
315 9773
9588 1301
1053 9786
2077 9718
4059 6861
1376 6162
2736 2953
4827 9886
7359 5717
1457 4722
1980 9034
3449 5145
3937 278
7007 7220
1306 3547
9234 407
249 9344
4516 6459
114 1391
4446 2715
4400 1286
5145 3191
1423 2278
1733 7843
1952 8967
470 5753
9816 1074
4818 6835
8464 149
8996 6482
8662 3635
6684 5674
9867 8193
4797 3603
5524 3610
3342 4730
2490 7340
1978 4061
6457 6857
8864 8819
7540 743
691 4082
6015 4209
5946 7703
8132 7267
9969 9954
1759 8705
8887 9367
6034 7105
6846 1981
8594 7356
8191 6307
9832 8161
4499 198
3200 8643
4794 4925
7117 2774
3523 2405
2099 7573
6812 2831
2711 2628
6356 5222
1938 8093
4317 6495
3240 3082
3868 2660
7904 4918
4666 8133
4516 5330
7187 1762
4389 5041
6234 7731
4118 6011
3220 177
508 3086
2248 6954
3236 3160
150 5408
1469 5183
2156 7690
522 5673
354 1106
6577 2004
2496 8070
8606 9711
4067 9384
2513 9583
7500 6318
4587 9388
6080 1202
7126 9985
5321 3682
1082 2831
4307 8257
6488 3274
768 2693
5363 410
6357 5783
6434 12
4811 1302
6896 527
7870 5140
7036 1848
9089 2119
7850 1102
9225 9609
7263 8926
6749 2217
5368 2664
4589 7592
7620 6032
952 6573
6534 3582
4180 4434
3188 4254
3849 8660
9658 1713
5494 70
872 1194
1195 3071
4144 4834
3006 2167
7545 165
6150 7678
8159 4451
6051 2214
4416 1200
2900 8932
9200 8660
959 4211
5670 8507
1821 864
4573 9829
8698 8975
3172 6904
8953 597
4558 4985
9695 9515
4723 199
2868 4562
173 3376
5573 8457
3948 8890
7188 4633
1299 540
6118 170
7064 1538
8564 9355
9576 5580
8891 2014
6000 7791
9884 5289
4501 1842
5772 8006
4589 7219
9157 8371
3940 4240
2324 6243
2617 3742
1977 8668
6974 5126
7578 5895
4747 4931
4879 9588
3963 2581
8679 7091
6141 976
9459 875
388 3310
1622 8166
728 4585
5115 5907
4035 7106
4270 2100
1445 1805
7297 5501
7457 6882
8169 43
7405 9150
5679 4763
8774 3008
5920 5422
378 92
3757 236
2108 8523
4300 6749
8083 7945
5877 5073
1659 3878
1813 7850
2546 5318
7999 7373
3900 1185
5429 4597
8992 6963
9459 6864
7401 5085
2597 2496
4631 5330
349 5226
5323 4923
5406 9578
830 4740
3219 2798
7914 7116
2745 6535
6799 4937
7968 9643
4816 8690
2958 4581
7924 5523
4076 7395
7125 2573
8839 9543
8244 1587
9552 4951
8067 6925
397 4622
4537 4361
5398 5864
9938 3029
3112 1306
5357 807
7461 2023
1276 3445
3506 3964
5991 6621
1976 3317
3033 5038
6452 4149
9681 6957
1048 8339
2947 9826
4103 7735
6117 280
2060 769
1410 5776
756 4387
2410 8894
2815 1538
8320 1643
2035 7321
5051 6657
9145 5829
2997 4834
7054 9210
8431 2834
6836 6956
2747 1240
382 4855
3633 2177
5511 5592
2795 8893
5580 3746
3112 928
8285 1130
2013 482
1984 1755
5455 7648
1886 4627
7354 2569
3508 6596
7405 577
3988 4532
7708 9265
2689 9853
2669 9221
6342 1662
43 6429
160 6712
38 8892
2863 9585
753 5884
1082 4981
6467 5113
2872 1744
3927 1873
5287 1189
8684 5738
9560 3754
2389 60
6785 5562
6601 499
6410 2929
8676 6046
7393 1572
1205 3283
7990 8567
5646 2393
5535 6628
295 3724
6213 3179
7516 2492
805 4588
9914 2366
2353 1279
8038 3657
3389 5212
70 7419
8466 9059
3093 4290
8205 1942
4291 3892
6465 1130
9475 5815
7937 7082
2172 2697
9687 6580
3369 5113
2288 6937
7273 2300
3278 129
8159 1065
8261 6645
3235 5293
1854 7028
8575 7064
2902 1134
8770 286
3888 7756
1569 9128
6367 6006
8913 2064
9597 3899
2270 8600
199 685
856 6020
8671 50
7841 9867
57 5700
7888 8106
9422 2386
7120 9937
4092 5645
9393 7252
4643 8300
630 6827
6041 3544
6502 2578
1560 7648
2460 5002
763 2215
3127 1334
68 8337
8442 6399
7497 7130
4061 4081
5426 4575
9130 7627
6877 4722
9617 5619
7339 4570
5636 2768
4416 4337
4124 5294
3558 6724
7762 382
3547 2167
9479 4179
7438 1758
9164 7909
2166 1685
7163 2274
9531 1913
4588 328
4971 7853
5536 1277
1414 742
5883 4727
4243 8367
9361 4788
7753 454
4048 836
8246 4685
8262 1945
2940 6506
7207 8574
3983 8583
7080 8605
4936 4003
599 6215
8501 591
3856 401
1798 2209
5321 4753
3218 1124
7191 981
880 8119
1463 5548
5599 1882
6550 8411
4910 6516
8985 4569
148 8223
3766 787
6745 6778
7385 281
7371 5926
481 5151
7099 1466
8496 9741
621 4928
5918 6864
3708 4549
4470 6806
6227 3404
1703 9974
469 8924
5236 6102
2309 8094
5605 4931
7343 3504
9812 9469
6158 4340
5313 2887
1363 4065
3199 5211
7285 385
948 2293
2299 7170
9037 5811
6916 6789
8967 3083
8495 7570
2023 3221
579 4050
8963 9757
1577 420
8039 1186
6716 3096
3618 3018
8256 5511
2934 4604
1897 1689
5947 6916
4319 2461
2316 9666
1280 8037
5544 1211
8910 4871
6994 5223
5213 6701
3666 9073
5574 1190
3571 8635
4247 2995
7762 7351
3441 6602
4389 3550
1737 3271
2082 1325
8727 2662
5571 7652
2714 6634
281 6133
5601 1482
1414 3131
2595 78
5729 3744
4857 1270
5654 1269
2655 6211
1236 5278
7878 8636
1597 6115
8485 2491
1529 9393
9971 2174
9635 2471
1087 5510
9690 5802
8329 9851
6994 3777
9974 630
7489 8857
6975 2821
1186 6834
6226 2746
8821 9040
6624 589
5069 6971
4830 5654
7744 287
9684 803
3675 8093
6161 5464
3132 5256
6260 8010
6678 6281
6756 819
2960 8156
5786 7122
6310 8641
6690 4664
5287 4379
5038 587
4421 7028
3474 2262
9320 3575
2665 4439
8571 5093
5838 8560
4958 2817
8740 7656
8018 9828
5263 8615
6432 1849
8089 3869
2195 4290
8734 8699
1305 2785
2384 4248
3125 4192
9203 4365
4752 3082
8514 9306
1572 4799
8713 9775
4240 6628
632 9619
1975 1697
2247 9521
9776 9745
5100 7990
9815 1941
5366 2997
6779 8145
5110 9587
2126 158
9585 5978
2200 5959
3647 9850
5941 108
479 2100
2386 8593
6673 8910
3012 3232
4426 9105
4481 4115
8916 6974
6884 3563
7579 6805
5517 9868
1889 4220
3311 7982
9130 7790
8225 3646
5009 3897
5950 6170
5330 6495
3188 985
7166 9590
3097 8609
746 1320
2417 1839
7423 9924
3497 9363
5852 4859
224 7713
7375 1011
4296 417
4784 8808
9785 8719
4711 3174
2015 4939
5425 2320
5399 2363
9550 412
3606 5877
1366 4741
6850 7461
5823 1976
5895 7613
9993 6727
611 8095
1346 7497
1546 7701
7730 1000
5218 5098
1409 3777
600 3743
4108 3304
2554 1799
1460 5713
7227 9018
8366 5016
1667 7558
3508 2474
6236 3865
3986 7754
9030 8713
6458 1069
9267 7308
6785 9662
8844 6992
4719 3403
9706 1268
9075 8597
1566 2029
8589 1396
6441 5427
8578 8737
9460 5761
1324 2027
3178 7064
5079 4291
6457 4492
4213 2655
3157 7621
8923 538
3925 6064
2882 674
2356 4572
7703 8250
6817 9838
2939 5734
207 6013
4371 8385
4342 4086
2713 474
4416 1129
3273 9970
4157 9066
1157 6160
8287 6529
2594 6637
9631 986
361 1609
8886 4326
2455 3668
293 5208
4813 8549
1966 7049
4784 7079
120 4773
90 1047
3966 9500
1447 1399
9729 5778
2217 3822
594 9343
6965 6470
8393 6975
2180 1997
7025 7970
707 8964
4121 4494
7347 6947
6948 4824
5705 3331
6794 751
8351 7586
1381 7073
5729 8979
2213 8276
4929 8843
3773 2351
9636 7573
899 814
7827 159
4627 2721
4299 7163
6189 9341
8301 9695
5907 521
5935 2469
3276 5491
7400 3628
5588 5081
3096 9013
1465 6320
9470 1623
4351 3761
2304 2667
2173 9639
1591 3840
9550 8146
2256 3368
5858 8326
3980 1801
3050 1293
1904 2142
1935 7089
5318 8084
2827 4579
2507 8909
7086 7655
2559 9760
1195 3541
24 4967
6232 2122
1263 8303
8818 8261
417 4156
8006 7706
4879 6802
6441 3586
4334 4493
9874 857
9064 9786
4746 3823
3386 1388
6259 6056
2804 1624
3374 780
4364 3209
739 3671
2059 8300
2621 6346
8270 1605
9099 5816
7910 8441
2497 3194
2344 8866
6533 4972
14 3374
8162 9534
3685 2048
4648 2179
6445 8478
6762 213
8572 8673
1070 6735
9979 1912
161 9154
1207 3301
7793 3473
2657 2078
3361 9204
4783 6797
2872 1801
6889 8369
2802 5278
1724 411
3469 1273
4395 8658
334 5200
4569 6863
554 257
7024 9058
6013 4331
3805 1723
4022 8723
1793 1297
5225 6273
7506 3263
5388 1008
2712 8642
1706 8081
7520 8076
8035 8424
8428 2980
682 4590
5729 3396
5286 8429
7177 3386
4161 2823
5631 1319
8748 8272
6437 451
8761 4303
3152 7959
4287 449
2667 609
9546 6198
1200 4164
6393 1330
7778 917
3646 7917
7895 223
4177 4404
1014 4368
3470 278
8397 810
530 7815
4205 6099
8322 1632
3356 5285
9588 5405
4370 5998
7699 3358
364 977
1967 2502
4029 6852
7819 8143
5448 3984
2078 5461
6759 9380
8946 726
4791 467
616 1112
4377 4993
9058 6499
8467 3513
1256 4819
6205 7162
1156 7943
8389 6661
9846 9013
1563 2961
5024 6132
4965 6248
3930 2336
7261 71
6479 1577
6654 418
7567 932
3450 3837
7531 6249
2647 8900
5804 8707
8189 7060
957 5971
6074 6767
4492 158
8062 7965
8493 330
9599 437
7847 7013
3670 840
9301 9662
3745 5175
2662 6026
9151 1000
2685 5392
3399 7621
7537 7837
257 6668
1294 8449
5819 1280
9475 5376
7461 4662
2595 4819
357 1321
132 1044
7365 9079
226 9125
5488 7938
957 3898
904 4977
4518 4826
2131 8332
8342 8370
1833 3538
3368 4802
9560 6247
4698 4158
8752 9310
3232 8142
9496 6884
1521 5854
4903 5461
3976 3087
6987 9924
1892 7844
2726 5496
6984 934
9163 2009
5644 8097
5318 9687
2842 1668
1249 8739
8642 5909
4816 692
3462 3563
8598 3268
8511 1106
685 7489
6406 9035
2835 9340
5419 2233
4423 5565
1346 6228
3696 525
3713 6154
198 2122
4020 7481
2151 2711
5801 71
5764 2681
5444 2570
5297 1595
9388 3456
2936 8251
9724 9737
4039 4955
915 4327
3741 7921
7253 3909
3585 1415
2663 8493
6987 9147
3318 5633
4889 7552
5457 5235
4716 4332
2747 9516
9384 4056
6570 7033
8855 7043
5547 5321
4183 2719
1067 6529
4247 914
8031 5480
1070 983
9821 1739
9525 8155
2433 4954
8391 5776
7449 9
408 6141
5609 8832
9051 9579
3912 3180
2427 2250
6705 331
8579 6826
9123 708
2966 8418
3490 5501
6680 8333
6884 211
9938 2792
9588 6870
5666 7702
9794 313
9113 3324
3184 9222
5467 4581
9527 3177
2338 286
2112 8880
92 4123
9868 241
1560 7793
9437 1028
5949 826
6234 7413
5716 9188
2351 1859
5705 6130
2746 4756
9485 8361
8720 7135
6903 868
8566 4016
6078 3681
3224 5655
657 3458
1237 7241
1199 7581
4064 8606
6127 8461
1009 2577
6506 3758
7330 4692
8204 7284
4627 8777
5350 5429
4311 5498
287 5370
2325 8177
894 6691
8567 8033
8402 5840
4846 6011
5579 4856
7420 9162
4558 2902
9720 3848
1540 2439
7934 4854
2843 9757
3644 9944
5892 9887
1287 3190
8627 7431
9732 3277
115 7122
4751 7180
8255 4820
7399 3064
7178 8385
5680 760
1944 7749
8671 5033
4050 1549
8994 1979
2455 9980
5110 9042
4997 8871
2591 2646
3444 1865
7203 2595
4587 512
639 9674
7273 7502
3985 9134
1598 9705
8940 1128
1487 6683
183 5332
3621 9538
5262 7714
206 9729
6751 6277
5163 2878
671 8711
657 2658
1827 6531
3528 5132
8823 5834
6255 9598
3466 1711
5750 9726
6768 2491
8418 2167
479 5081
6092 453
7186 2827
1346 6556
9081 7683
2037 1682
8711 5627
9146 5953
3027 7406
8313 150
5016 5596
2017 5973
1988 1306
1186 4194
2685 7696
6113 985
1479 537
8951 8471
1375 9686
5459 814
7124 1803
8659 7637
7912 6913
8463 854
9875 691
5711 2191
5808 6801
4895 1025
9919 1887
9538 5908
8833 2135
3244 4881
2815 7283
9271 3062
612 5364
3951 54
4782 5086
2918 3238
817 6073
5041 9234
8100 306
7672 8981
289 9079
6362 6740
5273 4239
5351 6740
398 4256
9428 4016
9912 2759
7547 7236
5345 564
8728 1140
3113 7819
909 470
1234 2884
2942 1059
7732 5451
7334 7850
8667 4241
1857 2462
1300 8233
1600 5731
8468 6748
9736 6308
4177 4597
3411 8304
7702 3318
6765 2825
9763 4866
4184 740
731 1600
5128 9403
3829 8254
1592 3102
3436 1596
9956 7325
7103 429
3805 9808
6369 5641
3944 6912
2490 542
8719 6059
7476 8378
6302 739
3391 2067
2247 8048
2269 31
367 8009
1206 8796
1215 6207
7926 6361
3667 3491
1242 2507
1150 8187
8167 9370
549 65
7875 2513
7391 9827
9738 7073
796 1156
746 2062
9035 1306
3671 1168
8065 4606
8488 5252
7945 671
88 5881
1535 4591
7444 2212
5621 7708
4861 8217
9741 6446
4244 2394
360 5818
1253 3595
5062 3844
2802 7426
3609 724
8784 5561
202 5878
7928 3917
4786 9851
4695 5233
7970 4903
6334 5884
5243 3441
6914 2470
4871 5093
29 5231
430 6997
2299 1129
6322 4740
8734 5081
1092 3818
6827 6570
4796 1779
9547 6409
4117 7679
747 202
2814 52
1804 8898
2746 2311
8499 1899
8017 3607
5866 3011
4701 8194
4430 7677
8782 6254
1743 2302
7862 7730
7155 4001
4526 4522
8018 7252
1935 1206
9515 3209
7834 9547
4414 6006
7489 9920
4945 7573
2011 4147
1340 7172
3220 2610
7580 2006
9658 834
5779 5025
1073 1212
1590 238
8272 8811
1118 9053
194 8367
1592 9550
2934 5036
7253 680
8208 8876
4523 3717
5030 2745
9809 7380
3091 1076
4935 4023
2679 9281
6396 867
3860 6088
8358 3874
8499 8022
6814 5764
2862 2602
7681 5193
3539 3784
5360 4537
8727 1721
2032 9212
1616 1177
7627 6370
7610 3880
8862 1405
8340 4730
6121 7314
9280 6103
7666 5276
2934 3307
962 9897
9073 6839
9238 1259
7456 7790
3375 9975
1607 3689
4787 457
1468 9140
9418 3519
9994 8655
7217 6234
5601 7309
154 6256
7604 6024
234 2764
7273 7819
2170 7196
9421 951
295 7218
6845 6383
2451 9540
814 4475
2049 7533
8647 8473
6524 2041
7970 4167
4625 2093
3710 1419
1008 732
431 2571
7151 4211
1261 9541
4823 3246
8241 9320
9141 6128
3659 5657
1882 6880
5039 3776
1916 6166
1522 5976
3859 2626
3922 2338
2076 7254
3708 2882
6314 4679
4148 625
80 1264
1312 7353
8472 6974
4269 1212
7903 197
9913 4126
4758 8473
6903 7574
5683 9270
9070 2545
4094 5306
2282 3839
9924 4021
7338 8484
4184 4768
1808 1656
6989 8419
3140 4728
1613 5468
4497 6227
1173 8511
5367 9917
854 177
2295 8351
5862 2316
2906 7685
1853 2207
3499 3695
5913 2235
7800 7744
298 2886
5845 2562
406 1932
2040 577
6678 7801
4222 9883
1223 9296
1109 6902
603 5255
6688 1434
3605 1177
4727 4787
1377 7187
4740 7376
9449 6807
3190 5799
2641 2924
7858 6735
6860 4219
6381 6420
8484 7348
7859 630
3718 2839
6340 4394
4675 4908
5601 6488
2193 8379
1683 987
5224 6100
1109 9684
934 1145
1525 8472
2571 1295
3959 8365
206 129
6594 3233
9814 1757
5808 899
8257 6116
6226 7528
992 6910
7627 3399
2489 5588
8320 5885
8100 5541
6398 9034
7167 977
6532 1971
8026 3393
5444 8734
7756 9261
6855 6792
2780 9380
8182 5666
5240 7960
513 1360
8018 7823
3596 9097
3661 3203
7565 4042
1556 6419
8704 4915
3188 8112
4771 5080
4238 9169
4330 1233
566 7023
6844 5002
2326 2314
1060 4116
139 7650
1441 2530
3191 7518
5750 541
6414 3017
5307 113
7209 6160
8954 6973
4630 5957
2850 1463
4837 7087
2360 6518
3405 8776
785 1942
9397 5709
154 5704
555 2722
6608 575
8193 1323
7128 1331
6874 4916
8072 8306
5586 3963
4284 3898
995 3616
2978 2481
2913 1803
1310 717
5263 2854
6439 5132
2072 2095
5096 942
3927 3592
6560 614
2958 5415
3490 8956
5715 4070
1190 5421
1951 100
4614 7562
6717 114
6082 645
4497 5078
4909 1575
8030 3163
2317 7501
5439 6192
7486 502
8191 9653
3664 2183
1169 7281
2101 519
3449 3374
8820 4563
3472 5563
5817 6971
6116 7497
5250 6803
4133 6767
2867 7555
1114 4951
4579 4968
3466 2094
8525 384
1027 2343
5152 6418
9463 2937
2240 3844
3674 8541
8002 6371
6069 2369
4468 5327
9942 3623
8227 8283
4238 6070
9218 7025
8033 328
2154 7405
5562 5483
7364 8541
9508 113
3857 3607
6770 1647
2563 5299
4120 4257
657 9261
5151 4101
6359 8757
7029 3035
1635 8302
6027 8940
7353 5794
9493 320
8976 6156
9182 8982
8547 8604
369 64
6834 7351
6033 3076
9790 565
8066 8812
9168 3569
637 7479
370 9405
2784 1462
8372 923
1212 6831
3161 9349
4629 2734
3095 1413
7830 767
7195 2670
6874 3925
6707 8129
4948 8423
5858 2777
8680 1261
9407 9312
7231 9479
8390 9623
6855 230
3269 1618
1393 4049
9856 586
6034 1746
9647 4937
5202 2583
6363 2257
9424 1665
2132 742
2907 7768
5725 543
7562 2325
846 7129
1670 710
8994 3508
5211 9389
4327 9188
9963 3714
5248 8609
3370 941
3958 9799
7987 7052
7043 3447
6145 9411
5141 3108
39 3863
5025 9671
4681 4754
1934 5180
4144 5971
7030 4419
5435 2443
6552 8831
5608 9376
9209 7882
9295 2301
2686 3039
7511 1984
3811 9535
9247 5980
599 3773
8135 9525
8318 7042
7364 2806
9086 9209
6559 558
1826 6020
1175 334
8010 2485
4010 781
4905 5318
3664 9860
4566 1554
5313 6531
6251 2329
4857 4762
3337 8864
1243 1504
450 9183
5339 1568
8718 8545
6051 4519
7767 2311
3583 8856
6940 1589
4529 5816
5826 9124
6813 1714
9310 9551
9726 2323
7388 4726
6192 767
9579 2381
1667 2411
6671 7822
3423 49
5102 1667
7370 1471
6516 1709
2867 360
5327 8688
9675 3233
35 4580
599 3093
4118 8550
8927 98
1525 5445
1458 778
5758 3493
96 2611
9428 4879
814 4199
8159 767
4838 4677
5753 9445
5188 3294
4193 5669
1850 7368
7388 4855
3101 2479
463 8567
9237 8191
3142 9254
3297 8043
4337 3239
8273 1145
7489 3763
3866 6420
8512 8197
2518 8889
5654 8319
241 1130
6420 2068
9389 6878
7405 2267
271 1903
5256 1698
7823 6282
7904 8121
6204 9811
5268 5139
5958 6334
8471 8889
9490 2727
2801 5830
810 8139
268 1195
8074 7101
4679 9309
788 610
6119 3602
4333 1381
7873 2952
6190 4340
3266 5022
5508 4225
9559 2505
1648 7185
5061 2321
9207 3648
3266 1985
3603 2908
954 42
800 1974
1483 6240
5680 2900
6585 4716
392 2113
3643 6072
8784 3868
5756 9062
5527 117
2715 7898
9453 819
7755 3083
7496 9584
9732 1254
8431 5003
5392 8091
6370 7653
8398 878
2928 2597
9059 4679
8126 8836
820 4834
855 850
7726 1264
3767 6383
1486 9429
6783 946
9641 7784
6580 5414
8869 949
8032 1832
414 2878
2640 1514
1570 4390
2996 7219
9253 8693
2114 2397
5246 8679
9698 5558
6600 3532
2515 9007
1810 5418
357 8912
5584 9318
5934 9170
4359 6287
9494 4995
6085 5491
6778 9238
4919 9112
44 8416
3328 4485
2657 3532
8297 22
706 6664
9259 1803
2140 7270
2935 6041
7728 8972
7583 4999
5635 8468
4170 8099
5039 3277
8180 7051
7888 8408
2635 4772
2217 5772
2163 9863
6572 7810
1091 7903
9605 7865
4726 4412
8864 7459
9227 9122
7278 7655
1078 8299
6213 6813
4460 2145
4525 8053
6955 997
4867 480
4864 635
7689 9493
590 3915
3892 1230
8718 7698
9677 1656
4441 8671
9873 4407
704 8342
1569 3567
7669 6640
4515 6716
847 9065
1407 2987
6154 8161
194 6335
2436 3116
3022 3213
1202 3698
6568 1040
4521 2511
6073 9941
8661 8100
3182 3120
8005 52
4312 7766
2556 1720
4157 8241
1266 8604
7733 3951
2402 6144
2701 5203
2474 1271
1176 9427
1629 3995
9161 8712
1956 5799
7962 4225
9769 8268
7960 4160
7338 3693
7012 2155
5724 738
1715 6508
2070 6665
5999 4194
3729 2160
3861 9470
5375 7981
1125 87
5569 9494
6645 8246
3519 9865
2670 1563
1589 7317
9709 614
2800 8015
4244 6654
1860 1807
7926 7598
2825 3536
5294 2723
8362 7203
7673 8943
8709 6700
7431 2649
2973 9076
8974 5035
2843 1909
7335 9827
4905 7425
3119 7186
5990 8332
1735 5808
2837 2125
5845 5462
7757 2209
9969 5474
1562 4776
8489 6407
3323 5990
2909 1386
1554 5203
8947 8822
9607 8028
6356 6281
3493 9312
6349 1429
1100 4131
6160 7216
2301 4398
3056 5988
5217 189
5976 4575
2179 5664
3397 2756
2865 2394
295 1497
8655 53
612 9799
7795 2013
3798 6829
3066 5520
6376 7502
1218 8164
2332 910
5502 6721
1928 6008
7557 3027
580 9979
1171 1465
5261 8168
2903 8425
9430 3462
7683 2394
2482 7311
5408 2920
7115 224
1703 9731
2286 7869
2408 4688
7405 714
3143 7415
3355 9059
6346 2947
2804 8949
9469 5237
2866 2307
2030 9010
4265 306
2897 3104
5196 1421
6156 2205
3973 9649
620 7272
817 3746
1695 7638
4082 6085
4392 3118
2251 6756
5151 8925
1032 9373
5598 627
4707 6355
3061 9013
4848 3115
8742 4441
4258 3985
2217 4460
7363 6193
2234 2735
3216 4030
2838 5990
8251 4510
8770 9208
4456 1099
6996 3106
1920 8356
3736 4772
1361 4650
1628 6242
6155 5411
1732 9652
3172 8107
599 4070
1141 8494
5599 825
6268 7439
8573 6592
904 6389
1524 3092
7952 920
5561 7281
5900 216
6569 1127
1770 983
3555 8217
4059 7082
7690 1377
2739 1883
4052 1018
5500 7466
9389 2293
7459 9751
373 7285
2890 3706
8958 802
4581 3036
3135 4378
4669 7035
1364 5131
2048 2858
9051 7003
9230 4254
8552 1600
1134 5458
6034 8696
6759 9140
6340 1747
951 4646
8189 1172
7024 6878
1184 1683
6070 4582
3781 3805
2434 6572
7750 2259
4386 147
3907 9959
2086 2065
4558 2946
7349 6463
7904 4769
7894 4588
8850 3779
9959 2522
2709 8429
7082 4703
6843 9254
9859 6518
9435 8667
4555 1676
6993 764
9840 9971
2171 8717
6099 946
4221 2502
8488 7026
1374 276
7177 931
4985 8550
9412 9365
8141 8240
9064 3039
221 1899
44 1852
9921 8739
73 9481
4979 6552
6779 6777
4979 5773
6035 1105
1044 3436
9224 204
4972 2321
2033 2967
5512 7850
9772 774
7782 7821
635 8462
3912 8274
3442 2457
1816 4805
4330 5621
8959 8982
6705 1861
2460 3016
264 6430
4243 7269
5107 9899
8715 9592
5165 3962
2911 6961
2305 749
3086 9141
306 266
9772 3324
8548 5452
2575 8833
9696 3487
5890 8502
5476 7863
2245 7453
9201 6874
9435 8672
8571 5745
5914 6185
2941 2092
3359 4587
8514 4171
791 8983
4781 4181
9335 9288
1394 6869
4614 1224
9851 7832
4526 1160
9460 1856
4014 7740
8622 4596
5514 2253
6512 2286
2105 3701
5249 7227
278 9222
9552 3103
1505 9508
8461 5390
6619 6806
8925 4436
7325 6217
6937 3422
8673 8877
5327 4095
8871 2710
3584 5468
5826 4604
5808 9312
9625 3099
7578 3401
166 1044
3529 2825
8394 2154
3440 5958
1703 2598
6115 1994
5301 2948
5660 6419
4494 7412
8327 7396
7889 4041
9094 6227
98 5885
8269 7609
9176 3067
7703 7829
1199 3092
2447 6745
9748 9099
6248 7515
8060 9561
8886 1798
5260 7977
9267 3894
994 4125
4555 7440
1675 3095
7632 4151
6763 9473
5414 5992
9464 2102
7992 5183
6031 8486
4977 176
2878 1270
1812 3615
8904 6814
2501 6712
1381 6681
3454 424
2110 9528
2955 3297
1285 1088
2030 3210
8203 807
1996 2237
9785 9627
6989 8584
1416 5467
2368 6140
9048 3115
6757 2769
269 7829
6433 6240
4589 163
3085 1879
531 118
7656 4153
9215 7074
1728 4891
9220 3999
5453 1673
8233 42
4919 9887
2681 5346
8602 6111
1219 4603
5209 3553
8506 9886
7449 511
5925 9559
1857 9605
5232 2022
1120 7463
4026 2111
6375 1291
8166 1130
4619 9146
2346 8099
3573 9396
4786 3019
2721 5065
6750 3093
8226 7184
5999 2250
5196 7492
4014 4229
7577 7569
8758 1320
1013 5484
6533 1350
6354 889
8575 5158
1685 5362
3723 6262
8231 7415
2932 4054
6612 8232
6969 6617
79 3101
4125 4488
5213 6479
5527 1678
6901 1052
1987 6684
2455 1862
5312 2871
5650 485
6321 1173
2475 3921
3180 4468
5469 9992
717 259
2260 4062
1428 6615
5729 6184
2419 2280
2857 4576
4753 2145
4486 7780
8905 1939
2548 8647
7964 2018
6885 7663
5771 7479
6286 5573
189 9724
4312 408
2847 2915
1920 778
4431 9008
8519 9457
2289 9722
962 1064
2346 5646
59 9787
8071 5516
8766 9038
7495 9192
3581 2407
4429 4346
6125 6256
9855 7422
6423 5366
8074 3285
6087 1964
3019 2259
7184 4601
1511 751
3543 5157
3508 6485
2388 432
558 6999
3812 5516
3779 3736
3513 4062
7431 3280
9400 6561
9441 4379
26 2386
4428 922
3756 5493
5703 944
6719 1759
6918 9605
984 6266
3006 6023
1281 9044
8780 1780
8694 6736
2303 3138
633 9107
2506 424
1487 5384
1891 2786
7457 3629
6935 3808
3692 2548
9715 7671
9233 4835
3036 9503
2181 7476
3417 659
9042 8917
995 2820
7621 7354
6652 1030
5374 5638
1557 8994
1891 6341
5686 6563
4013 358
7786 5417
297 9065
5776 4825
3944 3669
8491 586
4511 9941
2787 6681
3912 7061
4530 358
6975 7530
1096 405
2327 4424
8280 6286
2467 8505
7753 8478
4092 5773
9669 8420
6177 3876
9037 3988
4323 9014
9683 9079
4309 7115
110 1033
2530 9956
6682 4154
3382 9600
2469 7054
1684 9287
7363 7261
3391 5075
5131 6707
6737 4418
1673 1665
4679 8582
2298 1802
306 8004
5938 6519
2967 5017
4537 1348
7888 8208
5593 6097
4906 3581
9586 9889
9157 2949
1239 6462
3863 7955
8239 4467
1961 4773
7012 1137
6456 1581
263 2699
4293 818
7978 7481
5190 7324
8756 1913
4035 4571
2849 4137
2297 7424
4784 2575
5722 4769
19 5313
4252 7290
434 4045
8262 2263
6440 8338
454 2348
1349 6181
733 3117
8666 9566
32 1541
5296 1640
7209 5955
9665 9844
3237 6521
7853 7686
3828 1132
2231 6567
3596 7335
8646 4497
1046 7207
6709 1734
6207 7136
1586 9770
9481 3318
3042 9028
7719 7269
7548 7777
6676 2315
9034 4945
7021 3192
3739 5160
1794 405
8340 6382
9529 5258
9082 2368
1419 8133
3913 5325
3558 74
5696 5801
2345 2382
2371 2317
5627 7547
3576 8133
4196 1984
2794 993
1841 6014
8969 6661
229 2988
2904 7208
8835 7475
4830 2137
4677 7506
8646 6117
3784 1387
8895 6322
2989 5092
1948 2312
8010 8024
8132 6627
6663 2516
9491 1922
3746 9210
2936 3163
1227 7969
325 9413
4584 7698
9459 9996
7410 1613
8731 7344
4263 5586
6813 9430
3830 713
4013 9254
294 3370
5457 9899
2671 2566
3572 1750
1263 716
5351 8428
6742 8772
1930 5427
1898 792
6183 3961
1876 5798
6744 1821
4801 1359
4012 852
8707 1755
3990 9477
6830 8131
1246 8333
779 6726
3710 3020
6328 3540
405 2871
421 9078
3288 5508
3800 3844
8828 8256
330 1997
1182 8892
2505 2819
7179 5500
6596 7836
2648 4663
2834 2930
5643 7322
43 3300
7055 1445
9117 4403
3093 2108
5768 1910
3918 4247
6915 6182
4689 1442
6357 787
7995 7838
732 7565
5226 7198
3545 4219
5186 2424
7016 6481
111 4177
8857 1184
5934 1000
868 1019
224 8324
4939 7484
8201 9023
5607 2926
1971 9398
5985 1522
9980 701
3498 8027
9155 617
6436 5730
4831 6035
4502 1106
4936 252
3131 7132
2748 9219
5316 1973
8924 9553
4130 4548
9900 4734
45 1956
1174 6536
6527 5256
1656 5939
9594 962
7361 2772
7086 5866
2920 6645
2100 4285
501 3141
1798 5260
1254 4661
1028 3273
2492 9115
4048 237
395 4947
7219 5
4701 8969
390 5136
4400 352
6986 4403
19 2142
3312 2741
4765 8285
4130 1283
8742 5100
7592 9677
7100 7756
5572 3655
6016 3700
519 4185
9222 14
3577 384
9321 3175
213 6411
116 7315
1578 3406
8970 4966
1179 9090
9839 5308
4400 5219
9516 1106
1379 6177
6799 218
8196 7567
982 7735
3278 2591
8863 2981
200 4164
796 2967
7381 5100
3498 9012
4132 8780
3422 6785
8348 6768
5919 3949
1494 7606
3494 8551
1294 3342
4437 962
8501 4609
1821 3528
9586 3383
1750 564
8668 4223
2427 9574
8754 3003
2235 1827
7283 4001
2042 7619
1318 5387
9581 6769
8116 4536
1410 9343
9849 329
8678 5823
1286 9317
5548 4331
6450 5733
6621 5213
3156 6248
8962 6536
9387 8640
6620 2781
3046 8452
4653 3607
8716 8620
5564 7840
9222 7528
5333 5449
4208 3450
4919 6150
6556 3654
6740 2960
8174 1577
2116 2673
9457 2432
4466 1211
5088 4012
7725 9762
8814 7957
8249 8765
9055 1476
3324 6745
4652 2007
2817 950
9859 7088
9256 3240
8597 3271
5220 1063
9255 3812
8396 9103
657 7813
9578 3969
50 990
655 5040
137 1876
1549 7893
7182 1985
3579 5772
5655 5204
2821 6965
915 4590
6250 6739
4963 2949
9900 4752
1467 804
5603 231
1382 1033
2442 5417
3888 535
2001 5625
5705 370
6937 8416
7464 6901
267 2697
598 1935
2146 6998
8911 1233
9468 2025
1413 6434
8253 7532
8397 3451
7291 8730
2527 3644
4307 5267
4186 4341
3171 6044
2414 4078
2206 3261
4768 5775
2331 5969
1449 5752
3462 7385
2999 6811
3454 9290
475 5933
3589 858
170 6633
6371 8967
3532 1196
9444 608
9936 3050
7765 9417
8230 9832
4859 4812
115 96
8044 3779
6561 4368
1699 4607
300 8811
7296 8820
5798 7014
7990 6714
9651 4444
2812 6734
8414 3835
2589 1839
5107 5653
3784 1265
1667 384
1360 8541
6067 2150
364 3231
4940 470
2808 6615
3213 9793
739 7321
5781 3997
5999 5565
4825 5510
597 3679
6068 5976
4990 2896
9714 7910
7674 2819
7556 4375
1901 1329
847 8019
2285 6373
316 6282
2918 1025
5354 8221
4022 3272
3256 6531
5041 1137
3307 1926
7774 474
6638 2083
1511 5651
1565 5870
5245 9871
1433 7915
531 8023
9031 166
1982 9574
6001 7532
5947 3533
8803 2224
3513 5601
1887 4647
954 8312
7626 3564
4439 4960
8252 6029
553 7912
5780 6268
7569 8613
4050 7294
7024 5631
6699 1040
255 8257
5929 1069
7977 5228
3896 6873
5292 5460
5114 9049
5228 418
5060 8441
3136 2816
3311 4085
1747 1776
8360 7120
1268 5350
7984 8608
8694 5609
2060 6511
8049 278
2022 9580
3167 5133
9386 3960
4736 514
7082 5978
5063 5133
8555 8955
4314 1850
9206 3003
4581 7002
904 3322
6088 7953
2482 8527
8133 7606
6201 9861
1667 2741
567 1145
9534 5296
2424 3917
3700 7594
2318 4712
5273 2699
2958 8564
7348 8831
9281 5119
6864 4551
3572 5706
2860 86
408 7885
7403 8420
3522 3761
9525 5727
2604 5524
3332 1494
6898 1625
1800 1644
4439 8053
6644 1051
5325 7828
8766 2078
112 2561
2195 4885
684 8049
2880 9365
8162 7257
3274 5686
4440 147
295 3635
7814 9854
4899 7037
6873 3115
3772 472
5763 9633
4679 3821
6921 7321
8617 7543
3188 4978
8478 5382
9153 8494
7541 1247
4449 4948
7281 3385
8585 9324
3242 1665
803 1366
650 3159
3756 7811
5713 6335
804 6730
5170 4081
5329 965
4835 7018
380 6417
4257 1513
4290 6226
8890 8450
6468 1404
8880 2750
151 7019
5325 9945
2325 1244
6714 4755
3483 3138
8582 3312
2985 5794
3157 232
1253 8711
878 8615
8264 4718
9740 7582
8703 9707
4447 7648
811 4307
7464 3270
2642 8592
4208 1836
3899 8624
49 1794
3190 8694
3947 731
1986 7464
3025 2785
2453 7215
8841 2463
4184 8730
336 5398
6152 1531
260 2985
9942 216
7064 9728
9560 9659
8915 2585
3814 4675
4433 8370
9278 289
2721 6945
2544 9324
5765 7884
4274 8173
4709 7473
5789 9812
3180 5503
2126 7553
2297 2427
3606 9451
1824 5037
2331 5773
3047 3232
197 2324
8137 6213
929 7682
3526 4864
2418 1550
7393 8234
4043 8770
4241 6701
4182 6268
3968 9676
208 3277
6175 3000
8746 3085
8864 1659
4298 5685
8219 2177
3992 4323
6474 1498
641 2874
2572 9994
4760 5119
6133 6522
4224 8717
7613 932
2579 3970
8813 1146
5822 1984
6853 687
1634 4637
4777 5468
2629 3651
6655 2941
2479 9409
1298 8434
1758 5479
1570 1423
2514 2654
9842 7643
1633 1070
9305 6821
5076 7351
2786 4746
4024 3881
7227 5216
3567 4843
42 5743
2796 3863
7811 3619
8682 5148
5907 4379
1078 6091
2249 205
4352 7131
5127 176
7007 7958
8197 1888
7130 233
479 9629
6143 5112
8306 4748
463 8423
2211 7349
8928 4834
1848 8915
762 8502
828 4711
8219 3606
831 1094
5091 5479
6468 806
5752 8100
6994 3541
6948 2826
3396 7314
4802 5229
2713 3282
2036 4722
1748 6188
9152 3619
3340 7917
5966 1438
8126 6406
8300 9478
198 5193
9818 7472
282 95
2206 3688
4143 5220
98 1690
9633 5673
6865 3817
1840 578
2509 3723
8925 7270
220 5290
4146 5762
6422 6965
4951 4022
2441 4973
7389 7814
9350 7816
1799 1274
3409 2690
1436 8062
1780 2055
135 3571
4988 8586
8199 9340
8251 8802
3375 9154
3317 8295
4487 7441
6947 3865
6009 1625
9171 746
8677 4589
7285 8863
6493 4183
991 7026
6666 8178
3531 291
3029 3807
3876 3010
2495 881
5052 5639
6329 6801
1993 203
8172 2650
1988 3212
3955 8557
1336 8509
1868 4399
9849 1139
411 6183
42 6281
3863 6496
8805 5629
1707 5661
7864 7729
6054 3056
7298 5179
9564 7585
3050 8693
2130 5597
8632 6813
8405 4117
7722 4310
9812 9995
6657 5334
7346 8568
5361 5414
629 5993
3525 789
6650 3469
1832 9461
270 6265
5997 5036
950 9748
7239 6821
7784 731
2002 6893
2080 1934
7193 1222
6716 6017
4413 9927
8689 2300
6085 4889
1940 6444
6056 1356
353 8128
868 7216
4903 4956
6795 8061
7641 6185
6017 5819
8207 9107
7247 26
2579 106
1987 3084
4261 4129
8158 3894
2967 9602
4164 3859
5650 3753
7696 8480
9744 468
9917 6273
2047 4794
5262 1931
7524 2672
1383 3688
9445 1877
7297 7014
78 1864
4106 9432
3934 7724
7715 8067
1303 1659
2160 6034
8401 4112
4203 5363
8615 3803
8898 5800
6120 33
5077 8183
4903 8650
7688 1035
1916 4433
4519 3376
2833 1848
2173 2282
3894 4977
2940 1839
5406 294
7880 9560
928 1217
395 1925
8614 453
1763 2918
4529 3315
7712 9042
1315 6854
7351 6212
3571 4840
3953 8201
8317 3882
60 7331
9488 5504
6457 4697
7150 8147
3724 1877
511 5373
7840 9172
542 6640
4912 5642
1914 8800
7327 8667
2807 1716
7745 419
539 6681
1920 2287
3105 5423
2872 4594
3689 6714
4362 9361
1894 2050
3821 5863
7566 3603
5736 562
7966 8046
7674 1076
2228 9846
6979 6819
6739 7732
3192 201
7778 4708
3106 1924
4893 118
7935 1719
3347 4333
2560 4072
6790 8003
8986 7488
4654 1795
8933 2942
5334 3806
6608 3284
6158 9127
235 2872
615 6983
6779 8981
1306 5625
4921 7095
33 2063
3683 7507
6461 8971
490 1324
910 6103
1075 9039
2734 8414
4694 264
4535 3056
5906 5883
9208 3666
3783 3468
4116 268
8906 6903
2946 4729
7493 601
5070 3018
1524 2868
1607 596
9977 6303
2831 3293
4504 9668
4430 8851
5516 1201
1807 117
7312 8615
9218 1224
1671 9438
4584 9411
6341 6639
8714 9331
3748 104
1635 5800
4400 1580
2849 7894
1179 9201
4472 6325
1354 2768
8191 3266
1237 9176
3184 3788
1659 5690
6924 5015
172 6750
9413 6060
2317 3166
8499 5879
1112 6934
4400 6408
4649 2922
7596 6067
6642 8992
2105 6064
4840 8049
5263 7771
1363 7725
4586 437
3058 9876
8263 7313
1541 7437
2411 9032
4561 8531
3292 7221
3552 482
2949 9114
6830 9663
4023 4074
6653 1086
6515 6476
2050 4265
6224 5166
1861 192
2843 128
229 3987
1106 9109
3794 7098
1384 1430
6561 4974
8197 3182
9820 2205
1139 3134
3503 9833
6306 2635
3468 3338
116 4251
3976 6760
5458 1052
8748 8145
8581 5309
5220 7897
7085 4307
8883 8309
2958 1990
5246 1231
4574 7473
844 4693
8761 2085
1085 2874
8301 7094
9328 6196
8830 7469
2507 6332
179 9652
102 5441
4327 1341
7904 501
8921 5692
1993 3070
8060 1832
3670 2215
6360 8494
7217 5468
4359 6814
9862 3090
4809 9948
1687 5260
9136 9072
9305 4839
7285 6598
8101 4831
6529 8623
40 983
3141 1471
9507 7910
5859 2125
123 3493
546 9541
8554 9362
6413 5321
220 9407
7349 3756
9140 1107
5259 2070
5572 7912
951 7123
6344 7915
5348 7380
1196 5568
6257 4684
9457 8268
9585 4931
4509 4393
2588 6023
2135 6837
9884 4871
2991 3187
1297 6598
9556 8392
6589 8366
3708 6559
5497 9450
8752 1798
9694 9322
1116 5215
4573 7267
8612 2480
8248 4189
650 5699
7382 1827
6905 8471
4739 9926
5453 237
7949 3291
3080 8443
2760 920
95 9821
2923 6299
3275 3023
2657 7363
6249 8932
570 6133
4890 7842
5767 824
4356 4692
4193 2681
1535 2518
1234 2712
3800 173
1578 4409
6993 1005
9372 6692
2111 6576
9614 1462
5883 8102
125 1390
4882 6511
8582 816
4101 5859
7886 5686
1866 5738
3628 8393
2121 1093
7961 7452
4191 1187
7799 434
4702 3516
4103 899
1387 4618
5713 7979
5279 7643
3552 491
5911 2481
7891 5174
2708 5698
3934 8501
1500 7048
8615 9540
5175 5233
3273 4627
3810 9360
7300 6229
799 9146
1275 5428
9252 7258
1076 4795
3431 5855
4332 955
793 2409
5617 8743
4216 2463
9766 5351
2858 91
5058 1241
8249 5740
7457 2315
2658 4163
2529 4723
9733 5991
8695 2231
2104 7329
9448 4053
1060 976
6384 4509
9270 695
1358 6737
9983 2346
9718 3500
7301 5765
9246 3560
4048 7637
4225 4966
4270 9324
815 9962
8351 6129
3931 3405
4201 1966
4203 9305
8341 8352
8940 1521
3152 8443
7468 6086
555 4084
8270 5282
3852 6436
7369 241
2091 4588
2825 7267
2582 4619
9901 7612
3837 570
6071 8725
1494 8705
3407 7192
4394 6335
3137 6071
758 8485
7130 7925
8139 9147
847 9227
2047 9339
149 5637
986 7345
9322 8099
6762 2209
6539 9593
9567 2017
4908 4847
559 7770
2388 6817
4947 6187
5821 1375
7529 2774
1864 7887
7888 321
5143 1974
3439 2871
4034 8387
3806 2965
6483 2036
5178 2269
4793 8927
4582 2854
4809 9771
9797 9177
5064 4052
401 4406
7266 7754
4023 3549
2647 4066
6793 1286
3080 1236
5722 473
8478 8011
6933 3719
2964 2840
6919 7119
520 288
1696 2713
8942 2425
9095 4415
2557 4081
6131 2015
9392 9895
1490 9867
2342 9952
3669 9832
2866 5475
3234 1042
587 9325
5617 855
9069 4079
2304 4888
9063 3835
10000 3147
6331 4474
6389 379
3474 376
8313 3158
5301 4614
3577 8686
2565 1240
7063 9977
7507 2741
6422 5169
6104 4506
9394 3701
4927 4983
2181 982
7622 7696
6547 9179
5345 493
6575 157
4359 5418
2419 3676
8099 5752
9805 1064
516 3418
9996 2248
9917 153
6855 5639
3174 2849
2694 4706
8617 5314
9335 507
9110 6351
4602 6345
9327 818
3798 1110
4524 7574
1266 4207
3881 3356
7196 6824
771 3127
5814 3446
2703 7808
4484 4114
2451 1554
1823 7533
1307 5087
3765 9510
8517 7897
2838 8134
8677 7050
1256 5029
4898 3100
9637 2081
3863 8770
4504 2846
3667 8094
7988 8881
777 5208
940 1588
7569 4461
3212 6086
837 7070
1743 4888
1957 6029
9990 6848
8292 7251
3416 8586
536 5117
140 1378
9198 6058
272 5371
531 6255
5334 8155
3916 1331
7954 2156
8671 4931
4093 2957
2488 1967
9141 6143
7285 6283
3978 5737
2682 463
8739 6949
1550 9736
4359 1504
6140 4197
757 3358
5395 9434
4748 1395
647 6928
5331 1243
7294 5331
1922 4707
3427 5459
4055 2349
2406 7268
5987 4240
1337 1149
7610 2390
5397 9965
1879 5037
2275 8001
3605 5719
3796 80
2023 6969
3322 5471
8193 4159
8732 3085
3356 5399
3542 7641
5622 5474
4886 9958
5696 4374
800 9038
1774 5822
4123 2972
3435 2984
7987 2288
8418 550
4277 1359
3430 238
5173 9857
7611 9002
3611 8337
634 8841
6465 4993
8449 2556
8839 3987
3553 5098
2912 3921
7198 7884
82 7733
4691 2817
5306 3282
6027 7579
8630 9385
2553 2273
7609 2325
7233 6635
74 8592
6156 2985
6661 8123
696 429
5944 938
6086 2684
9416 6774
3291 1520
9194 4905
7311 5033
4586 2837
8449 7463
2775 398
4240 8418
7476 2043
595 9859
8905 473
4755 88
5537 3944
2908 8116
5386 956
5920 8684
935 9485
7203 1499
2673 9015
4304 2607
7602 1675
1346 921
9897 5340
7308 1265
6057 8611
9730 1712
5385 5004
5230 901
6965 7143
5740 3377
4667 5847
8525 7626
6240 8070
6200 2987
5225 7183
7637 2195
114 963
5536 8226
602 1861
4780 5487
9765 3230
4013 5380
1657 6985
3629 2464
3329 2280
1976 6644
6237 6445
1087 7655
1008 8690
1913 2658
8465 3938
9054 2181
7066 4541
3562 1120
5852 168
6928 9531
8665 507
8980 5534
1897 7089
1744 8041
4374 3835
1344 6030
3503 1694
5254 3410
9881 1600
3446 4064
2425 6239
2619 9909
9243 7066
5601 7653
8255 9270
3609 5253
8870 6586
8760 9807
4985 5523
3703 4849
995 3521
1668 1326
4018 8408
1488 523
5706 5216
7504 1651
9841 3206
749 1524
6276 6553
7459 6432
8577 5085
7509 5901
6395 3195
9143 1669
7610 8495
6435 1767
1736 2825
3333 9204
8532 5821
2559 9651
4595 3379
1718 2029
7610 6087
9378 241
1989 4090
7746 4129
6036 6607
1270 4596
3945 9071
9267 3330
9851 8149
627 4011
4757 9699
8338 944
8167 4044
1746 9800
9144 1821
4515 1970
1629 1516
1535 237
4477 7481
695 5419
7835 5752
6590 5701
2332 9509
3996 9670
2503 4701
9259 7151
9307 6483
3803 7221
1257 8812
5806 6862
1254 2243
5564 2744
4267 9206
7089 867
4053 8023
1098 1265
5477 2828
9708 5037
992 3215
621 2353
4032 9070
2937 7678
3185 2348
2366 5832
9557 8366
6256 1768
8337 272
2534 4136
4958 1246
9355 4730
88 4171
3102 9602
1186 6701
4450 5975
5297 3646
3279 5142
7724 4877
1423 9615
8435 4539
4818 1926
5125 5455
7930 7107
1176 9234
6048 8259
3092 1380
8077 8148
1528 3989
3105 77
4692 3612
352 388
7902 1508
320 5221
8013 5466
7037 8018
3809 5473
5877 6638
201 6942
8525 6513
5307 1403
2521 2439
1183 3992
6439 2225
6948 5590
5478 5090
1770 3354
4919 2899
5703 3600
3571 4143
435 2949
7492 6344
9099 1388
7338 6720
5425 8395
2375 7473
1018 3371
948 1590
623 4266
7466 1679
7997 8732
5850 3201
9685 5254
7382 6052
4988 9683
9141 5555
4156 3631
4835 4415
354 7982
9358 6157
9726 870
2442 787
4166 7632
7182 991
2722 107
9429 8608
385 8281
7518 7099
8548 4385
1869 8935
174 2667
1575 2337
9066 583
9498 4633
5284 2646
8307 5203
3006 2511
2101 6487
7437 604
2137 626
7946 3322
680 1907
5250 7629
6979 30
1014 2905
6092 1597
3196 282
3370 2761
1340 6845
7817 5957
8275 9877
7560 7892
9603 2711
1001 4318
6513 1838
8452 1712
9702 6072
1908 3016
6687 3974
3240 9388
8158 4576
3236 8612
2054 1695
6765 3932
1538 770
2769 7748
2751 8985
845 8831
781 4445
2580 6327
6962 4806
4559 7271
2823 6035
5080 9456
6153 1942
973 7941
9785 2645
2867 8158
5277 6810
497 441
6061 1972
6305 6260
8678 5140
9586 6037
7050 9713
3768 6610
558 5780
59 7689
1771 7517
3732 6986
7230 828
1123 2871
9017 4984
1819 9835
7951 8476
9220 9760
8955 1493
1209 3271
2314 1845
1432 2276
972 4115
4213 1408
2551 5225
3926 3622
804 9125
104 1590
5376 7480
4937 3188
1741 9882
6924 6377
862 7012
1672 3809
5470 1204
7161 8316
9178 3005
3902 2702
2946 5860
633 2704
1020 532
1026 2716
5745 2363
2644 9684
9086 5899
8015 6379
8277 6362
7044 5738
6729 3154
5708 4541
6901 5362
3218 2932
8582 3995
5140 2051
7996 3667
3142 8642
3790 8549
5646 301
5859 2352
8217 6100
7705 9508
4277 7373
1137 3576
9781 5149
1009 470
9377 451
3665 4829
2835 2141
6143 1886
5338 8305
6619 5824
2907 1798
8811 6237
5131 56
1880 5426
1030 4775
8591 1379
2780 3112
9602 244
2238 1539
7813 1505
2501 2771
7521 2471
9004 9049
6755 4297
6465 5370
8942 2636
4760 4268
3573 8795
7512 4941
9474 3683
443 8012
9858 744
7026 3870
6871 3295
7263 5370
9028 114
5402 1773
9573 3135
8653 1240
3524 1305
648 8957
9957 1078
6957 5317
8795 3759
7253 9549
9472 2387
8473 7251
9105 308
761 5470
4032 1704
5193 8692
5569 6185
3775 8706
6477 4630
4487 4904
8514 6656
6335 5402
2544 4061
3979 8160
1821 7737
2674 1750
6403 1344
7695 6717
2845 9077
7489 9704
8221 3439
731 1504
8297 5222
9508 3649
7161 9818
5257 923
5371 7597
1462 8449
7216 6804
8529 925
2140 3913
7695 9610
3273 3996
7437 5993
7588 7005
9304 3933
6671 6532
9349 5119
2078 4330
7530 7258
314 1725
5763 8352
7745 7216
4142 1491
339 9784
2783 8365
6615 7792
2733 377
6356 5750
4451 7687
824 7628
6224 2252
7349 3528
9495 3599
3375 4708
7504 6237
7119 6350
6549 8967
9523 969
2934 3487
7627 1675
6661 8430
5726 8557
1499 5841
3427 6382
5681 5591
4361 5616
9656 2837
9855 8970
7458 1250
4764 5956
8166 5307
4488 4478
576 416
1969 7481
3950 6549
2536 3724
6452 7970
4545 4192
5865 1412
3366 6149
9128 2970
4805 4475
4512 4472
4221 5402
7045 1959
741 5514
6124 2595
2598 9419
9859 6780
6604 5663
7798 7446
2792 8139
3819 7465
7585 3466
3576 1393
8094 538
7623 8350
4814 8236
9785 8022
9712 120
3056 4718
4027 887
5123 7077
5335 8231
1294 8666
5234 4907
8943 944
4829 3512
7338 6945
8061 8410
5046 5288
8986 1597
4766 8197
2706 3523
3137 9213
7351 9605
3859 6568
7805 1706
9098 1345
3997 9089
2529 2890
9541 5789
8248 1797
8198 6772
7778 796
1317 3248
5605 9498
4858 2206
6750 8047
132 6993
1963 9791
2834 3247
4654 1140
5467 3507
3681 2472
5656 8810
573 9964
485 8854
1713 9892
6707 958
1745 8601
665 5740
7780 597
174 2477
5782 5642
3089 1941
7236 3340
8322 408
5938 9362
7526 7186
120 8793
1750 2320
7873 993
5120 3749
939 3390
5733 1590
2025 5816
5593 4846
6692 6539
1351 8411
8470 5672
9803 3375
1389 4610
7973 2992
62 1618
3996 3480
3216 6900
601 2133
3533 888
7848 6858
7604 4498
8283 8541
3721 4281
6998 3719
4500 2967
2958 7288
4112 5615
5623 8387
6173 7589
1539 6741
9055 3588
1912 521
1488 5048
8273 6289
1740 118
894 8863
1445 6545
2786 2029
6399 9222
8772 1878
9893 6129
766 2810
4771 7190
9585 2110
1369 1353
2719 1930
2159 5222
6368 8265
8283 7770
430 1292
9180 3559
7032 9688
211 7956
5859 7907
981 2283
836 2283
3978 9162
199 5743
5105 9171
2955 2404
442 3515
7668 7377
1818 6638
7000 5667
7387 5577
9906 6378
1113 9887
163 10
9398 1398
5227 1179
8150 2055
3508 6602
2692 7585
2312 8998
5900 2278
8294 3283
2894 5548
9137 5162
578 3069
4721 8279
6846 8007
4240 3370
3938 4381
5197 9047
8620 7045
93 5414
8196 6904
2149 1091
6370 4934
7905 5407
8642 9375
4449 2893
407 5978
614 3670
1686 114
313 7157
5574 20
3157 7164
8039 9810
8888 8206
6583 8867
9414 4898
414 5648
7270 7399
164 3257
6387 2106
3478 9502
828 7201
1925 1287
5652 7364
7238 9565
9202 4318
8739 9374
2003 6976
4488 6797
3427 2207
6119 8735
8120 6993
9060 3359
3975 9364
2122 3290
7564 7720
1429 9908
9927 4479
7590 4050
5674 6692
9666 6398
908 2753
2595 8135
2184 8375
5221 3405
9215 3418
7866 777
7186 1571
2535 2499
4393 8956
6789 8666
5726 1959
5265 1376
3699 9768
2412 5515
440 9126
4139 7766
3189 5870
7656 4701
7911 2192
4847 597
1754 8448
7138 7025
8004 5862
6838 3150
314 31
4164 616
5801 1385
8409 7875
5454 8731
9062 4611
2686 6571
8208 1668
5087 8118
1953 6067
477 2427
4933 5074
2598 9440
2526 2664
526 5340
2641 1647
9452 2443
1191 8596
91 558
5741 5611
7002 2056
9972 5209
1357 6082
7793 7640
8441 6791
366 3958
3596 5753
5735 3894
3218 7082
4334 2685
7553 9284
5304 6662
878 50
4590 6687
8150 3140
7837 3418
7095 9119
6694 8029
4819 2043
5695 1714
1124 2723
9439 9608
1522 6008
5302 1712
4927 1967
2291 5296
4956 1614
4988 9412
4433 5859
378 7656
9241 685
2250 9055
7539 273
4637 8095
5522 1574
2776 7571
7950 8921
3125 5224
274 4810
2609 7600
5371 6461
5820 1650
9983 1243
668 5607
5428 6574
6490 783
3252 9208
9171 2474
9296 2476
1272 368
4634 3924
1262 3066
3577 7930
9823 7750
2713 2350
920 9526
4488 4230
8569 8753
5051 4057
1656 3041
3319 3748
1566 1396
6712 8309
4792 4764
4333 1795
6343 5647
1081 7427
5728 8727
6996 5284
509 7970
4425 2277
2075 307
3222 4073
3882 9807
5150 6458
992 2514
5514 6515
3862 7944
7299 9717
4489 4612
4618 9491
9194 7068
4769 4662
927 5306
4640 2745
7728 413
8864 4157
6410 1750
2915 4519
752 5436
8090 4557
3813 7656
6941 5789
9411 8905
3991 7543
7447 802
8104 813
8770 6359
3809 6346
2570 196
7355 2888
2407 4022
2369 3976
3990 4431
2353 8943
1113 7734
7902 1571
277 6181
7713 2322
4659 2633
8100 5963
7617 518
5077 2370
7246 9857
6986 1424
4416 1651
2919 818
3090 4285
9641 1669
1230 8142
9774 3184
6007 7119
3659 4795
9779 1000
4757 6912
2009 5000
7688 881
1127 2848
8275 8289
2782 5368
2122 7273
6548 1354
5923 3781
7681 4770
7450 69
6514 4180
9053 493
4410 9526
383 7925
5580 4113
7545 7737
1266 2964
8693 7673
5257 4177
5922 4811
9842 9758
803 1316
6851 7894
8303 9731
1236 7718
6706 7095
9187 5424
3243 1235
2992 923
3756 1345
6001 2112
1838 4540
8528 527
2090 5364
1752 6104
5552 3006
9595 1523
308 9010
5039 2665
6748 5803
5356 1720
7971 5034
3616 8306
5306 3412
3531 2942
7842 4111
307 2710
7186 7241
4993 3032
4679 5921
6387 6150
9823 5740
9752 7253
5949 5393
5959 9329
9241 6638
6856 216
6973 8481
5129 3371
8473 8415
5162 6240
655 4976
9441 2994
919 6673
6712 1983
6461 7825
5322 1961
7982 6388
8281 630
1487 7331
5979 3713
9142 7962
872 8294
5326 585
6606 8105
6632 3780
9693 1616
373 2419
9548 2276
7197 2066
1714 4821
8106 8386
6237 4675
8621 3190
7903 7589
9897 8503
4459 1046
9779 6993
2173 6115
6920 2932
5135 6622
7863 4115
9477 5582
9587 4248
5602 1869
3474 3998
9152 744
8272 7414
8381 595
5421 5171
1496 6595
331 2526
1976 9025
9009 1618
9269 5390
7498 8625
3949 2841
9639 6909
7377 6699
9417 9056
1221 8684
5048 5189
2851 2170
4239 5516
1353 5305
7117 5898
9110 2414
7877 854
1729 3507
1711 2238
530 6503
6101 6960
1591 4155
1735 5569
1601 133
2103 1689
8180 2129
3614 6357
6058 2539
5237 6772
97 6518
8717 4059
6376 4136
9928 5969
3350 4059
4941 5987
5652 8718
9591 5105
4973 6418
6087 8511
5205 9998
9630 3029
3167 700
5652 3840
3158 2409
6948 1839
3317 1065
1021 4598
8639 2528
2066 6638
1704 6762
4571 6099
2121 5332
9298 8357
5936 4592
5207 5256
9486 4790
3133 932
1031 1965
4714 6469
4501 3702
7723 6059
8150 9714
381 8940
7817 3814
853 3742
6021 4414
6986 3357
9171 9768
3973 7979
8831 6981
40 3834
1818 1163
244 5860
9563 8661
3521 9604
89 3697
9658 8762
2035 2209
6158 923
4824 2491
1969 5199
8495 3449
9832 6050
129 5658
1521 8435
7130 5007
8745 2071
6539 6031
8099 2871
4171 2515
3336 5726
5521 6890
9042 604
1356 2951
7151 6838
3820 2478
4932 5507
3078 9098
8536 9744
2675 1514
2148 4589
3377 2912
2314 5614
1889 4481
8027 1372
8679 9495
8303 6769
6046 7202
6833 767
9473 6930
2913 9514
6435 8639
9296 2761
632 2482
9399 8793
6217 7513
4624 2138
8852 3399
7067 4272
1946 7617
651 387
9792 34
1239 8863
8094 4744
8249 5061
9603 196
4578 4120
6911 5310
244 5825
1175 9087
2951 1052
6708 8326
852 5817
1828 9460
7645 9708
9688 2959
9987 4476
7285 6499
4782 9304
5987 6604
4234 2781
7265 2877
3796 4881
2335 5452
9712 8188
1666 2035
5750 6058
1379 9025
9745 2730
9184 7223
6991 8209
8458 6700
2916 6920
6102 5530
9430 9210
7580 2350
4770 951
251 11
2294 932
9331 8568
1525 9113
6825 3021
6518 9681
4966 9754
3381 909
2441 2849
9953 5458
9968 4967
9036 7590
7043 8135
9215 6775
5482 9870
9603 9220
7745 288
1272 2850
8971 2082
8914 8232
8076 7566
8823 1571
8446 2370
1602 3107
925 4641
1731 8300
4331 7104
5757 5110
5645 2362
9655 4318
5915 9181
8508 5795
8884 4923
9147 1545
7704 5146
151 5417
7676 7908
1303 2031
2474 8424
1623 555
7070 4199
7334 5521
7610 3064
2918 7641
8098 6852
2848 7007
2257 506
1149 9044
1955 3100
7629 9307
1257 7105
724 8157
552 209
1000 2918
6202 2748
9861 8997
3419 1171
7129 3744
6365 8941
5544 5118
1284 3700
9929 8491
4795 1397
7815 8487
4910 8740
6432 2567
4030 5829
5370 4307
7024 8340
1337 1190
8750 4638
9978 8594
3812 6614
300 5833
1620 4961
546 5492
7523 4250
5698 4016
6921 1775
4600 93
6501 7906
372 8541
471 5577
1831 1035
6741 1950
1451 2449
3638 3391
2904 2448
1674 6751
8543 6588
2400 3779
7107 7710
6301 4039
7371 9232
9788 4471
8418 4532
5273 8070
9527 3054
2117 7690
8206 1973
9973 3965
7500 518
2883 6158
8318 2801
7339 2750
2723 2858
7071 180
4830 8857
180 4889
469 9595
4803 6989
2645 2526
8313 7488
875 3609
4855 7177
3804 9730
530 9427
1918 6566
1636 4251
4189 8804
4121 8324
9879 7378
5443 8867
640 6775
1047 450
4415 8831
2414 481
9759 1275
9509 7761
287 5534
2093 8999
1442 3649
2539 6271
3984 5391
7497 5238
7251 5914
1924 671
1291 5188
316 9264
3371 3095
5143 4706
777 4094
9517 5092
3698 2585
9453 6391
9363 5357
2247 5555
4305 4290
5729 2354
1986 7443
195 272
6546 1137
3770 6369
6448 3889
4392 523
2622 1593
594 7063
4340 9063
2385 5476
9309 970
1042 7540
7080 5975
7638 8430
9240 1253
6723 2522
6549 2337
1664 2184
9481 4667
3677 3065
3204 5383
521 6388
8425 6158
218 1171
7646 9338
5065 275
1248 3357
1235 6232
8989 5482
1369 262
3304 9483
7504 697
984 1498
8898 1550
6937 8039
8396 5992
2233 4600
7886 6220
1772 3684
1550 8069
1561 5320
2389 1905
5275 7906
208 2321
5698 8889
4416 8333
6975 9858
8139 8238
619 1580
297 6867
6144 9878
8039 3628
8734 3315
7175 1410
2872 3565
2958 1021
853 8335
6965 1068
5455 5962
1849 6385
5383 2177
1612 8930
6447 2733
2305 3370
6606 5305
6163 2565
3712 3590
607 87
4916 297
469 2294
8236 5416
6987 9388
8208 1857
2490 1094
3355 9988
9183 5351
6796 131
1371 7750
6647 2505
2148 587
6946 896
3106 9414
8968 8841
7138 9785
3801 3977
5415 5705
3176 6326
7476 3536
3244 7806
1379 3326
7615 7072
8993 7811
5474 2384
2287 8391
9927 2583
483 4323
9398 8386
7829 1109
825 3390
4402 288
9487 2258
861 9657
3709 8902
4745 5419
8888 7028
9760 2468
9020 6942
3807 6870
6296 4007
9959 2695
5120 4488
9886 2481
6762 61
3484 4323
8241 8134
6479 9758
2245 9319
2439 5976
5993 8200
5594 7053
2356 7989
5441 7849
6497 9294
7785 383
8271 7033
6212 917
7633 7323
6629 7189
2174 2915
5447 5902
1730 3328
5895 8914
6252 4389
3270 6261
6974 2012
1816 3172
656 2560
2567 9515
5086 7985
2704 6446
8629 6772
4772 8769
4522 481
5753 5168
6883 1203
695 8424
5787 6411
6892 5164
4898 2686
4344 7009
5211 2834
546 9938
4733 5333
6529 2956
9299 9766
5267 7091
1756 7482
5161 2508
8443 4664
4249 3409
5320 5294
9195 5936
4653 5594
1901 8300
4569 1153
687 4699
3633 8235
5240 630
5994 7173
4255 508
5760 974
7202 5311
5635 5770
3986 1861
1973 3970
5973 3256
7565 8226
9699 8919
7926 3690
8122 355
2544 1070
347 3699
6926 5334
1786 9408
8759 6766
6881 5481
5414 7687
7373 5312
6938 1172
4688 2492
6902 3342
942 1173
818 5169
7808 6315
9080 5693
8788 9488
5992 8069
346 1817
3668 2835
1592 3296
5781 1538
2008 7701
964 2355
8837 9753
6306 9929
2018 2897
8224 3821
7874 1785
7080 970
9969 2846
2770 1458
5497 2467
4416 6151
3694 5021
7027 4659
3555 6823
4258 8449
2899 9711
490 641
3721 5735
3113 8184
8615 1813
8483 3325
83 9123
4685 2014
3622 47
8165 777
2795 7804
9239 8579
422 7536
6969 3364
6138 7316
9552 5129
8802 487
7945 3777
5625 7915
1089 8657
4018 5719
765 6544
2369 7315
372 3675
3551 5375
1167 2482
5690 7916
5648 4265
1698 7969
8872 344
5758 8663
4367 5596
981 110
8448 9684
5509 3350
1786 276
4800 3335
1344 1605
1178 3113
5482 9955
8060 4012
6594 7438
5252 1378
72 3866
4147 4880
7535 5151
701 5057
2797 8761
2125 2851
6687 8504
5918 7655
818 9234
4339 8597
1931 3693
4016 550
1744 4805
1198 5752
3181 5660
8507 9742
7249 5012
7432 6909
2222 2471
7401 4945
4188 5552
8280 3398
9990 9856
1395 9503
4363 3001
2618 5234
2126 9462
9234 7337
8631 5042
9268 1298
3665 9116
590 6337
5466 1865
5265 6633
9397 6818
369 6343
8987 2242
3609 7047
2597 3977
4676 4012
8724 5132
3205 3580
3754 338
4192 530
3646 6488
7710 4923
9980 1086
9549 6953
5171 8648
9390 8211
7957 4447
4229 2611
1466 3021
9933 6262
4221 1348
1073 9888
3501 9320
5316 9013
5822 7536
7530 9617
1542 3033
5261 2577
3152 9155
5481 2488
3884 210
8112 1707
7981 2542
9910 6197
4425 6915
614 1876
5709 4450
9883 4634
7191 8446
9480 2077
266 832
7249 6711
4509 4596
5359 6502
6396 4778
5393 4557
9206 4294
469 3106
4829 2575
3923 2334
761 3540
594 4448
8501 146
2625 3242
8241 495
8608 6562
8334 7027
4836 4691
4165 1930
7798 8698
6289 8755
6053 3625
7840 7812
2671 7751
9557 9699
4492 5677
6217 206
2484 6090
7542 1652
1939 5905
3835 90
3036 7158
3435 7704
5427 1269
9133 5065
466 9499
9581 6030
2037 346
3130 700
6942 425
534 2777
5617 3810
3449 467
8569 4963
7919 6377
8818 14
2373 2160
3020 7192
944 8703
5903 8141
726 9651
5537 587
9314 8124
9713 8642
6996 2654
8288 9547
4335 9393
4627 558
9034 9378
9266 3418
9904 2304
9804 2273
959 5999
2641 2137
6269 9176
6086 508
7486 6151
6277 5784
1823 3372
1722 6288
4287 7307
1511 7978
3888 7436
5777 9840
7323 1979
8976 9455
2153 3449
5251 4282
8634 8041
7482 8103
3794 164
1498 2929
9863 4918
1261 4549
8069 5118
751 485
3306 1490
6162 2296
9722 857
1371 135
8203 3775
1234 3826
3402 6724
6726 1177
5141 8701
4823 1780
6735 8866
5690 940
7120 2862
6953 3231
562 3395
432 6240
2245 8243
513 1236
7371 7528
833 5958
5757 9132
4489 1844
84 2610
9638 3791
8561 2635
9097 5199
9285 1474
3351 1165
6249 2785
7770 8776
5160 1673
1886 497
2080 6558
9413 2318
5301 3721
5156 3210
4174 3860
2867 3123
8902 4081
1265 7099
5884 2148
8638 9112
3427 9796
2704 293
1811 142
6702 5054
7414 3602
6456 9912
9708 1348
7245 6454
775 7036
5890 3701
1904 1239
6482 3457
9104 1971
1977 6062
5864 2247
8904 688
586 5257
9348 8755
2605 9990
4935 1220
8733 6877
3390 8581
904 3252
8281 9373
4594 1218
606 2310
9394 9667
6437 574
9987 2872
3165 9446
8436 6676
230 6390
424 1248
6710 7911
6167 9479
6708 1079
91 5979
6960 3705
3636 8542
3769 50
5269 9818
4789 909
996 9594
765 5112
3230 8894
846 2069
2912 8331
2745 4074
5663 6665
4947 1617
7409 5315
3590 297
5842 6522
5982 6627
3552 7107
5725 8725
9375 3924
760 459
8455 6059
296 6481
8865 2119
7050 4346
7997 733
5151 7020
5262 8324
2941 4546
2636 3177
220 6937
7633 5900
3161 8979
1149 113
7606 2807
2963 497
3144 3646
8025 4358
7784 9016
8892 7394
2115 181
5593 7049
3482 4733
7429 7394
131 9785
8935 3626
2182 599
1112 7408
6976 3785
1210 2266
4115 7254
4670 9871
2396 9148
3692 2093
3695 6047
6696 9527
7254 6767
8457 5852
3397 6897
2197 5334
6370 5668
1924 1683
3816 6535
2707 9782
7511 77
8421 1380
2738 1600
973 8665
9103 6251
2149 1777
9947 1327
6298 7423
1284 9775
4989 2233
3197 4692
8115 6761
7693 1897
6982 1150
7248 127
4803 9353
4612 7003
8666 3745
1182 8531
3169 7807
4259 1685
8705 2466
7887 545
1575 7453
8705 3913
8261 8148
4125 9000
1182 931
5897 1320
4221 4295
9280 6522
815 2898
6946 195
5108 7675
9698 5001
4930 3708
1319 4362
2962 1058
3211 997
8353 8273
9919 2510
6400 4046
9397 9439
4757 2787
4389 6066
4184 990
9656 3208
2599 2529
2032 3125
1426 9604
4350 145
7487 1679
3387 1256
5863 9329
2400 6363
3943 3884
445 9293
9329 7829
7494 6951
5000 7385
3793 3317
8791 6819
7353 7367
5195 9879
990 9409
180 3451
9603 4171
1192 4152
1647 4225
1041 1549
4668 7827
4506 2268
8187 3687
1637 5996
4414 9618
8584 6485
1133 5331
9275 7447
3442 2153
6075 3923
5341 3639
1067 3616
7712 3479
94 3208
4627 6868
9470 712
337 1102
4440 2483
5754 3242
5022 9424
2800 9280
4387 6040
1546 7259
6371 9945
8771 7980
5576 8037
2971 1752
374 7123
7685 4021
1616 4125
1688 7361
1824 2161
4735 2315
2979 4033
3577 4808
5003 5394
3049 2703
4939 9360
8886 4126
7918 3049
4492 8579
4705 1134
2586 4755
517 7509
195 3254
526 7721
2509 3769
1318 7592
2196 4043
8106 6340
3656 4432
3308 3203
4666 5009
9952 5328
755 4378
8991 2343
4110 8715
9718 4524
3385 7416
5096 9861
232 857
5832 2475
6162 3690
6112 9022
18 5052
5406 878
8151 130
6529 5938
4340 7125
4960 5013
1217 8305
83 4756
5432 6390
2968 401
8377 6647
7967 4771
8966 4414
8207 9220
6504 1126
1023 1634
7784 6112
797 4222
3478 1967
8587 1856
6822 2396
1165 4161
5854 2178
1516 8287
3370 8611
2934 5276
456 6753
4043 80
6492 9910
2098 9027
7645 5933
2690 3220
9382 4678
5961 6340
7334 2182
6489 9483
6577 3700
1030 9442
8908 9982
9673 472
8980 3778
3536 8110
9032 4229
8827 7306
4011 3167
9681 9304
8195 349
4329 3860
2941 8206
6945 4513
4742 5495
9995 5381
6835 4847
9803 6571
3130 6819
1450 4543
4359 2259
3414 5046
5112 2403
5920 5635
3809 5019
892 3379
201 7832
6916 690
3963 6073
6278 9940
2871 9410
7617 1357
1326 3308
5916 9721
217 979
1648 8245
3362 9927
1257 9891
4057 8060
6200 4507
8128 5210
9348 6532
9648 1421
7236 7791
5362 1046
7190 4973
3351 5160
7276 9204
417 5196
2170 2814
471 4029
9657 4761
9157 429
551 7032
4377 8846
5669 4128
9896 3338
1335 2524
3991 1276
5096 8186
9170 8709
4163 2892
2296 9944
4523 5656
1148 5901
1332 4696
1542 6594
439 2955
9456 7829
3490 4018
4634 7819
9446 4644
9767 6205
1959 378
6510 8390
2528 9475
409 918
6556 3858
9305 6450
2334 1259
5216 3649
3210 1289
1141 2176
9098 683
1972 6527
2554 8579
2699 6434
7771 8598
5423 4482
4340 4638
3493 1785
1452 2651
8345 3097
9746 701
5130 9238
7237 9324
6620 199
6525 4897
6084 4073
576 1850
2560 1804
8941 3322
8381 9844
885 9894
4911 8921
8636 1657
3948 7975
8909 9553
4337 8447
8291 8319
4524 2564
513 3899
8512 8815
7531 3310
3764 8588
539 8151
7636 5339
7597 9575
7775 4976
771 8100
2503 610
3905 6554
1028 6736
8306 9061
6129 6679
9041 3864
7213 8301
1425 2185
5372 6762
4950 7826
7332 6074
2410 5266
6976 6108
169 4026
3104 2358
9221 1505
6951 4270
4754 8769
6124 2658
9979 2183
2938 3809
3131 7814
7311 7232
789 2165
993 6871
941 3516
180 4625
7645 6971
9173 7983
9697 9940
4451 2918
4635 3948
9712 2764
960 686
7684 8015
2104 8583
3866 9486
2546 7355
5426 2158
3182 6703
2093 4838
833 9469
9748 5907
7316 7603
9378 5845
8374 6436
1813 2048
8261 901
5985 8844
5961 305
5085 6966
7002 4022
6419 1981
2052 1030
9908 69
2602 4631
8514 2999
7137 3171
3125 3919
1488 2729
4951 6349
5670 1114
7704 3765
9732 1373
4218 7567
5455 8027
9541 9959
6176 3187
1221 174
419 1623
2679 615
5979 1390
6640 7595
9756 960
5926 7238
3168 5869
9492 1399
9411 9558
5259 516
4151 6482
8827 4596
817 4395
3742 979
7210 2335
6270 4033
526 3071
6474 3715
9968 3843
2357 8929
7365 851
5687 6502
6276 3695
5578 5748
5325 9081
4382 9981
6367 8326
9509 3947
1423 9121
3479 7016
7816 9064
1712 9495
5798 2317
3997 4057
3306 2326
3203 201
5097 2925
9832 3617
9389 7408
2248 8914
610 4930
9521 8576
154 1337
6039 5156
5978 9150
5201 9448
9003 8688
1754 4814
1577 7921
7665 810
3831 663
5577 5987
3722 6540
9018 4582
7818 4095
6862 2851
3828 5057
5909 8750
5914 3081
2801 3919
3265 9376
411 467
9314 5158
2716 8232
7033 6427
8405 2037
9129 9927
5591 8016
2935 4706
8140 2934
7435 1276
4268 5414
9074 1639
6953 5254
2254 312
276 8509
5588 9433
5173 7335
9037 4922
2743 2629
7429 6316
4009 1114
928 3636
2462 6159
7072 8942
6366 1567
3840 7256
4275 5660
5676 1746
1117 9112
6022 4133
1390 1453
8099 2457
8511 3110
2188 7661
4105 8931
8126 4050
8925 3913
6202 1440
1149 1296
5909 3441
4832 4371
2873 449
1426 3875
131 9732
3713 4517
1395 7616
2257 2479
1215 3262
7113 1087
5264 4797
932 2996
9875 7664
2945 7571
5177 6299
3396 4211
7079 7961
5251 529
4727 7929
9161 9933
3157 9996
166 6235
8644 3193
1708 5140
967 1802
8916 7074
6311 6796
9992 1383
4099 3027
8246 8695
5996 6883
8019 5689
4901 8824
1061 826
5321 3727
6952 6057
7252 2139
2363 92
8537 5745
5344 3482
5547 4924
7759 6064
7396 1738
1171 2780
1937 9660
6235 6933
2643 7498
7275 5073
4335 6605
1369 1340
895 7860
7648 936
8144 6783
1968 9223
8482 8999
8636 6819
8955 3780
6362 4983
2404 3749
5767 6932
2394 9772
9121 2285
7678 5583
1803 2731
582 4489
2028 5353
6474 3206
8048 7032
4967 2266
8597 573
8895 3515
2016 4735
3559 3939
7798 1881
6440 5871
3379 3422
3760 6034
3734 927
1294 739
6115 9623
664 490
3311 4816
8376 7847
376 8379
1243 5260
6603 813
753 62
236 2732
1520 4727
5425 5878
2097 5687
9447 842
625 5263
4908 8796
1826 8500
2275 4150
5511 1010
4691 9090
3819 1606
2104 7185
4859 5651
8689 6407
7031 654
6720 540
7685 5090
9437 6172
9198 6509
9668 6424
1168 4401
7202 9491
8522 820
4491 2614
1763 9616
4199 1869
9571 7636
2225 6392
3175 7617
3047 6779
5858 5629
9357 1342
2039 3412
3882 8813
6112 2274
4760 9049
4234 330
7544 3493
3734 146
2188 457
4186 4309
6268 2979
1374 127
8578 6498
3744 6613
8253 9577
4192 7994
5986 6242
3588 603
3414 7112
9573 4325
7077 2363
3857 7929
8783 7328
5239 110
9269 3455
6190 5695
6400 6579
1422 3241
5547 4958
1764 5647
3188 1186
499 854
6479 7336
1262 4857
7699 4445
2015 6246
3994 800
6003 7566
8613 4630
1452 9145
9287 4438
5150 1088
581 9230
5970 1601
4412 332
2245 3007
6443 3845
6618 6544
52 897
7620 5325
6304 5805
637 3685
7544 2360
4227 2522
1964 8070
21 8274
6368 9680
4746 8407
5434 882
4650 8200
1254 8540
8867 1046
3874 258
8181 1960
8898 9436
1414 5623
6717 134
7120 2498
9214 6193
2590 7612
9476 1952
5298 2745
3186 7452
7794 2244
2800 2881
9206 8348
4552 7887
940 7075
9721 2681
8997 1966
9352 3049
1237 392
6858 7882
7414 9710
1420 4909
1910 3060
3723 1269
8740 9630
8572 427
4727 952
2421 3866
2487 9135
7858 4148
7202 2886
7169 715
8441 9506
3286 8729
9648 6702
1400 8553
4913 536
9666 3435
1513 6562
3843 4340
2666 3314
526 3739
2840 6818
3467 9886
6972 8976
7620 7307
4468 4655
1593 1527
737 7061
2605 10
3895 9211
4918 3185
1120 1408
9088 43
586 1142
75 9917
6132 4372
7977 6126
4309 3074
6081 3611
5317 384
8223 7780
7170 5071
6161 9613
1101 6006
8795 1070
2426 1630
3508 1428
2804 9783
9639 4478
246 5649
8035 3552
3891 9860
7644 1299
367 6600
1751 3283
6259 3389
2962 1456
6749 7781
6922 8430
9533 4757
3170 8901
5402 8568
9251 993
9771 5756
8262 5651
895 5250
9836 5422
7605 4962
5847 4683
9108 2149
590 9317
4805 9433
2413 5198
1252 8785
6306 4696
7026 4707
289 557
5590 9368
2977 2616
7479 3263
8717 2282
740 9866
8405 9478
5420 5775
4234 8228
3126 8216
2197 7490
2267 6084
3712 8958
7239 7284
9899 221
6859 846
2025 7704
446 6766
7824 1482
8119 8272
1677 2963
7381 9559
8014 7016
1879 9129
6118 2240
3860 1073
8940 7768
1653 9916
4012 9600
5670 9708
2724 2620
4793 7496
5928 8133
9010 3914
7104 6165
9804 5855
2181 4558
9234 1419
6215 8052
5959 8979
9961 7134
111 5296
3507 281
2371 6835
1824 9157
9393 8891
3774 998
8410 8736
2608 1572
7171 4732
9407 9867
9188 9261
1413 5580
2476 2741
8368 9563
7258 1258
261 6270
310 8278
7531 5972
4326 295
4748 5756
8985 192
2631 1866
1024 4487
4977 3717
31 2869
1375 8188
6801 4889
3293 8588
6034 1077
1130 8939
7618 5487
2298 8337
9192 1490
2451 330
2685 4523
6560 1941
6653 4092
8673 6664
6618 4492
4473 9945
8057 9028
3711 1238
6242 67
5101 7406
84 3148
9476 5814
623 9971
2150 374
136 1012
7931 3305
7880 6460
9597 1200
5933 8077
4379 5696
1672 1647
2410 9951
4222 2169
2399 7195
7655 7852
9398 2019
4226 2137
1487 9388
5167 9957
7595 3885
7043 2508
83 4051
2440 4588
6242 3390
5914 7285
3238 2482
9355 3072
7747 8823
