100 680
38 55
45 2
82 42
16 53
36 92
65 3
3 12
42 5
29 27
12 22
82 62
88 12
64 48
50 52
52 89
17 85
100 26
57 26
83 19
67 71
68 43
16 72
71 63
87 71
3 40
58 73
42 100
17 57
57 93
28 100
17 34
83 42
10 8
41 84
36 2
42 84
57 81
36 76
36 69
51 87
21 22
69 50
27 96
79 12
97 80
53 51
26 17
50 37
53 7
70 16
41 3
78 90
49 45
96 18
97 21
80 65
76 31
60 58
88 35
64 6
42 33
87 20
23 90
53 78
47 1
35 99
94 27
58 59
66 60
40 6
15 55
33 25
23 10
59 55
62 76
34 26
55 49
37 71
37 53
64 22
78 29
8 83
48 57
2 34
39 24
96 52
24 96
6 28
58 7
18 31
68 90
85 96
80 14
7 49
58 31
67 64
58 99
77 67
85 69
47 56
61 79
96 81
38 10
44 41
41 22
46 97
29 40
87 29
85 26
34 69
56 2
35 20
77 44
15 72
88 23
15 27
42 8
53 40
96 23
9 80
33 4
41 98
40 55
66 51
7 85
37 71
75 8
83 74
77 35
93 59
94 60
16 93
32 12
22 49
19 58
31 70
81 88
77 97
54 65
97 80
45 85
68 3
45 69
23 63
41 36
55 49
36 31
41 49
78 65
15 100
13 40
62 65
45 2
6 82
29 49
13 96
79 12
31 22
80 35
79 21
37 47
85 97
15 32
3 60
88 33
49 42
92 47
44 67
2 59
90 57
56 7
96 93
46 89
99 94
3 100
80 58
62 81
44 60
6 83
1 44
35 87
78 26
23 49
27 59
10 41
23 30
15 44
60 89
28 76
7 73
34 71
13 22
43 8
95 32
74 49
10 7
78 8
84 32
71 57
82 6
23 90
32 30
90 70
96 27
39 6
23 79
81 76
82 99
80 55
70 43
97 20
77 12
81 98
87 73
10 64
61 42
36 81
89 4
14 11
80 43
91 65
47 30
93 32
11 15
37 99
46 52
25 91
39 32
32 23
85 79
34 52
85 89
58 67
99 48
22 2
25 94
86 75
72 72
1 66
37 25
62 17
1 4
57 79
34 93
92 50
88 36
18 47
40 15
83 83
81 47
30 52
50 22
14 8
17 44
9 54
91 41
84 30
85 69
85 5
45 77
44 68
15 55
43 96
100 6
13 24
35 79
83 96
43 65
30 34
18 66
66 88
17 32
66 21
33 61
58 30
44 91
28 3
10 9
59 72
85 76
11 85
41 38
31 6
92 43
86 87
83 75
67 40
3 77
33 19
54 59
3 53
63 35
40 93
61 60
20 86
45 72
42 71
72 67
80 2
58 50
42 82
69 33
20 43
62 92
75 26
6 75
80 15
39 34
53 49
33 2
5 57
58 38
72 16
82 51
61 8
80 48
79 63
67 38
1 16
25 65
82 4
59 98
73 34
23 35
38 80
17 74
99 68
79 98
23 51
49 1
39 1
78 92
52 27
1 38
10 64
48 21
29 52
92 27
63 24
63 2
35 92
69 85
88 4
40 21
14 40
61 61
28 36
12 38
1 28
19 43
36 37
23 94
80 10
90 86
64 56
68 63
60 79
78 85
6 39
6 98
38 43
8 91
10 29
70 90
55 20
30 99
78 69
35 75
72 99
64 35
90 95
8 19
78 52
3 84
68 4
91 49
78 37
56 23
61 29
37 61
24 23
93 57
60 95
39 5
63 94
97 51
85 79
93 17
59 24
88 65
11 39
81 98
49 85
76 42
71 14
60 58
30 15
68 5
99 11
63 69
67 79
92 1
75 22
87 37
74 45
21 69
21 64
20 22
26 99
100 7
38 10
16 69
5 62
19 32
2 10
11 76
48 86
62 45
42 59
24 47
4 33
10 86
48 32
94 100
38 44
5 54
85 81
83 63
79 15
27 17
13 10
28 77
100 36
65 91
1 27
10 36
38 3
8 34
31 6
57 52
7 34
14 79
68 37
71 63
70 46
54 64
16 6
17 57
89 51
20 24
84 84
20 23
77 20
22 24
51 34
76 11
24 27
79 7
95 24
71 81
41 100
71 69
23 7
26 86
22 18
39 26
16 76
50 36
64 66
96 33
10 80
39 31
17 58
8 69
59 9
79 65
4 87
95 20
31 58
99 2
71 14
14 55
44 42
100 55
100 55
59 15
14 89
47 30
86 60
62 85
59 96
12 47
15 93
88 46
31 20
57 32
41 20
6 7
96 86
35 73
3 62
77 36
18 92
59 55
52 80
23 8
83 97
53 40
3 86
12 30
31 28
51 24
63 9
94 36
44 41
34 65
59 92
32 4
95 61
71 19
94 26
61 25
91 65
14 83
47 12
70 84
68 74
53 99
17 16
66 72
29 90
9 3
7 23
20 65
39 12
71 96
44 38
48 87
76 7
71 52
55 81
47 81
53 35
96 68
79 54
34 30
26 13
25 95
12 37
15 97
68 38
67 44
14 96
54 77
21 19
21 48
40 96
80 84
66 74
22 91
69 37
35 31
63 86
80 22
56 65
95 42
89 62
24 90
41 37
33 20
74 2
3 82
13 41
62 5
7 59
29 92
100 71
4 45
44 46
68 15
25 8
19 87
23 76
65 51
36 100
84 38
92 51
13 25
69 73
20 100
76 98
32 39
19 91
61 22
85 44
28 2
46 8
91 45
40 97
50 86
75 13
31 42
13 50
39 60
59 94
31 94
78 32
36 9
95 29
3 53
19 92
17 3
15 15
96 26
74 79
16 63
14 60
91 4
7 91
58 88
100 78
13 21
92 23
59 21
2 10
20 46
41 14
54 79
57 52
48 64
44 24
54 74
46 54
87 88
89 2
96 91
86 41
96 67
10 57
15 32
94 21
22 50
72 51
98 41
15 8
21 54
15 23
32 55
54 46
47 11
56 56
16 48
4 25
59 96
29 10
7 100
86 98
8 56
18 34
68 61
65 85
82 97
33 93
58 43
74 96
79 72
23 8
59 3
54 48
63 22
64 56
84 27
6 69
43 4
5 47
97 51
47 37
80 71
20 56
64 13
