100 680
62 96
90 83
36 11
91 37
92 74
5 55
93 45
57 22
55 86
30 75
26 40
5 83
21 56
67 5
64 60
39 52
91 59
69 30
17 94
4 86
73 58
97 27
72 51
94 11
21 6
72 25
28 32
13 91
47 18
83 5
20 39
18 24
41 73
18 11
35 36
99 70
76 89
3 18
92 52
96 95
72 70
95 74
66 64
42 59
47 95
91 60
37 78
67 31
69 50
4 32
14 77
79 85
76 15
82 73
14 88
55 30
44 93
92 22
30 83
33 66
35 18
81 50
99 88
21 86
42 15
91 4
98 78
8 56
53 77
99 71
85 4
36 40
78 80
37 54
47 94
53 48
73 42
20 4
39 65
52 92
68 47
63 72
60 94
55 94
87 74
44 88
65 62
26 38
96 54
76 1
90 67
46 81
84 84
4 32
95 1
12 65
87 31
81 14
87 85
74 67
35 50
35 68
26 29
41 19
60 62
96 23
61 84
88 30
8 74
14 40
1 9
34 46
88 73
67 52
79 8
15 15
88 33
79 92
61 62
57 91
70 15
2 49
66 84
4 66
62 67
100 100
64 48
1 5
46 91
56 33
25 85
26 22
18 4
13 51
81 94
38 6
12 70
89 18
40 35
65 61
57 3
28 98
25 66
41 32
81 76
69 14
12 34
53 73
57 5
75 5
82 94
25 89
92 1
92 2
48 46
99 75
89 67
93 96
99 43
34 99
77 44
67 37
88 2
54 87
46 43
55 79
20 21
37 50
17 59
50 1
80 16
42 77
98 41
84 93
38 56
25 48
51 24
67 16
97 50
92 64
88 23
36 63
43 91
62 35
3 68
100 63
50 53
15 82
68 91
36 65
86 44
21 73
41 11
52 42
87 1
67 73
91 54
87 83
20 17
49 44
86 32
60 93
61 69
44 46
52 8
41 37
43 63
54 29
14 25
74 88
39 35
31 69
92 5
38 54
6 26
33 39
91 28
41 74
74 69
43 49
69 73
83 4
82 89
57 52
19 70
50 28
48 36
45 4
5 99
51 77
82 34
70 26
17 91
47 42
39 24
96 12
12 65
74 82
78 91
92 6
26 94
23 56
22 36
92 18
96 69
45 51
82 93
44 100
96 97
62 82
46 86
33 42
11 28
15 99
51 68
9 16
61 30
9 35
82 40
88 96
44 65
84 19
32 55
23 66
73 30
31 13
50 67
88 11
36 62
65 56
81 80
99 9
74 65
44 6
27 27
74 8
98 81
77 56
51 93
96 54
10 39
25 63
80 64
68 55
38 55
60 51
61 27
43 65
89 15
93 75
45 1
24 80
84 12
27 15
75 6
30 14
21 7
48 72
54 71
2 87
69 84
45 3
62 62
31 53
100 33
94 48
8 42
40 36
88 87
46 10
57 94
46 21
6 66
20 68
78 46
64 50
70 4
47 1
80 12
21 51
17 38
26 84
44 7
1 18
49 68
70 84
24 6
66 59
11 76
94 68
87 81
44 88
43 43
6 94
16 77
20 1
15 82
62 28
38 27
56 40
88 45
72 57
40 85
28 57
2 10
69 31
26 6
25 38
2 90
94 99
96 81
21 3
43 37
27 26
13 6
88 53
67 21
51 61
97 47
27 26
14 99
89 17
45 39
23 46
3 47
79 11
54 17
66 7
7 52
2 40
61 21
49 21
4 53
95 65
16 56
91 98
39 39
39 43
98 91
3 22
12 20
66 87
53 88
33 51
57 61
2 57
23 38
27 65
38 95
4 60
39 32
73 33
93 99
97 71
20 98
72 25
87 33
58 97
6 46
49 2
16 98
4 14
86 59
78 96
90 89
31 62
29 80
59 24
37 77
53 47
87 17
34 20
47 44
99 79
12 71
79 8
81 87
86 57
94 8
7 46
3 34
55 75
19 83
87 18
66 67
54 51
72 11
49 49
68 3
10 100
86 68
5 81
14 18
18 24
3 43
89 31
28 54
64 52
94 29
5 3
4 68
21 5
10 56
50 42
87 17
97 76
99 92
25 34
37 57
11 42
89 22
80 7
64 94
26 76
59 95
63 79
56 61
64 63
69 88
80 82
47 14
2 12
72 7
2 10
29 23
73 72
97 36
56 39
44 85
94 95
77 20
75 55
9 100
89 92
97 28
59 50
92 55
69 15
87 13
85 45
82 12
57 92
74 49
58 58
10 23
23 54
5 84
32 10
59 59
11 48
75 99
19 88
58 74
84 45
75 3
76 64
41 85
90 16
32 37
93 76
21 16
61 83
53 15
86 64
94 33
27 76
30 69
97 86
53 41
29 54
24 64
41 81
13 41
4 67
52 33
61 54
25 33
20 52
99 69
26 5
2 39
72 14
94 58
83 35
74 47
3 58
46 100
7 74
98 96
63 65
97 88
31 7
98 85
97 32
74 3
70 74
56 24
69 24
15 35
19 24
100 33
58 82
46 39
3 3
80 58
47 7
31 38
89 47
33 4
55 92
14 76
84 49
75 27
9 70
26 14
73 67
56 94
23 33
91 10
75 34
32 60
89 40
94 96
65 22
97 86
34 51
72 100
16 20
31 83
57 62
38 49
71 50
76 90
88 92
65 88
5 53
93 44
48 100
22 84
47 24
22 64
26 45
39 4
36 95
57 85
7 42
43 8
67 92
2 97
31 1
13 17
88 75
63 72
93 67
24 16
45 78
4 17
40 62
15 3
82 92
19 15
70 49
29 49
84 70
85 35
79 58
85 85
45 60
94 52
98 14
19 71
61 91
64 57
31 18
8 13
21 49
95 68
54 35
13 74
11 87
97 1
37 18
47 41
10 56
91 6
89 48
59 34
86 4
17 72
35 46
71 98
81 37
56 4
63 1
22 94
86 78
87 50
4 17
42 16
1 40
49 56
29 97
53 27
52 71
47 59
24 97
98 34
7 41
35 75
58 73
4 66
79 46
5 50
8 76
51 58
62 39
44 5
58 89
96 44
67 86
22 17
27 51
23 46
2 7
87 2
74 57
83 32
81 60
18 34
1 70
44 75
95 21
76 93
97 73
60 17
4 96
83 22
82 40
34 13
82 45
