100 1360
28 71
38 35
68 43
33 16
75 77
14 5
2 70
19 37
70 8
58 17
35 61
74 36
62 6
42 34
67 1
52 65
24 31
15 87
25 98
58 73
38 20
91 1
92 59
61 50
35 27
51 42
13 39
90 3
66 72
51 51
58 88
58 14
7 13
40 92
16 79
78 13
7 5
80 99
80 5
23 59
48 51
19 96
87 6
70 35
85 52
59 17
41 65
60 84
85 71
56 95
80 21
38 85
88 67
32 30
72 36
85 14
16 41
7 56
59 39
25 19
64 80
62 37
58 90
77 31
59 99
95 99
26 88
44 78
73 26
27 46
83 80
53 49
39 51
18 68
7 33
32 82
62 26
5 82
71 22
65 44
55 32
46 60
87 28
14 41
68 15
97 72
66 30
57 23
77 3
92 78
3 79
73 61
43 21
23 64
99 86
36 2
3 63
92 30
84 78
92 85
63 77
27 90
27 89
96 9
70 92
49 21
29 36
6 94
83 78
76 11
90 27
83 9
82 15
13 14
64 49
32 7
81 96
64 6
44 65
78 9
51 62
14 81
3 21
30 84
19 99
13 68
25 30
97 49
41 63
77 39
72 9
24 13
14 28
28 67
92 55
43 1
99 78
54 43
56 32
5 15
70 58
92 62
95 34
6 54
19 86
88 89
50 78
3 33
35 18
59 58
72 93
40 76
27 7
37 34
12 32
64 43
60 70
7 49
88 11
78 1
88 41
19 24
80 1
73 34
18 8
26 86
6 89
4 47
9 49
39 98
95 61
74 25
57 4
2 9
36 74
58 37
28 42
57 21
21 73
46 32
57 92
87 31
76 62
43 40
35 24
77 59
78 8
31 12
2 14
63 71
80 2
25 22
27 76
27 99
90 58
95 32
88 90
56 85
50 45
38 49
68 61
42 69
52 79
51 44
98 18
56 41
34 39
99 25
50 7
95 82
49 84
91 33
37 64
33 12
42 28
32 85
32 95
62 73
93 84
10 86
69 51
64 58
96 13
72 93
76 31
79 58
68 72
54 11
34 68
76 89
74 49
81 61
72 42
25 34
98 83
89 80
35 18
19 95
90 13
89 2
25 97
90 28
18 45
68 22
94 85
39 99
73 11
17 15
59 6
68 40
21 26
75 28
33 65
53 77
22 97
5 68
21 48
56 11
12 35
98 15
93 47
57 86
67 23
20 49
57 48
50 84
12 23
41 77
94 18
31 13
46 40
76 83
13 84
66 95
56 90
95 48
52 59
31 51
4 40
55 54
74 46
19 97
43 61
73 12
34 100
72 74
5 11
54 44
52 42
2 57
100 27
35 99
37 71
63 48
81 97
77 47
27 38
87 43
80 8
77 3
81 72
72 29
19 83
4 18
58 88
50 31
79 61
31 28
50 17
23 3
45 93
22 46
99 20
71 2
73 76
4 96
24 60
92 56
93 13
45 93
92 32
18 51
97 56
37 5
59 81
22 48
56 49
79 25
34 14
50 91
61 10
66 47
6 26
86 93
34 96
53 14
96 62
96 36
27 36
99 48
78 65
88 45
34 35
95 71
24 78
8 16
4 33
8 98
67 37
56 43
26 73
36 32
12 48
30 43
16 46
16 92
33 91
38 56
64 34
42 49
70 79
38 23
87 57
1 67
55 90
66 51
21 70
79 91
4 24
3 90
76 97
45 98
15 50
75 52
29 54
48 49
62 6
90 40
52 63
69 13
55 19
90 31
23 57
57 3
26 53
3 63
35 53
8 28
28 62
43 33
41 75
97 17
2 21
90 21
49 6
80 68
86 98
82 97
21 73
38 92
28 79
43 25
26 70
39 44
73 4
42 11
100 46
42 68
94 26
97 96
69 6
71 16
12 94
65 16
66 6
2 15
45 2
10 57
44 89
58 25
84 83
25 91
11 78
30 47
32 40
56 8
89 67
8 14
5 68
39 36
51 69
38 87
1 7
52 65
57 44
63 79
11 43
95 60
5 83
81 68
62 31
57 57
92 69
97 5
78 55
12 46
94 37
57 8
80 9
97 51
57 2
8 75
74 68
44 54
38 33
76 25
7 52
18 92
46 81
6 57
66 46
13 49
89 6
43 55
23 64
77 27
45 36
40 88
87 58
12 10
47 37
33 61
60 86
38 60
63 2
13 27
13 96
93 33
63 88
12 87
45 33
97 27
72 12
67 2
20 82
16 98
54 42
2 53
83 73
34 65
87 84
40 37
16 86
40 42
68 27
41 48
54 26
100 1
30 60
17 97
8 71
3 28
45 76
75 47
18 1
76 91
7 60
46 9
41 74
55 89
53 92
1 26
71 69
98 67
15 94
15 6
67 45
81 32
75 100
14 41
100 75
58 18
50 52
47 70
34 86
32 1
45 98
60 33
58 61
92 32
72 90
64 63
2 81
18 72
1 88
33 10
69 26
31 23
76 30
88 53
82 61
65 14
56 82
82 94
93 91
41 13
16 22
68 94
51 46
87 30
77 26
23 23
10 54
8 25
78 74
92 84
58 84
30 80
10 18
4 80
51 70
21 32
23 76
91 87
16 20
98 73
81 77
84 46
66 51
39 4
6 6
47 33
68 81
53 92
27 28
65 35
37 46
84 36
97 55
90 24
5 35
5 37
76 82
21 61
21 86
54 93
50 100
81 32
26 62
84 33
48 79
93 92
18 59
23 69
11 68
44 15
48 71
84 74
39 83
28 47
27 1
53 71
30 91
55 23
27 18
38 67
4 47
92 22
85 65
100 67
15 29
37 59
35 57
69 77
20 34
83 53
69 46
82 46
8 11
36 72
8 70
63 54
20 49
87 85
53 1
81 43
76 32
62 72
13 4
6 5
61 98
22 36
57 21
83 70
10 69
56 86
59 4
63 47
74 92
20 77
79 54
70 20
47 12
89 39
94 52
18 38
62 28
27 49
78 56
14 40
3 63
59 97
38 39
31 100
72 16
26 30
5 4
25 6
50 22
76 27
63 86
30 37
57 43
60 51
85 61
30 50
99 43
69 9
20 71
2 8
77 69
2 21
2 32
32 65
51 96
86 4
10 53
84 45
72 51
44 67
31 51
72 50
27 77
35 51
50 48
24 100
21 43
70 21
86 8
98 42
44 44
4 54
77 17
2 50
62 32
95 95
37 11
2 84
17 67
4 6
98 27
86 45
57 23
80 42
57 42
27 72
5 61
45 98
84 10
19 80
71 46
38 73
82 83
55 46
31 59
25 10
14 11
30 16
75 76
39 49
52 53
72 35
8 12
12 15
89 61
63 47
99 14
75 88
87 5
71 78
88 96
4 11
29 60
94 32
74 27
60 81
30 14
11 91
47 63
48 21
78 88
19 84
71 51
16 29
18 12
38 3
5 86
15 34
76 70
82 46
15 98
13 38
71 32
90 5
65 88
30 64
54 61
6 6
78 29
89 30
77 28
1 65
41 37
61 86
45 66
40 56
71 83
72 32
52 38
89 72
75 90
92 41
13 92
48 81
28 84
100 65
31 74
67 17
48 50
50 43
62 67
62 4
95 13
12 3
19 31
90 88
15 82
85 50
48 75
97 38
89 25
79 69
8 29
52 50
66 68
87 74
74 73
79 25
82 100
34 60
58 24
83 9
23 70
21 29
10 60
22 51
10 47
77 39
65 45
8 12
51 43
87 13
70 84
47 60
16 97
87 38
76 31
51 92
18 64
52 82
31 94
98 22
38 26
78 49
73 30
76 71
64 8
30 26
40 5
22 67
86 7
44 53
2 43
34 84
69 19
47 63
47 85
65 18
45 42
19 65
8 9
47 39
12 82
56 40
42 71
9 52
75 50
4 54
87 96
17 33
98 75
81 46
66 78
43 96
23 72
78 66
98 21
93 33
51 37
2 28
7 38
39 50
23 18
8 23
55 6
47 24
79 9
14 86
49 15
25 55
37 91
37 33
60 6
2 24
74 97
10 97
44 82
12 85
6 75
30 26
54 34
48 43
67 44
6 7
43 50
2 99
2 19
15 48
89 80
75 41
87 62
94 83
99 72
9 10
49 78
40 31
28 15
4 8
59 96
10 18
68 51
42 80
90 41
73 1
65 8
75 10
56 53
62 86
62 63
76 40
38 98
97 92
46 57
19 74
89 57
37 54
41 72
97 58
94 43
38 11
68 100
14 65
77 25
84 2
88 63
15 99
31 52
14 43
23 25
62 54
19 44
3 47
89 99
32 10
56 59
98 95
22 30
32 49
8 66
58 88
86 60
94 47
68 2
17 55
51 93
20 90
100 40
25 33
40 59
69 87
58 64
21 95
52 86
34 78
11 17
75 91
38 27
59 61
43 58
64 36
58 87
86 24
12 97
81 41
82 36
82 13
75 67
83 61
65 66
19 21
9 16
11 55
94 35
64 88
74 71
42 19
41 47
2 19
40 87
73 66
75 35
67 13
56 50
33 20
78 32
67 56
58 73
7 88
33 52
80 4
48 45
60 82
27 47
98 92
95 39
72 84
8 38
22 77
99 23
82 37
21 83
26 26
15 36
58 19
20 62
11 13
73 69
68 75
44 33
5 37
85 20
71 35
52 99
25 99
94 14
14 98
60 84
21 84
2 31
40 91
37 2
21 40
46 30
100 98
85 52
15 64
74 46
25 43
3 78
7 43
40 57
26 53
34 9
51 35
21 16
5 12
58 79
87 96
26 28
83 85
16 40
1 61
99 1
53 25
74 89
61 11
46 30
85 53
63 8
92 72
31 82
30 71
66 17
32 29
29 87
2 14
47 61
49 74
71 22
66 16
60 54
25 17
82 48
11 95
32 84
40 54
69 53
5 82
42 28
92 19
87 27
31 72
26 56
97 89
42 12
9 97
21 28
29 76
66 67
96 45
36 29
16 85
42 98
13 91
44 53
24 91
81 77
76 99
55 68
89 9
96 43
16 94
77 91
60 88
38 67
48 57
11 44
19 54
70 27
47 61
42 23
54 36
45 48
84 48
44 85
47 90
22 71
18 17
24 20
62 41
72 45
40 22
25 20
89 80
97 62
96 9
67 58
8 6
49 37
4 93
64 80
93 16
71 97
55 41
31 38
80 60
58 76
7 73
7 25
11 79
63 15
89 34
96 50
98 89
57 26
26 60
31 79
82 16
47 80
19 78
41 37
89 52
27 4
37 84
24 19
15 27
9 64
61 64
7 100
86 18
47 5
32 69
49 60
66 13
66 48
11 21
50 85
17 5
91 21
43 37
96 91
75 49
58 99
45 95
66 31
30 15
57 49
69 94
23 38
38 39
97 57
74 69
91 70
64 64
26 56
84 23
7 36
22 95
82 95
79 27
8 83
73 58
2 6
58 89
56 26
25 66
23 36
44 94
7 89
59 27
17 72
8 83
90 34
61 79
34 8
57 77
78 92
63 71
10 65
97 97
92 99
15 99
40 28
86 44
70 17
53 60
67 61
87 99
67 69
22 77
84 74
98 96
50 19
16 48
90 1
16 78
20 41
28 69
8 49
50 36
100 46
46 75
60 83
45 45
88 78
47 87
90 66
78 92
30 63
33 43
77 74
82 45
86 8
84 72
96 99
62 48
65 65
70 74
60 67
23 92
37 3
11 11
64 75
30 73
37 88
37 3
87 52
52 72
96 44
28 80
18 99
97 31
22 57
38 83
28 68
52 85
92 2
11 80
8 65
53 92
32 23
56 25
92 72
36 5
17 22
43 70
13 51
16 34
62 66
33 49
7 62
8 86
31 35
61 38
28 85
11 24
77 6
87 59
44 76
16 64
30 61
53 65
82 62
69 10
9 60
75 28
73 46
76 25
65 36
63 26
27 2
24 81
70 11
36 51
16 22
51 15
57 41
35 13
94 81
30 76
12 63
68 20
38 82
2 61
79 59
64 95
85 56
17 32
90 73
37 52
7 6
42 100
56 87
100 2
62 22
91 31
6 20
37 14
91 16
92 95
59 75
89 81
46 83
72 71
86 53
46 39
98 10
91 10
51 13
88 57
21 71
38 16
67 86
72 61
71 91
98 45
71 89
84 20
3 99
15 80
64 29
77 62
91 48
28 93
36 41
27 9
60 95
69 93
83 86
39 85
86 76
94 97
14 91
43 56
3 49
78 54
86 3
92 99
88 87
92 94
