100 1360
52 15
95 4
22 20
9 100
30 59
54 44
92 99
38 55
92 59
76 66
83 43
83 20
19 14
59 99
76 71
78 36
11 63
28 83
58 73
96 76
38 39
76 60
88 46
73 94
49 82
68 94
98 63
82 49
45 93
6 63
66 1
98 100
30 78
29 20
7 13
27 3
26 21
59 29
40 92
76 71
2 7
50 24
29 74
42 77
27 82
93 22
44 22
69 74
93 27
98 11
57 91
43 68
7 25
26 89
97 7
68 82
84 91
43 16
9 91
94 75
69 66
64 67
34 92
37 47
57 21
36 4
34 31
95 79
67 48
82 15
53 17
60 52
97 25
100 59
93 51
50 3
84 15
80 6
69 29
49 14
45 55
1 56
88 66
59 97
12 72
38 7
6 93
68 28
19 50
46 52
24 52
30 50
47 99
24 55
32 48
82 99
21 94
95 78
86 94
23 100
29 51
62 74
11 3
93 75
89 32
96 55
65 84
3 95
18 25
56 75
23 46
78 34
89 40
61 86
68 37
32 2
30 29
90 58
1 4
18 23
88 73
70 32
33 50
76 98
74 82
76 97
11 77
15 92
98 16
36 5
99 35
37 42
4 12
18 61
62 95
55 38
38 68
73 64
42 2
69 87
77 76
53 53
75 27
28 28
50 30
94 49
34 82
14 65
14 62
15 59
40 48
8 3
81 1
12 54
23 25
58 15
61 25
65 15
95 19
33 70
27 38
13 64
61 68
28 58
76 18
36 14
38 59
93 34
16 49
95 38
20 70
7 97
14 52
91 12
71 34
7 31
9 89
72 70
100 40
33 53
6 36
45 68
88 96
79 24
28 43
54 84
17 21
85 5
34 30
84 63
31 70
33 73
30 82
84 13
8 18
51 94
5 41
63 28
95 4
97 87
31 7
74 29
23 70
95 59
11 13
69 92
96 17
71 58
84 77
99 27
83 98
45 85
40 71
84 94
46 94
91 81
91 45
13 47
53 42
70 100
56 59
99 35
77 62
25 29
54 18
75 39
95 17
64 75
99 40
38 91
17 34
62 6
27 69
73 20
23 8
56 99
65 7
17 13
66 34
44 79
88 74
11 93
80 98
27 47
6 3
92 5
44 49
20 4
72 20
50 76
37 64
67 48
34 97
60 37
64 96
27 42
3 48
80 69
4 69
37 33
82 49
27 42
56 90
47 9
12 49
46 13
92 98
74 23
12 54
74 7
61 19
58 60
9 24
68 44
25 87
25 70
21 41
86 6
96 57
75 36
85 89
7 21
87 19
49 25
86 65
41 51
99 94
5 36
20 39
41 73
42 74
92 44
90 87
29 11
36 18
70 93
14 74
64 43
62 69
13 33
16 70
48 98
62 6
61 79
88 99
39 96
7 88
36 37
90 59
36 11
4 37
98 37
20 74
9 19
98 19
93 7
27 5
76 31
60 93
37 80
27 66
76 41
73 28
4 89
62 57
75 61
81 75
66 87
33 44
7 62
9 82
41 47
97 43
99 50
39 9
25 2
87 95
70 41
95 39
84 82
23 22
95 17
82 3
86 95
15 52
4 95
1 7
29 94
68 99
31 95
86 5
29 36
75 75
71 83
61 84
32 94
40 29
15 32
59 42
71 73
49 39
19 50
33 67
54 22
3 17
15 63
9 18
10 27
35 72
46 83
47 11
89 4
38 54
67 28
80 10
43 98
24 4
69 67
86 13
30 74
35 13
55 53
16 50
47 49
20 20
8 74
74 16
42 88
11 30
60 19
70 69
80 40
54 39
11 63
6 86
91 31
47 28
72 89
24 4
24 33
72 7
63 38
28 7
35 2
89 52
52 1
12 62
86 77
1 4
50 33
19 8
89 74
55 85
41 67
76 68
73 43
77 95
26 65
95 37
37 27
83 80
73 80
74 29
23 61
61 80
5 1
80 97
74 100
99 56
26 16
24 26
11 95
11 90
5 99
63 57
42 70
97 86
55 86
64 19
25 22
68 77
60 83
34 88
72 76
87 13
59 59
73 31
65 78
32 23
96 58
62 51
56 75
64 46
52 6
47 2
51 82
48 93
100 52
16 46
18 55
68 61
45 84
38 94
19 91
34 78
20 72
26 4
46 87
71 77
10 72
10 76
69 76
51 28
28 74
9 33
92 15
1 55
67 19
19 51
1 22
56 31
44 56
2 14
25 5
42 50
68 37
41 45
80 32
56 80
84 31
96 87
43 78
58 67
41 37
12 10
64 79
42 99
84 18
62 15
75 96
17 17
94 79
84 7
2 59
56 55
92 67
46 43
98 63
91 37
71 13
45 20
75 79
33 97
8 98
11 86
42 95
33 95
68 68
84 20
81 28
9 100
73 8
45 53
17 31
57 26
70 83
23 32
22 5
43 41
89 33
44 76
90 67
89 42
91 36
31 71
25 87
81 15
45 60
16 54
36 32
23 13
73 7
45 74
85 25
94 95
50 94
17 60
33 54
77 4
14 33
24 68
56 36
75 97
62 6
87 73
44 4
73 78
72 26
43 62
53 27
10 92
79 49
58 86
85 95
65 53
45 77
68 12
80 75
56 97
60 50
70 66
20 90
32 29
87 83
82 57
33 96
21 23
20 90
83 94
69 34
2 95
9 3
5 13
100 1
38 55
77 9
2 57
40 11
54 95
95 34
84 94
49 27
53 40
54 18
41 40
57 88
6 84
44 83
17 86
64 49
67 3
83 78
46 95
96 25
61 55
82 23
11 97
97 68
85 84
96 40
15 13
73 47
79 99
4 74
54 76
81 44
50 50
37 77
2 3
92 66
9 93
86 51
79 70
34 20
33 9
46 52
98 48
90 93
65 28
93 94
92 68
45 96
60 62
63 86
38 61
37 69
76 9
71 85
98 50
7 81
34 89
72 75
28 93
39 61
26 4
17 93
45 39
98 31
51 85
34 2
47 73
30 98
44 60
75 81
6 56
80 65
55 7
63 31
27 36
76 52
20 17
82 95
47 8
4 12
6 67
12 20
72 64
100 66
80 61
44 47
62 88
13 19
68 64
86 34
14 62
89 53
46 45
83 6
81 91
73 99
73 38
24 24
41 36
33 24
56 80
25 12
66 18
55 8
9 54
77 28
49 18
39 56
73 40
60 44
100 21
39 65
24 68
71 50
19 99
87 8
60 1
87 55
63 31
45 18
30 23
69 75
1 88
37 69
27 80
37 36
34 65
93 52
88 24
30 75
68 93
25 70
97 17
100 80
39 22
95 35
100 79
96 53
93 85
95 64
82 99
19 30
25 79
99 3
48 54
82 41
90 76
31 99
98 79
42 39
56 59
17 42
94 92
16 5
69 8
74 58
1 32
89 59
48 63
26 19
96 11
30 74
20 38
58 66
19 47
68 69
9 18
16 52
64 92
36 3
89 68
4 90
12 39
47 89
16 65
76 49
8 70
54 62
83 34
77 55
41 73
58 21
7 88
43 91
67 86
93 59
69 68
35 48
100 25
66 34
87 62
51 2
81 15
7 3
13 49
48 22
10 82
29 47
61 72
18 53
66 6
97 38
2 41
58 21
100 44
80 18
59 81
90 9
66 2
48 75
12 25
35 28
28 72
68 11
71 50
81 30
53 4
30 27
15 77
74 51
72 26
15 91
47 18
42 42
19 88
5 21
3 24
87 52
98 70
43 18
17 82
13 60
72 29
19 58
49 99
58 52
20 18
51 31
4 42
38 46
40 68
50 41
91 25
66 78
17 9
2 71
95 69
45 33
79 52
89 88
70 71
13 28
5 33
66 9
96 36
66 32
2 26
63 56
22 60
95 30
72 79
46 30
66 22
81 11
31 33
54 47
8 13
70 85
98 86
70 1
65 56
66 12
4 34
29 33
82 98
39 61
67 58
90 51
57 45
1 97
27 100
80 17
6 34
58 49
31 57
18 32
34 50
10 86
38 56
11 12
83 90
75 45
14 97
62 95
64 39
22 20
91 14
74 9
48 21
3 15
24 6
54 8
31 51
59 95
56 89
14 69
51 8
96 73
5 77
98 77
64 58
47 50
72 30
33 56
67 42
48 23
77 49
70 75
85 97
92 85
19 36
88 25
16 88
33 66
1 31
47 53
79 52
64 10
57 28
7 28
94 54
13 33
67 51
79 69
3 54
1 78
2 70
59 7
85 51
71 58
1 68
56 35
91 56
53 64
86 77
66 3
61 39
90 46
53 43
36 88
85 42
7 14
97 65
98 31
90 24
8 23
73 11
65 96
100 95
95 8
91 83
97 9
64 19
92 1
28 93
57 66
7 99
49 67
64 23
49 33
43 15
18 39
65 25
50 59
88 75
1 3
36 68
93 60
7 82
94 66
14 26
95 70
26 91
99 23
16 55
89 78
13 76
56 22
86 80
8 48
65 14
63 32
34 19
33 18
63 82
48 94
37 53
100 44
25 5
5 49
68 29
24 52
11 52
82 54
71 90
1 83
46 11
57 67
52 97
84 54
39 29
27 8
36 74
70 81
28 5
83 49
84 38
32 17
85 73
17 61
8 82
76 57
71 95
48 76
22 100
61 52
68 90
73 68
67 17
17 15
15 88
86 44
96 93
77 37
95 50
96 26
74 73
90 49
29 32
15 56
33 30
89 4
40 69
40 18
3 54
87 28
19 88
29 1
13 82
77 6
6 12
7 78
75 77
36 23
14 8
14 58
20 86
90 51
73 42
91 18
79 14
34 72
15 59
96 40
38 13
38 30
77 60
42 83
41 24
11 7
4 78
77 90
47 1
79 80
58 14
99 41
23 72
85 45
31 73
8 57
83 66
27 76
84 91
58 3
68 21
42 62
87 67
93 24
62 86
36 75
71 32
2 90
39 52
20 69
3 12
100 64
16 46
4 37
11 32
17 97
78 65
78 99
69 49
57 89
86 9
61 25
17 68
34 25
76 19
27 3
24 30
36 82
98 68
6 91
83 64
25 10
65 82
37 2
36 74
65 56
21 90
43 36
47 79
47 39
29 51
39 31
77 26
4 62
12 21
64 52
75 93
6 8
28 38
5 79
51 77
29 93
57 17
97 2
61 55
91 22
26 94
23 30
98 88
40 85
34 87
54 63
19 13
18 49
71 12
97 31
46 63
14 77
70 31
95 50
99 50
80 12
59 36
19 14
91 69
13 57
40 4
20 4
44 51
63 40
6 69
6 89
57 90
31 14
38 47
49 65
69 8
45 68
49 63
84 49
33 64
26 44
15 47
86 32
8 48
24 97
26 63
22 1
85 36
8 98
95 5
48 81
88 15
78 35
30 89
13 63
3 61
87 93
70 32
89 10
65 90
69 1
42 84
35 47
77 28
1 84
52 53
39 80
71 49
27 96
33 17
86 58
93 28
93 12
29 40
44 70
70 7
27 19
98 95
12 36
25 35
67 1
33 56
30 98
11 41
41 95
23 35
83 40
59 21
71 42
24 94
88 36
24 74
29 71
67 97
97 99
6 23
1 39
47 81
57 81
54 95
19 28
5 20
56 40
70 65
45 70
12 90
3 1
41 47
15 13
59 12
11 32
43 62
47 40
36 88
85 91
74 87
29 19
20 34
2 82
40 47
99 100
92 32
51 95
39 35
97 94
60 14
69 31
80 12
13 83
58 89
13 35
30 86
55 61
7 23
48 19
96 83
5 76
20 1
23 64
38 61
40 29
85 62
19 9
73 43
100 25
89 49
1 65
82 15
14 29
39 75
46 69
63 74
20 2
40 15
71 52
100 77
99 18
59 5
17 45
70 1
87 100
7 3
85 49
11 30
29 95
10 68
89 26
31 3
83 31
37 72
4 5
31 23
94 33
53 17
20 91
12 68
34 34
22 23
94 44
72 44
20 76
42 92
67 18
34 30
38 18
70 84
16 49
86 64
97 7
79 48
31 15
46 11
57 15
17 86
39 61
49 19
12 82
58 62
66 47
55 55
14 87
51 9
9 31
81 63
60 91
1 65
2 10
32 43
21 97
44 54
84 44
14 53
47 67
78 26
85 75
23 83
70 7
24 85
23 24
52 20
20 45
67 80
45 83
67 34
60 66
40 29
73 54
75 54
3 83
79 92
13 17
27 96
58 17
62 99
92 34
80 91
24 45
34 66
93 82
25 47
33 25
