100 2040
18 66
33 27
7 93
18 100
39 92
18 96
40 25
96 10
17 58
32 49
86 23
67 58
67 92
16 52
34 16
42 23
57 79
60 30
92 33
56 85
89 64
9 47
65 47
25 85
42 61
71 81
84 30
13 52
79 54
87 80
80 24
26 46
52 81
15 10
23 18
98 19
90 34
23 92
6 49
32 45
51 62
5 58
49 50
94 34
30 54
69 97
58 93
34 35
90 56
32 59
74 37
19 17
75 60
12 13
93 85
19 90
46 88
90 83
57 51
31 53
76 68
50 71
31 80
4 9
47 81
53 74
84 28
55 78
7 84
17 64
16 38
49 4
37 95
62 95
21 37
79 58
78 66
10 87
92 43
78 96
63 59
77 50
65 93
35 15
82 61
1 40
30 4
19 68
63 71
10 75
20 41
62 84
35 74
30 8
79 96
7 64
47 26
85 75
22 44
6 18
44 88
56 37
83 100
59 85
48 13
49 25
38 46
85 48
11 91
85 10
50 86
55 50
18 62
15 17
69 91
20 42
90 51
7 48
76 45
19 11
12 48
35 24
27 92
50 12
18 97
71 29
92 42
51 77
60 56
77 68
20 92
57 83
31 48
24 12
16 39
66 19
28 48
97 88
36 75
91 18
80 5
64 53
14 35
41 69
93 22
54 25
58 98
57 41
11 14
1 13
95 22
76 40
99 86
98 41
12 20
51 53
10 17
69 19
35 92
59 46
70 50
55 59
44 17
49 61
74 22
38 87
41 78
90 58
41 32
94 24
83 86
87 21
87 59
56 10
90 68
69 37
17 64
98 99
85 22
72 2
73 82
45 11
19 96
79 57
83 16
13 36
85 33
58 27
51 43
11 74
14 24
93 29
92 10
81 63
65 71
31 60
15 56
4 52
19 7
31 5
19 2
91 69
19 25
80 18
47 95
90 16
56 2
57 98
59 90
23 13
40 54
76 96
60 91
6 42
31 76
86 43
91 8
5 59
28 95
25 62
34 57
23 82
26 33
92 28
68 71
9 92
78 14
17 60
32 80
7 49
15 53
49 30
50 100
46 79
80 94
41 35
20 8
8 14
79 57
34 4
45 86
38 48
76 64
57 42
12 21
7 94
29 40
75 54
21 1
71 100
43 62
81 26
45 92
24 59
83 14
8 57
77 93
73 58
93 75
20 77
35 96
95 8
19 80
24 40
74 99
30 34
58 79
16 5
45 74
16 6
62 73
96 3
17 42
5 40
17 15
71 78
73 25
62 75
36 73
72 35
63 14
45 9
4 74
26 70
49 81
22 18
29 13
16 70
39 28
15 65
9 100
81 99
98 54
76 31
64 48
36 47
60 79
35 10
97 93
3 61
64 33
20 23
71 46
4 63
65 55
85 42
75 46
6 2
51 77
70 73
60 92
91 56
23 45
8 80
49 83
12 32
50 34
49 21
4 8
18 53
6 56
33 100
85 14
98 83
15 88
78 23
71 89
5 18
82 4
17 79
73 21
20 61
60 44
53 96
64 4
48 68
10 42
70 88
59 47
90 56
22 50
30 47
9 79
62 74
68 5
76 91
67 45
95 43
89 48
37 57
48 29
81 60
74 33
41 17
67 81
64 87
24 60
74 85
98 74
75 39
37 38
7 17
70 1
30 63
81 33
16 63
19 19
89 46
33 41
8 59
35 81
86 75
54 88
88 47
39 67
51 73
41 1
74 88
91 39
47 35
44 35
2 74
73 75
36 93
95 23
18 71
86 50
36 40
47 68
10 43
58 45
34 65
57 42
83 76
68 51
72 97
10 67
3 7
22 51
51 49
24 38
51 28
52 87
24 10
83 23
47 96
69 41
40 86
40 31
8 26
43 67
48 68
56 16
20 60
35 93
89 42
37 58
55 26
66 51
92 6
98 46
47 43
60 13
34 88
98 18
72 72
54 61
100 8
81 14
60 47
27 16
98 93
56 51
99 21
90 79
39 67
17 75
10 46
45 67
83 71
84 54
67 8
85 92
62 86
21 45
43 12
78 17
83 57
16 66
14 30
98 5
57 29
59 93
97 63
10 50
59 23
28 67
98 5
62 53
12 5
69 69
73 33
41 14
43 46
14 53
76 95
69 96
39 89
88 72
39 33
54 26
38 45
16 17
20 100
27 90
82 29
28 7
11 32
22 81
90 84
23 98
73 2
88 32
64 97
84 48
40 97
29 52
33 80
75 73
21 43
3 89
94 38
10 74
63 88
19 54
16 56
16 97
62 59
82 42
48 39
56 78
61 57
48 43
19 72
82 62
57 56
71 29
6 13
95 18
44 81
23 91
81 77
48 20
66 44
99 64
3 18
51 45
8 35
90 79
52 58
60 88
64 78
1 15
45 72
63 36
67 91
43 2
30 35
84 89
13 91
87 72
86 91
85 45
99 82
3 92
96 97
21 32
27 66
83 21
23 57
31 59
1 71
53 86
30 90
46 31
67 27
90 58
16 52
74 78
26 2
27 22
36 69
37 24
37 74
16 33
28 16
86 63
7 16
35 99
13 91
20 39
5 28
45 40
41 63
51 89
39 88
38 18
47 26
48 54
50 32
53 58
53 99
1 56
4 54
16 97
80 1
41 59
6 51
47 92
37 96
63 37
56 87
5 79
41 80
19 57
91 44
100 33
61 72
38 99
93 86
73 45
26 40
5 21
94 91
52 49
44 53
74 62
24 39
79 34
94 76
17 42
7 40
87 44
8 90
67 46
68 46
49 82
47 12
69 84
37 12
1 75
7 20
48 12
59 68
25 89
43 53
34 100
50 6
33 97
2 49
43 99
91 48
55 4
31 86
92 56
76 98
96 46
89 44
58 68
41 3
29 38
43 51
26 43
12 80
19 35
20 6
82 94
41 40
66 51
98 53
30 42
2 29
67 87
51 49
3 1
59 19
97 16
78 99
26 35
34 1
19 7
73 88
1 57
35 36
23 72
85 65
27 25
35 46
50 17
75 43
47 71
92 92
60 3
88 48
13 40
78 62
71 27
57 67
94 94
51 14
76 46
19 26
100 37
27 28
3 36
55 95
2 10
32 98
14 56
86 42
11 43
94 37
70 49
53 99
59 28
75 21
84 89
100 25
48 70
27 67
52 21
38 24
25 99
64 10
40 50
7 97
13 87
58 21
28 16
59 57
16 19
6 33
67 61
9 49
63 37
46 12
36 35
60 62
35 77
38 71
61 85
75 65
5 64
72 62
10 32
81 68
87 96
4 58
69 63
89 54
45 33
92 78
23 86
58 29
64 84
64 25
37 33
14 51
49 42
38 96
59 22
90 88
78 53
62 77
59 54
92 56
67 14
26 81
65 26
43 54
40 92
34 28
52 38
77 98
61 34
75 80
3 81
23 77
60 24
79 61
40 58
46 4
35 20
30 57
51 15
55 80
68 26
58 41
90 9
79 78
43 95
55 5
74 93
62 56
73 1
47 26
32 48
39 89
39 16
82 47
40 74
6 59
55 57
14 86
92 17
72 56
5 9
3 87
33 86
57 87
94 34
74 77
63 14
56 43
11 64
21 89
28 10
65 72
89 41
65 18
17 95
72 31
54 61
17 94
83 41
84 20
89 5
5 77
66 62
40 46
33 10
52 33
44 19
46 97
58 62
59 86
94 9
40 71
62 85
80 15
60 69
61 99
24 37
31 6
100 55
51 35
15 74
45 19
87 70
95 4
87 45
72 71
57 89
91 68
17 91
37 69
56 94
50 58
51 22
80 60
69 90
90 61
60 50
6 81
93 17
56 21
51 33
53 22
72 90
85 42
4 87
73 48
48 92
6 91
16 41
48 95
53 21
23 100
36 16
18 29
2 86
55 82
30 66
53 18
10 16
14 42
58 55
17 20
19 76
45 93
29 73
24 60
17 30
36 4
16 51
82 78
10 25
98 5
60 100
24 44
71 40
55 83
71 89
64 18
25 9
31 88
53 50
58 90
28 21
89 50
27 48
100 96
82 4
12 29
62 84
39 26
76 65
3 61
67 20
82 93
26 55
9 93
80 32
85 77
90 96
72 37
21 37
26 48
5 33
93 70
31 29
80 66
11 71
22 57
7 40
36 89
51 38
26 35
67 79
14 62
28 13
79 73
22 80
51 33
15 51
2 84
15 87
13 87
63 78
84 33
94 81
49 50
59 3
22 22
24 20
58 11
96 19
77 58
47 56
16 79
69 58
18 92
70 34
41 54
37 79
66 19
12 36
69 29
46 69
17 34
5 58
90 42
36 50
22 89
71 57
83 74
25 27
61 21
57 31
81 61
50 4
2 19
94 20
24 29
68 60
12 68
98 57
97 94
15 46
19 73
86 36
18 90
49 48
51 19
75 89
72 94
27 15
3 47
38 69
98 50
10 20
54 27
21 50
48 84
94 48
30 70
96 96
60 12
77 63
69 58
8 20
78 60
7 32
78 37
78 100
44 81
50 70
99 63
68 36
9 51
19 67
37 60
22 53
14 15
55 32
5 59
92 96
47 27
14 61
13 48
70 91
17 80
11 69
8 52
70 51
26 15
72 23
84 80
18 55
42 64
29 49
6 73
12 30
95 88
49 100
94 60
28 80
46 73
98 85
27 54
43 35
90 84
44 32
53 21
18 47
90 33
82 68
65 92
27 69
95 22
19 60
32 78
34 3
69 27
40 38
6 50
68 12
26 10
100 71
18 47
66 100
50 40
54 40
35 89
17 93
86 85
24 85
72 8
43 18
24 99
34 97
4 63
55 51
60 10
67 35
18 38
40 50
52 44
97 1
9 26
67 71
60 45
8 96
16 28
35 35
10 7
3 61
98 10
82 43
6 39
84 64
1 99
54 49
22 93
84 63
94 9
47 45
86 31
92 40
94 22
58 81
75 89
60 70
14 77
93 68
19 21
6 23
12 21
67 66
86 8
18 51
95 21
51 77
38 78
90 25
92 40
81 20
4 36
27 100
62 78
66 7
35 49
82 98
13 44
92 31
71 67
43 32
70 11
42 14
38 66
68 95
18 92
11 44
19 13
46 72
98 24
27 19
51 49
78 43
34 12
63 2
70 32
64 14
93 94
9 25
53 39
18 99
34 49
36 26
22 94
28 56
20 15
39 56
26 67
77 77
62 6
2 43
89 95
84 50
3 82
66 20
100 86
90 39
38 35
33 33
25 97
38 67
14 48
38 46
96 43
15 9
58 89
64 88
95 26
31 11
32 39
19 9
70 90
22 13
85 47
64 33
82 46
90 6
47 70
85 10
53 63
64 13
33 41
97 51
80 15
97 21
49 77
55 7
75 35
41 69
12 31
7 99
63 35
94 87
71 45
90 46
18 85
29 27
71 74
70 35
28 41
46 48
69 17
51 95
71 21
39 5
73 17
9 13
91 42
61 40
2 41
51 12
14 64
61 58
68 5
74 89
16 52
3 64
68 82
45 27
14 53
9 95
86 37
15 45
18 77
32 32
57 39
84 64
25 88
96 31
12 41
17 11
55 33
75 50
14 92
7 21
25 9
94 6
82 49
4 18
93 47
45 56
63 13
87 72
43 61
34 41
92 6
79 59
61 79
26 29
31 79
32 80
39 76
50 2
38 75
47 25
79 77
66 81
60 38
10 82
41 32
56 35
67 24
85 4
54 42
37 73
20 96
29 93
88 71
57 32
68 98
39 37
72 9
46 20
76 43
84 49
53 60
73 52
61 76
5 58
95 50
42 83
80 10
52 98
69 4
52 19
18 42
53 70
72 66
5 84
52 89
49 65
66 37
73 89
55 65
50 42
15 24
3 1
68 9
79 57
76 13
45 59
75 96
47 68
91 48
12 70
67 21
18 15
85 12
76 44
72 39
69 3
74 10
60 21
2 34
77 49
35 84
10 8
44 58
60 87
14 83
42 96
45 46
33 73
91 27
43 64
28 34
79 25
4 50
75 87
20 95
99 7
69 13
31 71
23 34
88 40
56 60
71 56
3 9
52 41
93 16
1 73
11 35
29 72
50 8
70 29
61 38
19 89
79 50
22 50
18 4
27 50
37 66
31 53
7 16
79 15
66 75
62 99
25 49
34 89
19 18
96 1
69 58
35 97
76 69
61 19
40 86
46 29
34 25
31 36
95 89
24 85
39 30
23 79
67 16
3 3
63 58
81 14
33 88
54 22
4 61
63 86
58 26
60 53
2 85
74 15
42 19
93 33
2 59
22 52
88 80
38 78
50 51
1 100
20 27
93 89
11 59
24 89
38 39
5 43
53 35
84 72
53 78
9 22
89 85
33 10
24 98
5 50
85 37
61 56
2 26
74 40
61 13
77 18
22 37
66 70
7 30
17 82
31 83
36 52
27 52
95 49
24 57
63 72
87 29
28 8
7 84
47 69
19 89
57 32
29 33
5 74
5 70
54 70
23 25
23 16
65 88
97 26
15 93
24 90
32 10
34 22
80 26
19 15
92 62
52 87
56 29
64 16
5 35
10 38
88 44
45 8
93 38
97 100
97 98
1 82
44 72
76 34
31 66
71 59
4 69
86 72
21 91
2 66
9 46
97 40
11 8
30 86
65 33
85 27
18 89
93 56
68 11
81 74
42 83
13 7
20 76
19 46
38 95
52 10
57 70
15 51
86 50
78 86
48 9
96 68
98 57
80 2
31 67
29 76
5 61
19 77
74 77
76 1
2 83
49 48
23 95
25 72
8 76
61 10
26 11
3 9
70 46
74 42
17 65
96 47
30 68
84 12
16 51
24 5
2 1
97 94
57 81
66 9
77 1
44 72
32 94
97 16
73 36
28 35
59 68
98 27
55 41
89 33
65 86
52 19
72 72
68 26
94 5
94 88
57 38
66 91
13 22
29 52
87 72
69 94
39 92
100 100
55 59
12 19
18 79
42 89
42 60
6 83
86 66
5 68
53 28
19 23
57 39
6 10
49 85
49 9
79 22
29 7
2 50
31 73
70 69
32 21
35 98
88 5
46 80
92 66
60 68
48 9
88 73
25 40
21 59
44 30
74 45
93 95
53 35
77 46
93 92
85 11
8 84
61 8
20 100
65 56
30 13
4 36
83 77
24 12
77 10
27 68
9 53
73 28
63 40
15 83
99 4
57 85
63 4
53 9
7 8
75 72
15 16
91 52
37 6
22 70
5 99
12 71
78 82
75 39
88 15
47 34
36 62
81 97
94 18
16 87
64 58
91 69
72 91
57 69
18 48
39 96
55 73
13 8
19 1
97 63
72 35
15 49
81 89
48 58
48 52
95 70
44 5
39 47
56 32
2 23
98 12
11 64
17 52
98 6
83 92
95 40
16 21
66 91
17 13
10 12
82 24
77 99
32 62
97 91
23 98
11 47
78 92
19 65
58 40
49 61
67 97
23 2
87 95
13 53
36 78
11 64
2 13
10 24
67 11
27 28
86 61
27 64
8 74
78 63
10 22
32 41
81 4
59 65
13 51
42 65
19 41
63 37
82 51
3 3
17 18
33 10
11 98
26 82
3 85
44 74
26 41
66 39
39 95
74 82
18 93
47 85
60 17
95 87
5 83
58 84
27 6
37 37
20 68
17 22
12 86
89 51
88 9
35 2
12 96
12 44
10 19
35 68
73 66
6 98
79 59
53 33
68 52
13 2
44 3
11 91
8 44
82 93
94 10
64 78
13 90
1 15
58 15
47 63
5 44
21 43
41 73
48 56
64 94
12 28
20 3
32 33
36 79
42 56
56 37
24 99
44 89
10 72
89 12
37 84
93 44
58 76
30 9
37 40
11 2
87 75
83 73
60 52
95 7
57 64
36 93
47 30
27 2
2 69
44 98
63 10
96 24
99 35
34 97
86 45
21 40
56 51
80 3
99 52
86 48
71 82
40 78
53 13
69 4
13 80
85 69
16 61
2 66
87 88
41 23
10 75
91 70
1 49
38 95
14 82
35 83
49 61
31 36
79 2
95 95
80 77
66 42
5 9
63 2
82 93
80 70
37 79
36 86
17 96
50 69
20 97
88 87
50 73
49 32
20 49
99 11
74 10
74 44
12 71
91 62
93 68
58 18
51 12
73 31
85 64
26 91
41 9
32 28
98 90
27 29
36 28
59 4
67 69
9 59
67 66
55 80
7 32
71 80
9 86
96 9
3 89
81 7
30 87
48 83
34 61
79 63
63 41
75 67
3 89
28 24
61 78
90 27
92 93
55 74
58 30
55 100
85 48
75 72
14 78
18 70
44 73
55 66
58 3
89 3
50 74
90 85
75 59
48 92
88 72
47 10
42 58
37 5
86 8
40 51
29 86
64 87
2 78
91 7
35 19
71 37
89 37
31 44
51 22
2 13
91 24
10 4
2 72
90 71
67 37
29 10
31 91
45 38
31 57
89 13
8 67
91 87
31 16
83 68
95 14
78 12
2 93
36 14
88 87
35 42
74 75
53 15
96 74
61 13
52 24
67 56
93 41
72 79
40 89
15 6
58 95
38 56
72 43
97 30
90 4
30 66
85 35
76 25
53 65
69 18
99 81
52 68
80 72
31 80
17 32
69 92
21 49
37 54
93 91
42 27
83 58
77 80
63 88
50 64
57 34
20 60
6 23
48 82
31 84
26 74
100 7
27 44
30 13
28 60
10 15
62 85
32 49
84 43
4 38
100 61
40 13
10 27
76 3
75 25
37 2
80 30
19 84
57 30
59 54
18 20
18 89
53 1
91 61
57 99
77 25
93 75
79 52
63 55
66 3
82 69
71 69
85 18
14 46
21 8
7 16
87 49
97 53
19 37
34 18
10 84
17 90
93 74
65 77
64 45
35 73
96 90
63 77
73 92
23 73
21 16
59 99
99 63
79 13
85 91
81 29
58 91
4 28
81 98
30 19
68 72
2 17
9 89
51 38
37 52
40 33
4 97
73 8
34 7
85 51
2 7
94 53
61 31
2 51
15 36
74 82
91 28
90 1
74 9
70 81
76 20
52 31
50 43
99 86
25 48
41 2
22 83
27 86
12 84
32 51
37 2
25 71
73 38
80 63
46 18
44 45
18 46
71 38
16 18
56 37
19 82
33 78
9 45
83 16
38 78
65 77
10 50
28 56
75 16
90 18
5 72
74 34
15 85
13 54
61 7
77 93
16 93
97 80
52 72
10 16
39 26
49 43
15 44
30 83
55 16
59 62
91 64
59 24
68 13
31 56
65 77
4 11
73 90
7 23
26 64
