100 2040
42 6
83 5
61 70
1 88
94 70
57 36
27 62
7 27
32 12
58 94
27 9
76 30
24 8
33 9
54 87
69 94
45 15
69 34
21 8
94 96
82 79
98 2
66 26
32 25
60 32
92 33
81 58
9 86
70 75
30 92
88 29
62 32
75 38
100 38
22 56
43 9
1 49
2 18
66 36
89 53
1 22
39 81
84 14
54 80
80 73
99 10
61 54
43 25
6 3
78 76
43 11
12 12
89 22
11 80
18 56
7 55
10 38
18 48
99 7
100 9
82 53
48 1
11 78
64 21
45 3
5 80
84 72
6 74
97 1
76 29
86 83
56 11
95 69
41 86
2 59
97 84
4 55
85 19
90 51
62 66
53 73
29 34
66 43
91 74
30 7
53 76
71 63
30 82
13 10
64 53
42 30
23 73
43 48
30 99
16 55
44 54
68 57
84 23
23 60
33 33
15 74
83 21
67 10
56 59
63 57
96 55
74 94
86 49
46 47
68 77
91 5
54 76
12 91
60 97
73 80
20 33
32 72
33 100
32 75
63 26
41 63
92 83
54 21
92 26
69 83
38 54
78 81
69 20
24 4
40 34
59 29
74 12
13 40
7 6
90 87
73 59
63 38
8 9
22 42
47 90
100 23
12 48
94 28
56 39
29 67
60 86
46 9
69 73
94 67
61 18
63 76
48 67
53 84
72 65
23 17
50 21
19 76
27 89
45 4
15 24
1 44
41 95
16 84
8 89
24 43
48 12
61 36
71 45
56 28
57 68
7 98
29 97
39 8
53 17
25 23
14 31
98 11
17 47
75 88
63 30
30 22
99 48
35 30
15 37
71 39
90 61
24 46
12 16
91 58
28 58
53 97
5 80
95 12
39 81
78 23
87 26
32 3
6 99
61 67
98 43
74 44
19 28
86 24
28 45
64 94
3 78
22 84
21 27
1 64
32 69
74 80
27 60
74 99
57 32
31 37
46 52
42 54
61 33
71 56
84 76
20 61
59 56
6 86
37 65
50 46
5 72
6 52
27 32
97 56
69 47
62 38
26 71
6 28
90 73
5 11
12 42
57 93
7 32
55 74
93 89
12 71
63 13
25 17
15 71
16 44
61 12
1 89
71 40
30 15
60 39
55 99
72 45
42 16
31 15
28 16
30 32
50 97
97 16
86 9
64 96
27 2
65 72
8 39
39 99
30 97
18 59
25 50
61 43
63 10
71 99
82 61
79 72
21 74
3 89
86 11
1 99
39 7
17 18
32 94
84 29
75 65
33 26
44 32
2 87
97 49
95 90
15 88
68 63
95 33
66 85
51 51
46 44
42 73
42 82
12 76
21 93
47 23
11 14
79 55
39 98
99 43
8 92
9 69
73 24
82 66
73 3
4 66
11 4
98 18
82 80
16 32
70 39
44 3
46 97
74 21
1 43
45 75
33 87
71 92
14 43
53 90
92 87
69 83
64 66
27 73
36 29
96 23
92 80
82 26
65 59
13 1
94 62
51 61
62 49
69 17
28 61
97 76
39 89
38 50
82 94
67 7
41 24
56 55
54 98
55 83
81 74
69 23
8 43
90 6
100 9
8 69
66 72
40 60
83 58
4 27
92 80
32 2
54 61
97 78
4 59
13 94
80 44
8 7
78 22
29 68
65 75
11 71
28 82
68 94
50 52
94 3
31 73
77 92
84 28
90 23
42 22
11 99
52 16
28 90
9 4
24 21
79 4
66 67
23 43
88 94
22 81
20 17
69 96
26 36
26 42
87 39
17 92
9 47
4 14
25 35
84 64
79 96
93 6
29 90
37 77
77 53
67 45
66 25
20 69
99 74
61 90
85 53
76 99
44 9
57 62
93 74
66 14
11 10
100 11
49 55
56 70
69 50
71 34
13 99
83 16
85 39
3 32
22 60
39 1
34 53
17 57
46 92
66 95
74 94
43 31
1 74
76 97
70 34
52 54
96 8
26 58
3 26
70 64
8 7
22 29
89 84
78 30
31 7
33 69
31 12
86 24
57 15
91 26
59 67
9 44
3 50
10 14
41 63
1 3
19 11
46 80
73 12
88 61
36 17
25 2
75 84
9 68
89 10
23 74
25 59
22 32
51 60
38 88
64 98
37 100
21 66
74 69
8 67
9 18
66 13
61 14
19 66
84 26
74 36
79 24
22 93
20 39
14 43
18 100
98 12
100 31
20 46
18 67
52 72
79 2
20 92
1 91
64 51
60 82
59 36
43 92
4 65
41 64
22 96
6 43
73 24
52 96
83 66
46 77
16 16
68 28
22 1
53 67
41 74
52 5
16 27
56 26
98 52
76 71
2 56
23 11
12 90
84 76
2 91
15 44
68 13
79 72
4 12
26 33
95 59
4 65
25 23
88 7
61 69
2 76
55 62
7 7
76 10
64 54
37 71
88 74
37 17
41 3
23 45
75 29
76 15
9 72
43 86
33 29
39 32
72 4
3 87
72 8
92 37
53 94
69 53
65 70
97 56
88 59
21 28
80 27
2 49
49 58
65 39
55 42
78 53
59 38
72 49
30 67
100 22
86 92
33 49
46 56
42 4
79 78
16 18
18 64
64 17
34 37
79 10
52 58
22 29
50 18
29 30
15 5
64 97
63 49
33 15
24 24
40 31
6 60
52 90
11 43
58 19
96 87
5 56
82 75
49 2
21 36
83 21
57 25
32 82
84 56
50 28
30 87
61 40
37 51
99 40
53 92
93 87
17 3
52 27
56 67
65 2
33 77
97 63
39 8
89 54
94 65
67 35
40 40
15 11
5 37
27 89
55 52
44 22
15 49
11 21
82 25
72 57
53 99
14 66
29 60
18 92
28 96
56 8
62 11
37 92
89 97
47 31
2 90
95 99
53 82
90 14
89 57
89 77
5 84
45 56
8 71
39 56
62 66
81 27
37 80
3 72
53 67
63 20
36 85
14 70
79 16
49 16
39 96
81 36
73 72
31 28
87 60
12 98
36 54
46 69
36 12
30 54
61 43
36 51
79 24
66 80
89 53
57 65
26 29
70 69
78 97
70 2
62 48
34 99
35 60
28 1
7 74
52 34
38 2
93 97
51 80
70 59
84 45
28 60
86 8
70 16
14 49
57 91
77 17
28 30
34 8
82 35
54 62
99 40
27 91
38 45
30 59
82 93
11 42
73 69
77 29
36 30
91 19
28 58
49 33
78 59
61 15
16 7
30 56
3 9
40 94
39 63
90 28
58 6
74 14
37 13
45 40
97 70
25 95
3 63
41 75
61 26
24 12
67 10
38 57
10 92
49 71
72 3
18 67
39 80
14 92
50 74
49 6
23 96
34 6
95 66
73 4
59 36
8 95
25 43
86 96
38 33
59 51
18 45
66 5
11 93
57 92
34 79
49 14
28 76
76 55
79 96
37 10
26 100
91 20
20 50
66 97
70 37
13 97
20 90
94 24
68 8
73 91
71 45
10 49
55 67
74 38
23 52
45 67
50 90
31 40
56 95
23 93
58 58
35 69
91 93
51 70
34 41
42 27
25 77
62 93
57 47
36 31
19 74
30 34
41 14
60 94
87 55
88 70
15 34
17 24
33 2
36 82
51 5
2 70
54 12
79 24
32 90
95 51
40 26
95 19
17 25
60 18
27 77
9 82
28 28
84 32
12 53
69 37
57 30
35 68
4 53
77 61
11 72
5 81
9 5
93 79
69 66
21 88
23 5
42 76
85 29
19 51
83 11
86 2
39 30
60 55
74 52
82 28
30 63
61 93
94 73
22 85
13 89
58 9
23 71
28 9
10 7
94 69
54 67
36 69
46 53
97 69
37 94
96 62
85 61
60 31
8 24
32 21
65 82
92 20
56 100
98 91
63 76
50 16
58 29
78 30
88 97
74 61
59 54
22 69
77 49
19 72
37 50
42 67
38 46
17 25
72 99
36 40
53 28
73 2
34 98
92 33
27 56
4 95
82 92
80 40
65 31
27 58
63 77
12 40
35 44
91 28
97 96
50 3
31 29
17 22
82 97
3 83
82 41
78 44
5 76
79 60
65 48
43 3
21 79
31 75
40 28
1 54
6 23
41 53
65 69
49 96
2 77
93 3
5 48
72 86
69 70
45 2
33 47
31 91
24 39
66 64
46 62
95 6
72 89
48 92
28 43
90 92
70 29
4 77
37 22
99 43
56 15
16 75
10 12
32 36
18 54
5 99
31 83
42 28
78 57
63 42
75 71
34 7
19 26
63 66
89 5
61 91
68 54
99 30
19 39
65 100
85 6
28 93
41 65
61 48
4 39
38 99
10 57
31 80
8 54
51 16
21 59
96 92
56 59
51 39
60 13
38 22
52 33
76 45
15 83
84 43
74 35
26 9
97 50
72 11
30 72
95 1
13 91
92 40
73 95
51 83
81 69
91 10
4 58
39 95
70 42
11 96
72 86
50 66
72 97
2 85
99 40
74 29
18 74
23 18
25 33
39 49
47 3
96 77
95 17
52 71
21 32
95 43
39 43
10 64
36 50
39 72
93 10
71 94
63 71
95 58
58 45
67 85
85 31
2 82
11 23
96 98
32 47
87 4
58 70
66 98
68 93
93 34
91 3
91 82
88 14
63 93
23 35
71 79
67 33
60 77
52 95
72 62
15 46
79 8
93 92
31 25
8 79
99 90
29 34
4 12
81 11
83 33
72 56
44 20
69 42
39 30
28 89
77 82
18 14
59 50
89 7
84 7
17 27
70 57
80 67
29 72
38 50
43 76
46 22
89 14
44 89
81 54
85 93
46 51
30 88
16 62
56 21
13 87
86 13
96 25
23 99
54 30
8 40
48 74
80 95
58 43
91 87
72 84
14 88
84 3
74 69
77 32
28 89
98 41
47 2
63 44
34 8
23 79
30 80
73 33
90 83
100 11
98 14
63 20
27 77
13 52
54 8
6 1
77 96
80 69
68 44
86 70
49 40
41 22
89 62
26 19
60 24
98 56
57 32
78 18
64 28
99 24
50 58
23 60
73 72
82 40
89 49
94 77
32 95
7 23
87 95
52 23
83 80
60 4
49 48
70 27
58 81
33 75
7 81
97 9
66 11
68 61
67 100
66 79
80 59
53 23
26 22
17 13
66 14
58 22
41 98
9 33
32 33
75 11
84 15
30 44
55 8
10 4
49 14
25 75
64 46
24 25
33 11
3 14
33 94
68 34
49 67
81 86
26 74
74 90
13 91
37 38
56 52
69 61
79 89
94 25
45 47
18 73
44 50
46 52
96 97
63 45
69 14
86 70
88 79
61 39
95 22
19 34
30 77
12 17
62 99
30 49
73 78
53 11
16 51
80 73
12 57
22 70
62 63
50 51
95 61
40 19
68 26
97 56
15 69
63 43
45 19
75 36
2 39
60 75
68 7
55 29
68 32
33 9
3 38
27 51
82 81
31 32
14 45
44 28
1 51
70 71
68 70
80 29
71 27
76 6
4 41
14 38
16 54
1 98
48 47
80 41
21 96
91 80
21 86
35 79
8 84
94 73
23 31
61 60
96 37
91 31
20 33
25 50
100 29
57 1
33 39
53 90
4 5
98 50
83 50
63 84
30 78
18 78
15 54
14 54
34 41
23 62
33 4
72 48
57 91
17 31
59 45
39 92
44 57
74 27
14 71
6 11
21 43
34 89
62 35
72 93
80 16
60 76
38 92
16 48
62 23
25 95
77 90
49 49
20 34
67 5
25 7
90 24
16 34
34 66
62 50
86 87
82 84
52 87
35 67
96 27
99 5
25 2
27 92
51 8
32 78
35 86
84 61
90 12
7 8
83 2
7 8
36 27
12 91
37 85
4 13
64 51
72 90
46 54
33 85
37 45
29 92
92 25
7 78
35 78
10 55
88 15
59 12
58 38
30 5
30 21
34 48
89 90
78 69
47 53
44 16
31 13
65 85
41 42
47 48
3 50
90 21
33 23
84 78
85 14
5 36
91 24
63 54
46 88
32 14
32 22
11 9
42 83
62 7
66 82
31 33
96 60
70 41
98 77
85 46
76 73
88 70
24 69
82 74
47 99
34 89
62 17
42 77
61 71
7 60
8 44
35 12
45 5
2 44
8 6
94 25
79 11
24 74
42 76
68 48
36 13
60 38
100 47
13 63
81 5
65 75
98 56
72 10
50 84
47 32
50 20
36 2
46 10
87 48
16 49
82 21
89 21
99 70
14 67
37 15
100 78
74 92
12 38
80 25
80 57
88 31
60 93
69 93
62 92
27 80
62 76
49 99
95 63
85 72
8 37
81 45
20 12
16 68
70 67
77 43
2 20
37 21
34 72
35 2
62 100
7 79
40 42
96 88
1 88
65 60
10 57
41 74
16 57
23 2
37 90
6 23
12 38
26 32
57 70
14 62
30 38
67 68
19 6
88 20
39 62
96 15
13 87
25 44
32 57
53 18
96 51
36 50
26 74
75 38
8 5
16 88
38 30
20 27
6 20
95 49
2 7
72 16
80 52
70 97
49 46
96 12
63 50
66 54
45 32
81 81
23 15
59 44
23 65
65 93
73 93
3 1
96 43
43 15
7 63
15 53
13 54
11 13
58 60
36 29
16 80
83 48
14 100
6 67
32 34
30 16
1 27
51 43
91 24
36 12
63 96
16 10
34 36
10 72
9 60
42 26
55 63
89 16
30 38
41 15
53 85
39 38
12 48
27 91
10 24
76 88
59 92
57 30
12 41
21 33
81 46
56 57
18 72
72 71
5 95
1 58
58 63
32 83
36 8
76 5
18 98
84 29
51 58
99 40
45 3
25 24
37 34
87 27
86 27
90 36
70 22
32 71
32 6
18 45
72 17
25 46
82 2
49 97
99 86
65 48
15 24
65 86
94 1
14 87
30 56
89 35
50 47
92 47
30 100
84 18
33 41
46 21
6 85
58 48
7 64
43 75
33 59
21 49
10 6
73 5
2 56
69 40
3 82
89 57
88 52
27 77
70 87
39 50
42 77
56 92
80 13
77 52
31 20
37 51
39 97
64 45
34 14
96 16
51 48
1 32
39 79
49 26
14 7
9 78
78 56
73 67
69 51
72 15
70 8
58 92
68 46
48 12
39 30
60 98
65 8
46 39
1 43
80 5
92 81
31 4
63 2
55 24
70 96
39 76
33 6
35 54
89 38
52 5
15 72
36 2
98 90
11 47
12 10
35 51
29 30
5 100
96 93
73 87
8 32
46 24
56 98
56 27
87 31
84 24
16 53
52 56
20 18
32 18
91 96
42 43
67 77
99 38
73 23
72 57
89 29
45 13
79 64
37 74
85 91
81 21
86 56
32 29
77 13
62 51
35 71
78 45
73 26
18 90
35 63
22 88
15 13
65 41
98 37
59 16
75 22
41 17
91 9
49 44
24 90
48 6
90 9
70 38
35 90
80 65
72 69
37 42
34 43
45 40
34 51
53 43
21 66
14 15
29 100
14 41
70 57
2 27
66 17
14 92
9 28
67 6
82 38
80 67
44 59
13 88
42 96
31 17
16 21
28 99
43 46
75 40
5 18
8 67
6 91
58 33
20 72
59 45
72 21
12 17
63 58
93 23
63 92
18 9
30 30
13 53
42 58
45 78
3 90
62 89
31 47
34 88
11 78
26 71
59 94
47 94
22 27
74 48
3 81
88 79
65 26
59 50
92 12
67 2
51 56
21 45
11 26
23 94
86 74
86 7
10 13
87 41
93 78
95 63
100 97
23 92
25 83
13 77
91 88
17 32
50 64
52 43
4 43
84 62
62 17
78 49
57 82
87 46
77 23
20 61
65 47
30 43
92 67
75 90
58 39
63 44
70 82
87 36
93 78
14 12
41 6
47 13
60 14
36 2
28 27
62 49
42 40
54 24
92 57
29 49
90 32
29 83
77 71
3 35
55 32
23 20
61 89
7 71
55 44
20 88
44 64
87 47
20 6
9 31
20 86
48 23
57 15
52 60
29 6
23 24
25 99
29 70
85 91
12 92
79 64
13 52
81 16
85 35
73 59
81 97
84 28
87 7
29 44
43 27
38 75
47 20
54 93
79 99
98 38
17 11
99 11
86 30
33 75
75 86
95 90
29 41
73 37
10 53
17 20
38 60
78 63
87 9
97 17
13 66
78 88
30 16
11 28
75 26
98 27
74 18
82 71
30 7
22 20
14 33
41 82
58 60
19 84
3 45
11 64
56 27
15 93
8 76
12 15
37 97
87 14
40 10
36 95
27 59
99 53
85 60
22 70
41 50
16 20
16 11
58 36
35 3
45 43
58 97
100 80
35 42
52 55
83 59
3 29
47 94
52 45
5 29
43 80
93 78
42 50
25 80
77 19
58 60
90 4
100 41
25 19
69 93
54 30
58 2
6 21
81 54
22 27
9 56
20 89
70 60
7 59
10 26
56 21
77 76
4 43
26 92
22 97
35 7
35 52
46 60
29 79
66 10
60 99
2 65
45 48
34 97
97 61
20 75
83 76
20 22
94 60
49 92
64 5
46 67
97 88
49 4
17 32
72 47
82 89
39 97
39 29
47 80
39 74
82 87
55 18
12 87
56 75
84 87
34 51
1 65
76 70
57 99
21 74
86 42
44 34
72 35
93 24
68 93
50 69
32 96
55 34
40 54
70 81
27 76
36 8
20 57
90 46
29 3
21 83
60 36
50 1
81 63
15 18
29 36
100 91
74 84
35 20
32 19
93 49
78 15
46 95
63 59
77 32
54 82
21 79
66 92
45 94
38 61
77 94
43 66
7 55
28 6
39 60
41 58
100 31
41 53
64 40
47 72
56 65
50 15
69 100
41 15
92 9
16 82
44 36
68 6
34 40
79 30
36 27
58 59
91 52
57 24
79 15
63 71
27 36
71 50
46 52
40 51
36 75
14 13
66 32
74 100
82 25
66 40
1 28
87 67
90 94
49 10
2 76
7 77
27 29
8 20
23 82
67 82
15 67
24 90
26 19
64 89
61 47
61 21
74 23
48 77
66 99
10 15
81 44
91 80
26 41
18 8
93 27
50 71
51 37
30 57
69 100
11 43
41 40
41 56
3 85
18 73
18 91
22 85
73 46
48 86
98 71
23 38
82 93
34 54
51 89
97 71
92 43
70 40
65 71
81 29
61 28
55 20
78 92
43 86
24 18
9 78
3 95
69 74
72 70
6 64
35 20
8 18
76 8
41 55
42 68
