100 2720
14 69
95 59
85 84
47 94
3 92
33 43
63 37
10 97
65 81
84 26
27 58
10 85
96 49
96 48
48 54
49 52
65 13
63 83
96 15
11 69
95 63
70 46
12 21
97 10
80 66
9 9
57 70
88 51
31 25
43 62
81 91
14 31
97 76
83 9
35 52
55 46
38 100
59 40
65 55
100 28
80 82
4 22
81 57
47 64
11 4
38 99
10 26
51 65
25 45
67 13
18 36
19 81
46 16
44 3
6 20
72 25
27 76
18 30
48 86
97 22
23 100
42 26
59 80
9 29
76 4
76 76
2 22
4 95
78 85
18 89
68 70
63 25
84 69
13 35
91 73
24 3
35 31
1 43
9 83
79 16
53 66
73 5
41 82
69 43
70 45
12 38
66 63
95 38
80 99
84 59
75 78
67 15
11 16
41 46
67 37
89 61
97 65
90 32
69 81
46 41
22 56
26 48
76 30
15 94
68 100
3 49
87 18
10 56
72 68
34 20
57 53
87 99
30 23
51 57
97 94
71 78
31 16
48 53
74 51
52 100
25 19
26 74
76 36
78 48
65 17
78 52
55 4
86 65
23 96
37 32
42 45
81 77
56 31
35 72
69 35
84 1
50 5
6 40
100 72
81 45
22 61
87 26
98 97
92 40
100 6
27 46
27 82
95 2
97 28
90 85
7 49
21 31
24 64
78 25
69 94
5 6
43 39
52 26
73 52
91 54
5 15
53 42
84 73
21 33
59 35
21 37
42 13
99 28
73 82
2 96
70 83
65 28
45 72
61 17
4 77
55 26
99 6
31 60
97 95
27 91
61 25
24 23
22 51
68 59
15 70
59 54
76 22
38 5
31 18
87 90
27 24
62 60
37 39
38 13
18 15
78 58
7 1
80 7
53 36
10 68
69 68
51 77
93 63
35 32
9 91
4 5
15 90
38 72
71 46
96 63
36 41
77 92
49 71
52 13
57 47
39 36
19 1
44 87
27 34
84 33
51 87
86 31
43 70
50 79
34 40
31 72
78 2
20 41
7 63
84 46
5 84
34 58
62 40
26 19
93 68
17 88
94 20
41 26
39 28
86 72
84 8
75 4
48 65
3 31
82 65
44 48
41 31
32 18
13 41
79 54
23 64
14 98
77 36
39 76
12 8
35 23
99 14
94 33
87 6
55 60
29 70
13 26
98 52
51 16
76 20
5 58
14 42
72 18
56 70
94 96
24 27
24 29
90 39
10 9
53 69
43 91
40 21
42 45
23 100
26 17
95 14
59 33
5 86
70 52
63 94
53 87
17 76
33 96
98 94
90 95
24 2
79 20
16 47
3 74
40 10
37 8
67 98
9 10
72 41
72 48
71 72
32 31
90 7
82 94
77 51
67 87
56 62
99 28
32 74
97 98
1 43
92 97
50 16
23 6
31 82
95 87
91 25
32 66
72 49
20 79
69 30
19 26
7 96
92 49
92 32
54 52
38 85
4 4
58 48
50 51
31 5
97 64
47 44
36 28
41 8
65 69
66 71
48 30
51 40
20 33
80 84
80 85
28 42
64 82
47 87
13 11
39 98
36 35
27 9
100 55
95 22
67 38
2 99
33 81
59 79
22 60
100 38
42 87
98 73
80 65
35 36
4 49
71 98
36 28
76 24
60 81
17 46
6 45
79 9
50 99
51 84
63 84
89 23
25 84
52 62
88 68
76 51
32 70
43 48
7 40
21 54
84 37
76 37
36 6
16 97
68 66
63 75
24 83
58 70
67 75
51 30
65 60
93 4
75 12
76 48
43 18
6 46
61 39
6 70
27 93
89 96
30 4
96 48
70 96
3 83
98 32
34 68
18 86
46 72
47 65
57 6
67 86
59 100
78 15
65 21
34 11
66 36
68 68
77 75
56 43
1 26
25 8
73 64
35 67
40 94
75 44
2 7
47 68
5 28
95 70
52 2
93 79
20 95
78 34
10 61
27 25
7 35
97 66
56 98
81 22
50 70
24 53
23 22
60 89
63 11
25 19
40 77
97 61
22 37
85 26
52 29
37 69
73 87
16 54
96 71
86 68
44 88
81 5
29 79
80 56
65 96
55 62
55 87
49 82
92 28
7 49
65 35
60 91
63 81
4 76
55 74
24 7
18 1
29 39
42 2
45 69
11 43
97 15
71 75
41 96
62 54
31 66
47 12
7 87
17 81
60 32
55 59
30 17
13 47
55 95
56 68
71 76
42 56
71 39
68 5
85 25
41 50
14 61
66 55
87 41
12 16
45 43
40 82
41 21
20 88
92 93
75 24
92 58
65 96
45 65
84 17
90 77
32 96
77 23
88 72
46 98
3 65
97 80
96 23
35 72
67 40
58 2
61 50
14 62
20 14
64 33
33 84
38 42
15 12
17 31
15 51
82 81
30 44
90 96
17 99
74 80
26 73
76 37
92 66
44 20
15 58
67 68
65 13
63 74
19 47
85 45
26 60
66 18
54 17
87 41
58 57
37 99
1 41
42 46
63 13
26 8
31 53
42 88
71 88
49 48
14 44
82 81
77 48
83 38
90 45
13 57
15 74
41 28
73 67
20 49
43 34
16 43
42 37
22 39
88 94
34 60
26 23
18 91
16 10
95 20
62 26
14 71
5 60
57 95
89 40
35 99
30 77
59 100
63 20
46 92
42 97
8 22
26 61
83 92
84 18
36 76
66 18
52 67
7 97
92 57
30 82
94 59
50 26
90 87
19 41
50 84
28 67
14 51
11 92
92 67
4 49
29 90
10 13
18 46
5 24
41 5
6 47
93 93
22 50
21 16
100 77
46 85
46 43
68 6
36 10
37 64
64 90
55 98
83 13
93 83
11 57
77 79
75 86
73 25
78 24
81 28
40 74
86 37
100 58
31 15
36 79
59 60
89 73
4 73
96 84
63 42
81 13
70 7
28 60
100 96
47 12
73 70
26 18
83 76
55 47
94 55
18 61
17 70
25 42
46 26
85 17
62 59
32 71
11 46
1 59
76 89
76 10
57 70
63 44
100 32
62 90
77 60
51 22
55 70
70 61
80 90
59 88
53 47
35 91
80 71
31 93
13 16
73 11
29 53
61 45
62 31
5 95
56 32
9 5
13 8
64 19
98 19
12 54
33 48
6 53
61 18
33 41
89 85
90 34
9 97
86 72
87 8
64 94
84 79
27 38
12 24
77 79
1 43
2 50
76 36
18 78
95 51
91 59
22 93
84 35
50 56
77 96
25 47
80 52
55 99
13 9
67 7
79 13
48 37
89 56
80 19
54 21
89 79
21 44
99 3
94 82
47 69
3 32
35 88
16 52
39 74
7 23
90 24
73 58
99 89
87 24
32 15
70 6
27 36
40 71
72 23
32 76
12 73
98 17
17 96
44 26
52 91
82 95
29 55
91 57
66 76
62 15
89 2
82 1
85 44
34 56
5 69
90 56
66 66
24 5
4 2
68 78
88 2
57 77
73 77
77 82
94 88
13 51
5 23
91 62
20 15
69 11
91 22
37 34
3 82
80 63
50 58
61 13
89 71
12 70
20 44
76 13
98 27
12 10
58 86
47 6
63 47
93 41
17 45
4 98
77 64
91 59
69 76
14 50
78 71
84 49
32 26
19 22
58 17
60 64
63 64
92 12
74 38
32 1
87 14
47 89
32 61
63 93
85 89
55 33
7 41
99 42
25 11
74 14
94 28
79 79
65 72
22 57
90 95
92 87
30 13
62 86
66 99
86 62
32 12
16 23
49 1
67 93
1 33
6 16
95 42
91 1
94 66
19 75
45 87
24 79
88 91
2 53
77 36
71 85
16 49
26 14
71 32
11 94
18 18
37 100
76 6
88 41
52 6
57 72
13 52
5 6
83 75
81 94
60 95
87 26
72 21
72 52
97 64
48 22
35 9
97 43
9 88
24 99
14 1
63 59
81 24
25 47
50 33
34 14
95 69
23 9
8 90
26 69
3 27
52 76
5 26
10 64
58 73
73 68
33 85
77 36
94 50
14 14
54 53
70 48
94 80
40 63
13 70
32 43
61 52
93 4
14 50
86 47
76 16
70 55
15 64
92 16
42 74
7 31
26 48
6 64
38 54
77 51
97 4
23 36
76 4
55 51
40 47
91 12
66 85
79 92
78 18
35 42
95 49
76 3
97 97
19 62
10 42
39 45
98 13
62 99
67 2
84 99
82 83
64 23
16 56
37 67
37 81
58 90
16 90
74 57
98 80
84 79
6 97
68 61
64 7
61 24
59 6
30 18
100 90
17 97
34 61
18 20
73 35
97 48
54 97
56 21
58 69
50 82
79 25
10 36
81 100
81 75
30 32
80 12
27 70
70 21
57 89
80 24
49 15
56 29
60 82
70 19
95 49
31 31
12 44
84 17
67 71
72 45
26 52
66 43
2 73
44 67
72 43
63 2
68 29
92 20
41 34
12 56
96 34
41 58
41 77
23 28
73 33
48 97
82 31
68 33
61 46
22 52
15 7
17 83
21 34
88 77
84 8
87 98
41 19
3 48
46 29
17 69
75 41
64 15
86 32
59 1
20 41
80 39
50 42
68 25
5 61
12 52
30 12
21 28
98 77
46 52
3 90
60 25
34 3
45 51
35 83
66 67
92 94
27 32
90 75
39 70
94 50
41 2
41 66
20 23
28 46
28 86
5 42
75 55
92 31
13 10
16 97
41 7
80 22
2 91
33 2
18 57
26 49
62 69
96 43
68 52
34 76
3 22
83 41
99 51
15 37
58 91
5 64
92 18
88 60
80 64
62 95
14 2
52 59
51 47
43 85
83 92
8 86
82 45
85 61
34 6
51 18
15 18
50 66
92 3
60 68
4 68
98 86
29 86
9 14
36 24
66 55
75 98
19 25
53 50
20 44
34 6
86 61
17 44
63 6
96 2
61 31
47 46
67 12
65 47
59 97
2 70
14 26
79 83
33 2
5 5
6 84
98 29
54 42
66 79
29 5
52 52
97 24
71 74
75 8
62 51
56 89
11 59
14 35
51 57
16 6
97 82
77 96
31 42
14 49
84 45
39 6
85 11
14 63
95 61
68 66
30 50
35 11
77 90
82 11
16 26
44 60
73 22
49 97
71 90
14 15
30 38
22 61
81 25
24 20
51 62
42 39
71 26
73 12
84 63
66 69
61 97
51 1
81 80
8 33
16 59
51 27
45 28
24 98
78 62
41 7
20 61
23 58
36 97
80 27
98 47
95 70
38 79
47 99
2 24
88 23
81 71
32 89
100 89
19 97
31 48
11 89
36 78
65 3
1 46
38 40
65 9
80 16
31 38
67 88
19 94
40 39
99 1
13 81
38 40
38 95
53 37
81 49
85 93
67 22
79 77
82 12
80 33
5 41
1 96
87 83
64 91
76 57
76 78
54 72
86 21
97 71
23 20
16 63
38 71
14 28
32 39
61 14
51 3
2 96
62 12
99 25
69 66
28 58
30 93
7 53
57 96
93 29
52 29
6 96
88 79
48 79
74 91
81 2
19 60
88 18
65 59
96 36
43 79
89 97
32 33
81 44
1 66
1 42
99 85
25 47
2 69
79 1
80 89
57 88
79 35
50 37
51 99
41 74
49 14
30 86
63 29
51 26
29 34
89 100
37 82
72 96
48 90
66 14
59 21
37 57
23 68
80 99
57 6
6 74
7 96
59 41
37 70
9 1
81 52
1 57
20 74
31 35
90 41
2 96
30 4
41 8
19 7
83 79
36 63
48 57
93 60
77 39
60 6
24 39
61 48
61 40
47 72
11 52
80 94
61 89
29 80
22 13
35 33
73 97
27 90
57 97
80 14
59 75
43 36
11 99
34 35
70 74
26 33
91 16
39 93
97 16
44 7
79 12
40 20
48 70
91 32
43 88
42 66
81 97
15 28
58 54
35 56
63 22
13 100
91 66
54 10
77 13
55 53
44 5
57 34
87 41
46 60
49 89
21 41
63 81
50 6
85 31
24 59
69 87
17 97
35 26
9 74
78 73
31 52
45 29
54 63
11 14
74 98
76 77
65 34
17 52
62 63
48 97
49 17
18 48
81 84
80 97
65 28
26 78
11 46
67 67
72 93
22 61
66 30
47 98
64 57
68 17
66 22
76 35
19 100
8 38
73 33
4 1
24 80
55 90
71 6
49 72
66 22
50 55
10 9
97 74
20 54
35 60
23 47
4 2
25 90
42 67
14 81
46 84
28 91
92 9
60 24
67 90
44 29
67 23
79 22
89 56
60 78
70 17
83 74
8 76
7 7
88 2
38 59
47 50
32 8
69 85
65 45
29 59
26 78
11 5
64 93
32 21
25 68
70 73
24 100
77 84
61 17
47 51
63 59
96 33
25 3
59 8
46 60
8 74
9 70
12 61
9 34
48 55
53 48
37 7
57 4
74 50
96 58
42 82
80 22
18 23
18 28
49 9
43 69
15 39
23 88
97 40
6 78
64 20
22 22
57 99
87 34
71 22
11 5
73 92
22 6
76 39
75 15
11 96
32 8
66 99
78 80
74 36
84 24
8 55
59 87
2 69
84 2
84 89
6 98
36 84
91 45
7 77
36 1
81 62
46 77
97 5
70 2
11 51
9 16
68 41
52 78
94 46
90 5
17 70
37 13
23 10
13 11
29 26
49 49
100 98
8 13
17 93
93 7
61 81
79 62
13 100
14 15
11 89
28 94
79 33
89 7
95 63
16 46
20 100
91 39
47 96
38 71
9 63
5 30
83 8
66 47
30 14
36 18
4 66
83 49
85 90
5 11
55 61
62 100
43 1
73 48
98 12
33 64
57 83
57 95
13 54
20 33
91 54
78 8
93 97
61 55
55 70
41 93
36 74
61 92
98 45
35 59
69 2
28 62
89 30
5 94
55 22
19 95
89 44
28 4
19 7
64 58
42 68
65 77
28 90
52 70
94 26
58 16
37 35
31 71
14 55
66 12
10 93
58 54
46 73
3 66
52 95
79 100
81 84
54 16
65 11
71 86
22 26
8 91
1 22
86 50
47 79
71 43
65 17
5 3
32 48
30 38
34 45
95 100
84 3
83 89
30 71
2 53
22 16
47 84
57 83
25 91
16 72
72 25
12 8
13 63
23 33
73 21
24 45
18 63
23 87
100 56
23 53
54 62
2 8
6 100
73 11
61 51
81 36
73 50
3 85
17 73
13 44
4 90
11 56
6 75
71 10
46 70
53 85
74 61
7 34
90 38
14 13
61 48
31 46
70 56
71 8
45 86
100 10
100 29
62 77
82 18
66 3
87 53
3 99
82 59
32 11
98 38
83 1
5 45
57 18
80 5
75 34
5 16
19 70
84 58
13 44
23 71
54 27
17 99
77 36
70 19
25 98
22 89
36 91
42 39
83 57
50 56
51 90
70 85
6 80
12 50
88 86
39 67
35 60
63 36
59 67
27 56
70 95
54 90
77 12
31 15
89 74
72 5
12 4
27 100
21 20
28 12
3 5
4 84
55 72
14 2
61 12
88 41
32 63
98 81
91 46
100 30
88 45
67 53
56 16
96 98
93 87
89 8
79 79
1 36
12 3
60 75
44 52
65 39
37 65
19 38
1 15
57 55
15 10
54 63
85 71
21 17
81 32
25 30
11 35
55 3
61 95
3 54
51 17
23 28
51 33
48 89
91 11
6 34
62 90
29 55
34 40
82 3
61 7
63 87
31 62
76 71
82 62
50 71
31 77
32 27
62 71
25 39
69 84
8 92
69 11
96 93
60 19
92 83
90 72
12 70
96 22
46 30
68 39
18 70
34 40
94 60
12 43
55 15
4 52
2 24
49 47
48 46
33 72
62 50
94 64
57 19
49 61
60 42
17 94
61 28
14 48
4 4
35 82
4 1
54 46
80 74
33 74
35 37
55 76
65 26
39 54
91 86
17 70
2 26
63 31
85 20
34 83
79 33
54 83
94 66
82 38
67 34
33 2
39 18
6 9
55 1
92 6
13 40
95 62
69 27
34 11
37 82
42 68
54 29
42 34
17 77
65 29
22 97
17 77
16 1
28 58
62 22
54 32
64 80
20 71
16 71
12 29
54 2
43 7
96 95
61 44
51 10
1 93
25 37
74 86
80 91
91 88
81 93
44 17
94 78
70 75
75 17
71 77
71 53
76 20
60 12
45 67
90 49
88 68
64 64
75 13
17 38
66 28
92 31
65 76
65 86
100 85
58 13
90 47
3 58
53 20
91 95
93 69
65 70
52 10
11 66
16 75
46 8
29 43
16 79
16 21
28 81
94 58
18 7
81 96
33 5
42 82
3 100
45 58
80 58
81 29
67 9
77 39
23 37
16 48
96 53
62 72
56 70
77 80
94 92
9 99
2 35
67 54
91 27
66 36
7 40
89 23
7 79
31 89
81 35
88 40
72 85
25 46
3 81
59 13
14 27
64 76
88 78
97 25
47 96
95 5
91 72
46 63
3 83
1 29
19 40
8 73
36 80
32 62
59 10
46 8
22 16
32 96
46 60
15 69
71 4
36 8
35 91
31 49
56 1
19 76
29 35
40 17
45 13
87 60
11 10
26 42
15 51
81 33
16 37
66 92
100 70
9 33
95 96
73 62
4 42
9 96
63 21
40 83
45 32
38 100
71 12
5 81
96 89
5 25
6 31
68 66
65 50
63 21
32 11
2 49
9 77
28 15
45 8
61 63
26 57
94 43
88 12
73 19
77 29
94 23
65 28
7 9
82 5
13 2
32 40
76 82
91 54
83 9
16 98
74 66
60 21
70 40
9 90
49 15
14 67
67 60
16 11
22 67
76 13
83 70
73 91
58 33
92 93
98 20
55 50
71 11
45 3
22 99
50 99
69 10
36 31
36 10
95 92
93 79
97 32
97 41
75 97
73 2
66 14
33 14
70 24
4 78
11 59
67 56
27 82
21 78
90 86
90 23
6 43
21 25
3 66
88 29
92 17
43 58
24 54
61 26
18 73
42 63
53 73
47 20
53 87
74 17
72 83
39 35
2 85
4 45
25 49
38 32
14 39
66 96
58 96
53 32
98 68
76 7
32 54
24 46
87 22
3 27
42 34
53 52
46 37
73 100
100 59
65 25
84 84
33 36
17 13
81 93
14 77
18 33
70 8
78 46
69 44
76 58
13 52
20 84
66 27
45 73
62 27
33 60
10 63
93 27
35 95
93 72
98 28
49 9
53 34
35 16
79 68
78 60
4 7
54 22
6 72
93 76
1 89
28 6
40 72
28 12
6 32
62 93
15 90
51 3
12 77
61 97
22 74
76 71
67 41
17 42
83 54
74 62
25 13
72 97
59 83
20 47
34 87
47 72
99 33
62 40
47 67
87 63
21 82
14 82
6 97
32 100
76 59
95 65
80 20
16 63
54 40
80 56
89 8
64 50
32 83
9 83
91 58
9 5
44 5
72 2
90 84
31 37
13 62
28 75
96 81
37 43
1 64
4 96
73 68
94 2
38 44
5 40
83 76
11 88
95 6
94 1
22 12
47 100
86 100
50 52
40 56
45 38
69 78
29 5
29 54
51 44
7 94
88 23
59 25
34 98
27 73
25 94
2 39
15 73
92 27
48 38
8 14
42 83
60 22
54 97
77 2
85 100
5 7
20 41
55 15
81 9
2 10
68 37
46 68
99 92
2 29
58 79
16 50
3 94
48 9
99 12
86 80
87 14
11 82
84 88
16 88
68 12
14 74
91 42
51 20
27 10
28 26
96 38
9 16
40 95
17 46
32 56
10 64
42 63
21 16
25 46
96 59
48 24
7 40
39 38
68 69
15 38
90 44
51 55
86 100
78 98
81 73
58 55
23 51
76 74
44 51
42 91
29 65
67 66
87 72
66 84
13 17
28 72
89 73
73 10
47 26
48 72
94 62
88 72
65 100
79 64
23 45
38 33
91 24
55 23
36 22
86 8
54 40
37 13
16 80
97 16
64 51
2 84
95 65
86 43
58 99
82 71
86 45
40 86
84 34
43 78
89 87
15 2
80 96
30 15
19 5
32 32
26 62
72 66
48 67
80 77
28 45
22 89
29 3
85 69
10 54
68 100
43 18
23 7
22 71
52 68
59 36
63 58
32 75
27 11
93 87
71 8
54 81
21 29
12 28
87 91
60 17
85 47
44 31
16 58
24 92
66 71
82 70
23 47
10 95
9 46
79 5
82 26
68 7
33 7
4 99
41 66
26 9
97 21
90 10
85 35
74 71
4 97
46 14
83 29
89 92
9 79
81 78
37 11
59 55
25 80
100 100
27 8
85 24
95 73
100 40
6 14
41 4
90 8
74 20
15 30
27 80
28 38
47 41
24 5
73 86
34 19
36 19
37 40
44 65
96 40
95 28
39 28
28 16
60 42
91 13
40 21
38 46
71 15
54 66
64 2
20 86
38 56
73 77
84 26
51 56
90 8
33 38
93 20
83 94
31 23
35 55
81 91
17 91
11 75
60 13
8 73
88 29
39 87
30 76
11 43
10 46
16 91
16 26
67 74
26 86
46 77
56 96
42 39
37 10
55 93
71 38
20 86
19 23
48 56
7 14
86 50
30 94
18 16
75 61
41 18
58 76
37 86
85 47
71 93
73 83
36 53
11 82
96 66
75 2
34 60
24 71
69 91
33 36
12 88
54 90
16 89
62 25
81 33
67 29
53 69
80 86
40 72
22 60
69 44
67 32
23 10
66 65
69 86
2 12
19 13
10 45
55 30
82 36
13 78
40 88
90 27
81 39
73 44
38 64
30 64
39 72
57 3
35 86
5 88
30 83
70 13
66 2
70 33
38 85
73 73
22 50
32 76
85 95
70 99
94 23
11 70
71 30
83 89
85 17
25 60
70 84
5 3
70 42
45 46
63 80
33 19
52 67
47 3
66 9
95 1
50 72
12 10
24 35
94 42
48 15
98 50
19 99
13 36
66 8
40 74
92 54
77 71
27 57
45 4
19 73
65 68
70 23
82 73
85 70
88 81
58 58
90 6
84 36
96 50
35 44
80 72
41 18
34 73
69 90
64 76
84 64
47 30
63 92
59 98
62 7
71 94
73 4
31 69
50 48
48 59
28 42
16 40
38 28
83 53
40 57
83 85
49 100
25 58
52 63
82 69
32 46
98 26
100 92
88 45
83 98
53 82
89 95
16 62
28 44
88 24
56 30
98 25
43 39
7 12
69 5
32 63
74 68
38 48
39 22
98 89
41 50
57 96
94 50
53 47
94 55
38 77
19 89
86 19
33 25
6 9
95 29
7 55
8 71
37 64
15 23
47 94
63 64
82 95
56 87
89 34
4 36
88 76
27 87
86 36
55 80
57 95
5 40
13 9
90 69
41 70
34 82
77 97
81 49
55 85
9 2
34 59
66 51
22 6
42 83
66 63
30 42
96 8
18 32
76 37
12 6
17 95
67 67
35 91
84 92
68 53
36 4
64 6
33 5
84 61
11 21
22 28
32 94
67 80
61 23
96 55
27 8
46 97
39 6
2 19
71 81
81 36
46 72
49 44
16 96
87 27
35 22
27 59
63 28
47 13
19 52
19 92
94 13
22 78
47 32
57 30
90 40
95 52
48 22
27 32
39 86
93 43
52 4
27 28
18 88
54 13
18 15
27 79
93 4
91 30
80 51
59 18
9 66
41 19
95 42
49 90
54 50
48 54
73 49
84 96
18 3
94 43
29 81
47 13
13 1
60 71
65 33
91 21
17 81
75 80
30 77
51 47
26 65
36 78
90 60
30 90
17 20
67 23
12 80
16 100
61 73
2 43
54 90
30 14
72 15
22 43
46 70
78 89
74 93
63 17
51 62
11 54
69 23
91 53
76 78
28 58
49 67
75 57
16 60
6 49
80 4
36 37
73 5
64 42
38 56
47 42
73 33
21 52
78 57
36 50
43 99
53 46
49 27
69 73
74 17
86 27
69 30
91 85
37 54
27 57
50 93
75 42
31 35
11 33
98 17
25 49
83 9
38 72
29 69
75 8
36 16
82 67
85 3
90 99
65 94
26 59
39 85
19 24
93 8
53 76
67 7
99 22
19 74
56 1
46 49
46 97
6 38
26 29
22 98
74 47
54 48
42 90
16 46
32 71
31 54
88 17
16 35
36 82
12 97
73 99
23 20
56 40
69 81
63 41
67 100
26 74
26 92
10 100
37 10
72 34
34 75
83 29
81 81
74 72
29 2
59 72
48 37
99 81
19 75
96 28
44 91
21 83
87 38
98 12
2 13
5 54
1 94
58 31
