100 2720
38 13
49 29
35 52
22 82
59 70
77 90
58 71
37 14
83 31
10 67
79 44
28 69
57 69
13 5
64 24
75 22
61 50
76 79
22 90
52 83
87 81
47 100
1 9
17 50
98 33
23 61
47 3
88 90
22 46
94 74
84 100
49 5
28 41
64 33
34 82
100 32
57 4
34 74
25 38
61 44
26 42
38 46
15 29
10 6
64 26
76 19
21 91
61 51
33 96
13 30
91 6
20 76
68 82
39 62
31 91
47 94
96 31
42 95
93 38
62 78
24 86
39 55
39 73
73 41
71 30
24 82
10 61
50 8
72 11
81 58
34 7
70 32
38 43
91 34
77 3
42 33
53 24
84 79
7 95
63 82
50 88
28 97
54 24
25 6
18 95
56 69
14 34
15 44
18 46
34 41
93 63
24 100
15 94
38 26
100 100
34 62
15 5
89 79
71 1
74 56
89 30
69 24
64 44
12 68
87 40
50 79
19 66
15 49
95 19
13 92
94 76
94 29
28 53
4 29
97 82
75 78
81 37
79 5
38 94
99 7
62 38
87 25
6 65
19 54
11 100
34 77
41 47
4 8
75 48
3 2
69 70
94 6
42 19
18 70
30 75
91 37
81 95
25 65
82 42
37 26
37 79
47 21
78 98
19 10
36 50
28 10
14 90
2 34
85 72
50 90
76 7
77 58
78 63
61 41
80 91
99 77
45 98
10 97
84 63
43 31
45 12
35 86
60 40
80 57
9 45
31 65
70 87
84 15
84 82
66 40
99 92
99 4
1 24
46 16
35 32
100 19
84 57
42 17
76 70
10 11
10 57
82 64
34 89
3 39
8 89
36 87
15 31
97 2
71 34
4 82
79 93
70 11
32 41
95 23
32 83
34 24
20 48
86 54
95 95
73 2
32 10
83 28
64 62
87 51
30 90
10 52
77 68
94 6
9 16
97 12
66 63
35 49
64 82
3 95
57 4
11 41
74 51
4 65
86 96
47 47
42 90
22 12
24 23
99 16
15 15
36 53
13 39
26 5
72 39
46 51
56 57
11 95
17 68
73 6
18 93
84 3
23 9
39 40
20 49
50 49
47 89
96 56
14 18
61 60
94 80
2 59
9 68
36 12
22 63
57 89
35 98
6 17
74 64
42 31
53 22
57 94
76 10
26 99
87 40
98 86
30 80
79 82
87 19
66 76
43 22
93 96
90 5
17 63
70 5
49 78
36 15
10 98
86 79
17 54
22 65
72 12
2 99
97 96
14 9
41 99
98 72
46 57
53 40
46 65
23 62
22 60
7 55
80 97
66 90
33 11
66 50
44 69
64 66
69 33
95 39
30 58
50 29
85 15
46 2
16 77
1 78
4 5
21 38
39 55
11 61
55 56
92 90
8 33
67 12
5 98
57 88
72 84
76 66
57 19
60 24
79 1
89 70
16 25
39 36
20 65
1 64
77 12
86 73
66 33
3 21
3 70
67 23
91 65
46 70
3 23
67 81
60 56
42 60
36 84
46 22
42 50
52 13
17 35
22 43
5 67
25 49
87 57
76 11
43 14
42 57
9 86
40 73
58 34
32 58
74 7
51 54
57 38
64 30
74 22
99 25
45 61
4 72
19 67
89 81
9 90
15 95
85 64
1 8
81 84
24 59
9 97
5 98
45 85
14 62
93 95
18 10
15 90
12 27
9 65
8 19
84 17
46 61
10 97
81 98
69 1
100 44
54 66
69 30
26 60
17 61
73 73
1 38
70 35
37 41
76 69
80 24
44 87
37 18
96 46
21 40
58 85
62 63
55 39
17 4
13 30
37 11
38 17
6 85
62 51
20 26
16 29
53 80
66 92
58 42
4 6
2 9
85 48
9 90
50 66
71 82
1 39
99 25
84 80
29 24
39 49
88 27
86 97
36 15
28 93
68 21
13 33
89 37
13 55
98 8
86 49
22 63
75 79
30 82
35 67
16 78
10 20
97 79
56 79
19 26
24 77
48 4
31 75
69 45
34 68
72 74
68 47
31 71
97 31
66 50
76 41
57 71
90 57
63 62
20 97
4 32
73 28
88 25
70 57
98 43
93 53
79 98
86 97
4 83
17 6
11 38
54 90
47 3
67 94
46 100
2 38
18 9
68 31
14 50
27 54
81 33
24 46
3 98
70 10
27 30
30 44
69 44
81 99
74 23
61 90
27 53
20 71
50 61
11 1
89 51
13 54
65 63
85 17
84 33
59 38
7 88
8 57
29 22
6 67
6 5
37 41
33 66
36 86
79 9
64 30
58 38
100 57
22 91
48 8
15 52
54 89
76 53
68 30
94 27
87 62
96 60
58 91
69 14
89 17
97 32
99 66
75 61
68 96
52 51
79 14
47 45
93 7
11 6
97 14
92 96
6 28
87 37
4 93
21 5
67 63
52 86
66 57
42 59
98 70
32 98
96 99
56 14
74 69
51 17
67 13
24 52
86 21
35 94
31 74
75 88
23 44
8 87
63 96
70 73
100 39
68 8
86 32
46 46
80 38
92 24
98 99
69 66
36 2
16 61
76 42
30 74
56 57
10 8
41 62
60 21
49 95
6 94
81 4
6 86
56 22
50 19
10 21
7 1
63 54
99 56
74 33
62 91
14 29
21 92
32 43
10 17
50 7
82 34
6 71
95 48
57 94
82 16
52 62
74 38
10 42
19 87
53 48
32 31
9 84
73 91
32 64
70 84
32 70
74 30
23 89
45 78
2 40
31 5
27 6
18 7
88 40
4 32
65 82
51 54
57 38
51 70
38 91
87 50
56 32
20 37
66 19
97 99
70 82
9 61
20 45
16 19
6 74
82 9
99 23
43 37
79 68
37 35
9 42
90 28
49 49
11 16
63 24
57 88
6 87
24 20
17 12
91 14
62 15
66 45
62 96
28 39
62 85
65 36
37 93
9 97
16 62
91 22
44 68
31 31
32 56
89 95
48 97
75 68
59 95
3 45
46 55
47 60
6 21
19 36
54 6
22 77
59 66
53 35
79 31
22 34
42 80
47 13
84 63
25 54
5 31
33 31
87 38
98 77
60 8
45 36
9 15
72 84
52 85
96 59
19 37
71 76
71 51
50 66
37 19
32 51
92 85
60 93
42 12
20 89
95 35
41 46
5 83
24 99
62 44
96 62
84 95
49 50
100 17
78 2
48 55
100 23
53 35
73 6
98 6
46 28
7 89
86 92
50 34
100 97
89 25
17 77
54 8
47 10
3 98
52 9
12 89
53 39
99 25
71 91
23 87
89 2
32 90
76 89
4 97
82 94
10 74
99 63
82 49
60 50
90 3
2 84
97 32
67 5
94 53
98 98
29 38
10 72
10 86
47 10
36 26
17 70
64 94
47 36
55 12
41 85
96 23
43 46
55 5
67 63
79 49
11 37
37 2
28 92
22 86
20 38
77 63
57 97
67 66
36 53
85 47
28 100
18 66
8 88
58 62
84 24
76 72
72 59
33 96
8 76
19 76
54 32
79 64
23 52
23 4
2 28
97 61
28 69
18 1
26 72
95 21
66 45
35 90
63 76
64 98
64 84
49 62
17 67
71 83
54 2
21 78
42 63
30 22
41 58
63 66
6 88
25 41
82 29
72 44
15 37
7 39
14 22
53 100
30 80
51 38
98 44
88 31
99 70
36 87
3 74
89 51
59 27
33 63
95 40
85 81
93 49
92 7
69 4
22 84
87 77
41 100
59 28
4 92
85 3
3 51
75 66
20 15
18 93
49 77
33 2
56 49
7 68
57 14
61 49
92 52
66 57
100 49
22 92
5 7
16 32
7 18
92 93
53 27
17 87
51 89
52 35
64 24
47 34
60 41
23 49
83 7
3 56
93 2
14 23
20 78
13 48
97 40
46 42
23 18
98 80
90 33
8 16
73 2
20 68
61 51
10 41
8 78
52 22
63 81
11 93
59 20
42 99
56 14
98 16
58 96
88 40
98 17
82 56
39 92
91 41
62 88
54 27
93 91
7 68
41 96
81 23
85 86
17 85
88 74
46 72
6 37
48 23
68 75
41 19
43 93
98 89
13 24
75 41
44 52
87 81
58 58
65 60
35 62
62 3
18 34
16 12
56 25
68 81
43 25
57 13
20 9
99 100
37 64
6 75
61 36
44 61
71 16
10 72
42 38
19 88
92 98
51 50
31 49
22 91
11 18
47 51
86 41
1 19
99 67
97 15
46 59
94 64
26 9
48 91
59 53
58 32
56 32
60 9
39 60
1 24
28 55
70 12
82 8
81 73
1 25
2 55
61 14
50 83
86 77
67 50
65 24
82 76
14 58
37 38
80 98
29 85
63 6
54 96
38 94
70 98
73 11
21 14
61 68
7 45
79 36
28 8
65 9
51 83
44 3
76 63
19 28
55 88
46 69
51 20
32 71
71 70
46 75
20 16
2 53
57 66
17 62
10 53
53 42
98 29
12 47
61 66
83 12
42 51
83 19
97 78
43 4
75 34
69 15
45 18
73 49
13 50
89 24
53 61
55 15
74 94
9 71
10 82
40 88
58 37
78 45
33 72
72 59
63 9
44 74
91 50
92 69
22 26
90 49
61 37
54 26
39 70
67 26
5 4
6 11
31 54
53 37
10 46
70 34
93 55
5 41
39 54
77 28
15 29
36 97
95 95
58 9
13 90
3 8
93 58
42 58
2 87
42 61
52 50
69 13
80 40
71 95
23 78
100 14
27 99
7 33
42 57
80 34
44 9
3 53
78 50
3 12
34 90
80 40
84 54
17 78
72 53
99 20
73 20
7 79
99 73
48 44
30 71
87 4
9 79
33 86
56 7
97 49
19 50
19 15
33 41
94 59
29 93
87 80
48 6
4 12
73 69
78 58
59 19
11 80
23 93
28 53
80 18
32 69
97 16
44 96
23 47
33 39
60 76
81 43
56 79
30 28
88 33
1 55
70 7
12 44
31 41
85 29
21 89
37 12
53 9
14 13
30 52
97 70
92 70
4 30
66 83
41 75
16 40
78 75
34 66
91 75
79 5
87 3
91 10
11 19
90 90
65 1
82 49
18 45
89 20
9 48
25 3
78 77
14 3
15 31
47 89
99 49
25 13
82 12
63 64
6 49
20 66
9 69
20 73
41 54
15 44
14 69
85 25
3 83
48 28
38 46
81 82
56 78
8 67
14 9
15 16
58 94
55 13
23 43
59 40
24 71
19 25
57 5
34 79
46 75
40 85
86 76
61 35
62 83
52 65
63 25
41 16
20 79
32 80
57 1
3 11
17 36
32 40
69 57
41 65
83 39
53 13
76 98
86 35
34 3
98 86
30 5
24 10
75 66
10 70
81 94
49 68
95 51
30 14
38 24
100 9
4 35
56 93
86 71
32 10
74 82
100 78
38 95
85 73
95 33
93 83
67 75
56 73
31 62
9 80
69 74
97 53
91 93
44 68
86 39
15 37
65 80
96 65
55 33
46 70
84 3
73 23
81 78
84 77
40 4
34 25
21 76
88 56
3 63
41 37
87 50
92 71
60 54
90 60
22 14
61 87
63 37
63 55
65 45
57 65
21 65
92 54
46 68
27 58
84 96
63 15
34 40
6 24
80 51
20 74
90 10
90 50
87 54
25 97
50 7
3 35
57 50
55 77
20 44
28 92
63 93
90 87
34 90
81 8
10 55
44 95
35 74
83 2
68 90
73 11
56 77
91 97
81 30
59 92
92 83
2 12
55 28
83 19
98 3
45 40
53 66
65 56
77 33
46 12
54 29
87 73
36 69
28 23
47 41
13 62
29 70
42 84
32 19
1 78
77 11
91 30
2 73
83 40
28 39
26 46
98 31
29 81
53 81
90 15
50 39
12 60
87 19
74 44
82 97
36 68
84 39
82 64
87 51
35 83
61 68
15 19
51 17
77 61
83 40
78 91
26 28
44 4
90 68
8 94
77 38
13 85
5 29
50 90
74 44
56 21
51 1
61 23
41 14
58 92
2 79
95 38
39 5
6 52
87 21
35 92
54 39
10 54
83 75
23 94
18 80
22 54
30 16
65 14
16 18
21 2
47 8
85 64
22 49
80 87
61 68
7 61
40 99
13 14
98 89
10 34
91 76
49 3
15 3
14 93
77 22
60 52
36 69
96 97
22 45
8 42
24 63
97 89
95 94
46 65
42 53
86 69
34 3
42 83
8 90
20 35
95 68
97 9
55 57
12 22
99 99
9 79
88 25
52 57
32 96
7 67
88 81
39 76
98 13
99 78
75 15
23 44
26 50
59 69
72 48
18 62
70 13
88 28
38 34
68 47
70 62
86 89
27 44
25 17
83 82
22 69
88 32
88 36
59 19
35 28
33 47
41 61
25 58
23 96
89 18
5 21
1 27
78 70
39 98
21 22
81 23
71 50
33 80
22 12
52 20
99 47
40 85
73 84
26 70
36 19
65 34
56 3
45 59
43 34
44 16
62 50
93 15
32 15
80 67
41 79
71 84
77 32
60 50
99 13
73 18
98 90
38 85
15 3
2 54
73 97
79 60
44 1
22 82
15 24
64 58
58 17
19 91
64 89
25 50
22 38
44 24
66 44
97 31
68 95
1 97
33 4
83 56
67 76
40 96
67 47
9 28
59 66
61 93
72 66
84 50
46 22
25 98
30 45
97 92
31 62
89 75
6 14
84 36
72 26
43 82
28 78
16 57
82 75
59 46
58 81
88 5
7 30
3 80
20 21
2 69
10 24
14 84
48 91
87 6
70 15
36 99
91 92
55 73
15 79
71 91
85 24
29 83
29 97
38 36
3 45
80 5
31 50
81 20
88 12
10 4
93 79
33 51
15 65
96 73
20 2
28 51
65 46
43 88
49 54
74 80
96 36
4 40
21 34
93 8
56 31
59 97
97 67
33 67
8 53
98 19
3 64
83 14
22 15
91 57
38 32
48 63
58 58
41 91
76 10
42 50
2 30
85 69
71 10
97 41
34 69
54 5
75 42
38 85
81 64
19 65
8 8
79 1
44 43
91 84
69 62
88 4
82 48
1 77
46 28
50 19
17 8
11 43
4 47
71 82
33 52
21 24
44 100
83 71
41 36
62 93
51 16
52 2
66 30
21 7
98 93
13 80
78 46
5 3
54 11
53 71
34 19
97 50
81 67
65 32
62 16
67 33
62 14
60 46
24 54
7 57
11 25
65 97
44 72
60 99
54 10
45 55
80 57
9 44
6 77
39 32
57 99
24 9
26 35
62 14
79 54
43 63
86 33
51 92
15 17
80 22
87 29
37 27
52 38
79 77
38 58
27 83
49 81
48 71
24 75
34 49
7 21
71 27
94 56
25 71
72 5
50 77
37 7
7 98
21 19
34 21
86 99
56 53
58 99
28 17
71 11
42 76
88 36
73 63
3 63
21 77
58 64
37 6
92 72
98 60
19 15
78 92
40 55
23 43
48 68
86 27
99 66
92 33
23 2
88 18
29 24
78 19
13 6
9 35
49 96
35 21
54 91
92 27
31 94
35 64
64 12
92 79
84 44
67 66
43 10
56 52
41 81
68 67
9 100
71 75
43 60
76 29
83 45
19 1
19 57
96 60
25 95
25 31
26 49
95 98
100 43
9 5
30 69
44 19
51 29
78 6
78 79
19 45
76 59
83 38
33 90
46 28
43 50
98 18
14 25
49 57
75 6
48 18
56 96
5 38
73 57
94 21
35 41
59 12
92 48
64 30
7 79
25 71
38 59
4 60
87 89
67 52
55 57
80 70
7 79
79 13
5 69
63 75
56 22
37 6
48 64
75 66
67 91
50 89
83 97
52 13
98 12
11 74
11 59
65 53
60 41
58 94
15 91
9 68
11 11
7 48
33 48
2 13
25 43
8 18
49 49
73 38
1 62
17 39
82 28
95 24
50 90
11 19
5 57
33 60
95 11
83 96
48 35
43 7
87 78
79 91
24 25
36 90
98 40
23 23
97 84
47 46
41 50
81 24
21 15
30 83
69 18
28 96
100 53
82 48
31 20
16 86
32 63
79 17
96 33
67 55
62 56
12 27
57 34
32 95
62 15
92 10
100 72
79 23
34 38
49 61
36 61
93 29
22 77
64 63
59 25
24 22
8 19
2 71
63 21
36 26
8 59
68 52
72 50
34 22
12 22
90 81
62 89
40 68
13 67
86 57
20 16
22 64
79 97
37 46
42 43
22 23
40 66
40 6
57 11
79 84
100 82
80 76
74 1
36 53
41 63
74 90
26 58
90 53
8 86
98 49
98 40
32 53
77 76
2 46
51 23
13 85
57 77
7 34
46 32
78 50
34 15
2 30
13 24
15 94
17 91
44 87
19 57
53 21
47 5
42 66
59 42
77 77
36 68
28 72
44 66
81 66
61 82
28 78
21 21
73 74
44 3
59 80
98 24
46 21
98 78
6 41
36 37
34 56
63 73
66 25
100 23
52 1
17 89
79 56
51 53
8 21
84 90
92 1
58 51
80 80
90 98
64 35
22 39
31 83
96 42
53 81
40 36
14 64
90 6
56 38
74 49
20 47
78 12
29 61
43 42
60 98
68 1
35 61
37 100
87 21
10 82
93 84
30 84
8 45
85 27
93 51
46 68
86 69
13 98
24 68
57 83
5 91
7 32
79 98
82 52
31 18
41 85
83 91
61 47
96 74
76 71
4 28
39 94
33 13
45 55
12 46
9 76
64 68
36 14
73 94
76 84
85 67
62 84
1 73
57 18
53 51
73 87
96 63
25 95
77 53
62 23
70 75
66 8
99 16
41 58
55 77
91 35
63 46
32 9
73 50
59 51
91 90
91 25
22 34
61 71
43 89
40 51
16 56
48 4
4 23
4 31
87 68
60 45
52 61
55 43
19 22
21 44
14 37
87 19
100 81
6 7
66 47
68 73
80 100
79 50
14 53
4 2
96 37
61 6
97 71
23 19
81 46
45 9
43 91
3 64
8 86
49 66
70 93
45 67
78 23
88 8
5 67
73 13
95 22
60 27
52 41
29 90
89 65
99 4
13 12
1 68
1 15
28 12
99 50
67 32
16 6
98 93
86 52
40 27
19 59
40 59
56 82
4 17
66 95
49 63
36 21
4 84
32 23
37 86
53 43
95 41
40 39
49 29
96 52
79 32
44 10
22 58
89 90
12 47
56 96
81 73
25 1
89 67
75 66
35 3
89 86
31 52
57 12
45 49
55 83
68 41
86 17
45 24
3 89
97 72
36 25
2 42
78 64
86 57
76 60
10 3
74 1
57 23
71 33
91 76
11 26
83 36
5 79
92 26
27 43
32 17
21 77
28 66
5 22
37 94
94 22
19 86
40 95
25 45
30 80
94 86
61 4
46 47
14 68
66 55
80 61
40 33
27 48
8 6
10 3
9 47
21 7
13 48
28 84
73 11
83 11
50 75
64 53
31 10
32 41
24 75
82 38
61 92
10 62
48 25
91 40
31 63
34 67
92 30
45 13
79 48
85 17
39 24
56 93
53 91
67 29
52 22
61 34
51 74
11 56
46 3
98 80
46 82
44 34
52 19
51 61
26 67
52 86
18 19
29 69
76 36
20 76
37 73
58 34
71 28
8 81
30 13
34 83
93 20
87 5
34 91
58 24
30 7
32 47
62 30
40 84
17 52
86 82
51 99
40 4
67 80
32 17
94 41
83 86
43 98
51 71
16 19
59 2
79 73
94 62
3 73
91 94
87 23
29 8
18 84
23 66
98 4
48 4
88 65
81 24
65 47
73 100
61 58
4 12
14 83
61 85
73 10
13 71
90 17
69 45
23 28
43 75
29 88
73 7
43 12
53 25
77 31
60 53
6 68
15 81
78 52
85 68
73 15
79 48
70 63
26 77
53 4
53 64
93 66
56 76
95 19
86 45
46 74
32 40
72 57
84 73
83 36
19 25
98 75
46 88
95 20
13 32
16 31
60 84
43 100
24 90
81 45
72 53
44 45
53 47
52 13
45 56
54 15
89 78
40 3
55 75
42 92
41 50
73 85
96 78
94 29
9 22
43 53
52 39
59 63
60 17
33 21
36 59
73 82
33 42
23 29
53 5
18 24
18 96
94 66
13 77
79 21
40 94
43 86
96 65
72 64
40 23
76 48
80 69
50 72
62 49
72 47
69 39
4 46
29 89
37 51
32 46
72 33
84 96
97 9
98 99
22 92
97 20
99 2
29 10
17 85
21 68
14 56
17 96
38 20
72 58
57 47
100 71
19 92
73 75
71 20
50 11
25 64
91 35
48 68
16 14
8 89
48 81
29 16
7 80
70 62
21 25
7 90
65 11
7 86
55 44
71 42
10 87
81 31
51 7
10 21
91 82
17 81
93 62
69 8
74 32
59 14
76 16
34 80
91 42
57 31
59 77
68 3
80 38
3 5
48 1
97 1
68 20
71 20
83 87
39 7
62 94
53 26
95 70
37 22
3 12
35 84
20 76
50 51
7 20
2 54
90 3
42 84
3 10
90 86
99 2
70 73
76 84
61 89
68 31
95 3
44 46
83 75
74 71
78 99
23 14
86 71
13 4
72 6
62 40
74 35
36 25
30 18
83 69
1 23
42 76
37 79
18 3
8 50
53 74
14 94
80 55
15 58
62 92
43 20
95 100
32 72
65 95
43 11
35 62
60 13
13 96
73 18
81 59
26 93
5 39
16 12
35 75
18 10
92 43
71 93
37 48
11 48
89 20
18 91
32 25
95 41
1 31
22 13
2 35
46 70
83 72
12 58
83 98
54 52
19 62
17 46
100 99
95 91
69 4
38 42
75 36
31 13
7 37
52 7
72 90
39 27
58 56
52 26
24 32
7 77
83 72
35 57
53 6
77 70
59 4
35 92
79 46
49 24
38 51
55 44
35 83
29 11
83 12
14 58
75 46
41 26
1 33
63 64
98 95
36 47
42 7
29 45
16 4
28 83
6 95
96 12
51 37
8 50
92 42
53 41
98 59
61 26
48 21
1 62
33 40
83 8
6 61
53 6
2 28
32 13
88 43
78 84
21 13
9 73
35 72
93 4
71 11
62 42
48 25
83 91
90 92
45 24
11 3
58 54
38 92
66 86
23 3
41 11
16 21
79 55
7 17
55 86
49 55
76 100
33 28
11 8
15 51
59 72
42 36
32 46
2 91
81 54
67 1
50 93
68 88
14 32
100 6
37 95
41 74
68 22
32 38
60 39
74 18
67 74
10 76
27 72
97 26
89 77
48 71
43 18
49 98
66 44
55 81
29 83
90 64
52 39
31 4
71 78
10 96
60 12
31 11
16 86
8 35
98 64
22 8
34 87
76 3
68 56
3 68
55 98
12 73
2 4
49 36
86 5
47 61
98 45
13 97
86 55
24 20
5 42
42 80
14 39
8 12
39 2
80 22
1 73
27 14
9 87
27 24
3 62
10 49
46 26
17 71
53 91
2 60
68 39
19 72
56 90
17 64
83 40
30 68
21 51
47 21
94 86
19 47
1 27
38 93
90 38
86 80
85 47
69 56
49 4
45 47
14 92
83 63
56 94
77 84
54 32
25 44
3 80
7 98
80 39
59 100
64 56
20 36
71 66
26 87
48 19
25 85
46 50
71 62
3 46
58 72
12 4
60 55
86 42
21 12
41 18
9 62
3 3
44 20
30 44
79 56
67 2
22 38
88 55
20 32
58 54
44 43
92 16
36 64
74 54
25 80
47 25
92 51
88 56
52 95
74 73
46 50
24 69
63 19
18 7
22 48
52 41
40 86
12 83
69 17
48 58
81 25
90 70
49 40
18 25
30 9
71 98
10 22
50 66
31 18
58 86
45 61
90 39
56 23
34 13
12 37
86 73
95 16
98 95
51 64
69 5
13 10
26 86
47 38
49 83
11 90
15 89
18 24
30 21
50 32
30 47
72 76
22 87
94 59
8 44
6 11
81 32
86 90
14 37
62 37
82 43
29 60
29 95
52 63
82 46
25 40
70 55
81 95
80 73
91 69
38 63
55 97
10 10
19 22
67 11
54 35
40 66
48 85
56 68
75 49
36 66
61 28
68 31
4 68
42 58
32 98
66 62
81 3
69 16
42 61
21 77
35 16
55 9
16 46
89 84
12 46
28 77
43 30
39 59
31 61
90 82
59 70
16 52
72 39
17 13
3 75
57 9
5 65
95 82
2 82
47 80
1 6
28 47
58 92
3 81
80 22
26 29
31 74
34 49
64 19
42 1
80 53
30 77
17 73
72 27
44 86
62 23
8 78
2 41
50 73
