100 3400
28 8
48 22
86 98
15 66
14 89
76 82
92 34
7 86
27 84
84 3
30 2
17 87
58 55
88 23
34 40
66 80
86 97
17 31
93 24
38 3
43 25
72 46
75 93
68 85
1 79
51 100
30 93
7 35
43 32
22 4
6 32
17 41
77 10
43 63
45 34
19 34
44 28
81 62
51 83
70 30
25 53
27 12
74 68
31 10
9 29
78 95
34 20
34 6
37 81
90 90
86 18
90 9
47 79
12 46
48 32
90 59
22 78
17 23
88 50
68 16
37 69
15 94
16 63
100 15
59 100
86 61
60 2
57 95
3 64
67 72
67 72
58 82
40 87
32 61
86 8
90 14
73 72
77 84
24 17
76 38
50 98
63 79
27 97
46 72
44 41
72 34
83 100
77 98
12 6
48 34
11 28
9 31
11 47
53 73
80 14
4 21
70 67
82 24
96 63
84 89
66 49
82 71
28 59
76 56
61 57
42 75
28 84
98 3
22 41
25 86
58 35
58 63
55 100
98 40
6 28
51 13
78 85
18 55
70 66
40 10
23 24
100 75
31 39
36 86
6 98
3 42
9 59
58 32
2 40
100 32
22 65
23 72
55 51
6 14
58 63
14 58
10 61
60 10
55 82
23 25
52 26
7 21
1 98
46 25
10 95
94 51
26 21
57 42
57 69
96 45
99 36
13 23
50 42
22 53
80 83
91 87
7 45
67 67
27 52
20 80
19 25
74 17
20 64
56 84
60 74
51 63
97 64
65 22
24 74
20 67
86 24
25 96
35 80
13 29
93 22
11 15
69 75
83 86
47 19
40 88
33 47
36 44
84 19
39 49
51 85
72 60
22 64
27 13
24 62
52 82
5 19
39 18
5 68
46 95
7 88
66 52
47 14
41 29
65 58
74 66
87 51
29 32
27 4
24 20
79 71
48 38
98 23
52 79
22 96
29 55
61 41
21 20
86 9
84 32
46 51
66 7
29 61
51 48
13 10
57 19
10 88
82 29
53 43
7 56
12 51
54 86
23 78
97 62
79 51
76 7
6 61
75 68
4 30
86 54
100 4
40 53
19 8
28 60
21 89
91 64
75 74
60 76
59 41
54 76
4 17
70 66
70 5
86 39
88 54
71 40
57 33
3 15
86 83
25 9
26 39
52 87
24 67
31 42
61 80
20 49
75 29
16 7
39 64
69 70
65 66
69 38
39 69
1 83
25 61
34 71
64 56
18 25
2 28
52 95
83 98
40 41
24 61
28 16
50 47
55 88
87 40
84 62
6 53
99 27
30 46
68 3
31 49
42 15
41 85
58 19
75 31
93 69
21 44
82 4
70 89
85 62
87 82
37 82
62 88
38 43
88 43
60 98
72 88
47 96
9 24
85 70
84 76
83 8
72 71
48 79
68 82
40 86
4 99
94 93
36 26
91 29
7 47
73 85
54 31
93 28
27 87
97 65
78 35
19 10
56 32
60 37
82 67
25 58
98 64
65 19
83 7
17 67
96 78
7 87
69 25
37 16
70 97
87 87
66 66
7 83
65 37
36 63
50 63
11 17
82 83
93 61
3 84
37 80
50 69
47 17
70 23
93 75
26 11
86 100
51 60
97 48
99 49
55 92
31 26
43 76
67 50
47 61
81 48
13 84
61 99
60 5
7 48
51 37
47 79
2 65
69 98
57 64
43 77
22 52
10 32
83 41
25 49
98 45
15 75
51 31
89 60
78 9
14 47
14 42
86 35
87 80
52 39
89 43
56 43
39 88
5 94
73 34
92 38
90 1
35 81
54 26
95 32
73 48
14 87
19 78
34 66
54 11
40 99
47 25
34 53
20 18
14 74
56 18
8 47
11 43
80 87
63 96
54 11
5 7
44 81
76 58
83 76
29 49
50 86
78 34
1 90
8 48
76 46
44 34
42 99
29 1
55 32
4 49
70 50
95 68
95 19
31 81
93 26
82 23
49 24
98 7
10 15
80 70
67 10
22 84
69 18
53 26
58 72
99 61
15 72
2 9
3 52
35 75
1 95
93 27
2 74
32 7
40 74
66 2
76 48
61 30
5 40
62 66
23 11
3 97
82 21
50 85
56 100
17 97
90 19
52 47
71 55
58 87
39 21
37 70
22 86
73 19
71 90
4 2
45 14
93 52
13 10
88 4
82 15
8 42
44 18
61 70
86 47
54 85
84 15
45 65
29 59
46 36
81 43
8 37
85 68
39 30
82 26
91 83
54 14
87 66
95 89
55 21
58 79
68 87
89 73
86 7
81 71
96 55
29 91
80 23
1 61
99 12
69 97
43 93
47 52
49 81
64 78
51 38
79 33
46 4
56 1
5 20
11 3
36 82
27 79
66 56
3 17
88 16
84 83
20 2
13 9
67 11
18 24
19 79
98 11
22 20
12 73
41 77
54 82
29 44
5 73
77 16
30 81
27 4
13 8
10 30
49 17
19 9
73 92
13 39
13 33
75 36
94 20
58 5
62 84
80 42
89 35
18 92
7 68
18 55
71 21
58 66
13 9
96 10
41 39
16 3
31 29
25 19
65 39
100 72
75 49
3 42
46 28
56 23
53 46
87 70
38 73
3 81
43 76
22 82
99 6
92 77
41 93
20 5
25 92
60 75
54 2
60 62
8 89
86 57
43 67
81 7
99 68
66 43
7 70
93 6
66 100
82 59
68 64
53 86
62 33
53 60
10 41
90 1
64 17
87 35
20 88
80 56
81 11
33 20
75 31
94 1
98 38
25 76
77 82
31 43
68 9
51 33
55 24
97 96
52 7
16 84
49 35
33 5
32 17
2 77
41 16
68 46
47 62
13 21
99 24
38 94
96 5
22 62
5 79
26 57
66 58
79 64
24 86
27 44
80 74
84 76
16 80
99 84
38 6
90 21
82 8
19 5
37 87
99 65
93 20
84 42
62 75
35 19
12 69
50 55
2 50
31 92
24 47
15 28
94 97
73 35
11 40
49 72
35 41
73 80
22 89
87 6
38 52
8 90
21 10
54 89
9 53
80 86
41 98
89 68
27 51
1 94
89 83
60 41
94 34
100 58
88 45
39 90
44 80
74 67
39 31
32 86
77 56
29 67
16 11
72 19
81 13
22 3
80 66
84 82
67 71
64 7
23 64
20 76
99 71
14 88
7 7
35 46
66 46
16 100
88 32
76 65
9 22
72 80
100 80
13 74
1 2
26 71
64 31
87 30
23 81
99 45
88 51
19 66
12 4
81 36
45 100
66 95
50 22
28 71
70 65
76 97
64 29
37 79
17 25
47 51
41 31
81 96
78 93
68 29
12 48
54 48
88 12
28 99
8 5
12 51
20 53
24 80
69 75
25 30
24 94
97 8
67 92
93 71
45 31
59 47
37 40
93 46
67 10
84 71
31 56
14 1
100 64
77 14
34 57
74 12
29 18
63 23
23 68
21 1
70 100
99 12
52 39
33 40
68 48
29 23
76 2
66 43
30 43
40 3
49 49
85 82
26 65
51 42
89 100
59 70
80 65
92 9
47 41
22 81
91 85
32 53
54 83
70 84
76 13
43 7
93 49
17 46
57 36
68 56
3 34
91 23
63 36
22 77
68 95
93 22
86 50
23 27
57 15
40 68
36 86
32 7
67 25
98 30
9 42
14 81
95 84
63 43
7 83
10 76
58 35
76 97
43 98
96 64
33 82
79 7
61 63
27 33
18 39
92 38
7 44
54 22
4 89
65 2
77 93
23 71
93 91
69 8
5 68
95 80
87 13
24 58
23 78
66 72
69 5
84 60
85 4
67 26
26 78
24 16
52 39
57 60
74 63
100 66
100 59
62 32
14 59
61 16
55 45
35 81
87 45
97 42
89 96
29 81
74 62
32 57
88 83
40 97
68 81
11 27
96 88
19 10
70 61
8 61
52 88
37 73
25 30
11 67
90 71
92 31
26 73
21 10
93 15
69 1
7 87
4 92
6 93
57 40
55 61
80 41
2 1
68 9
69 65
34 19
73 17
28 5
56 59
92 38
60 78
3 93
23 28
74 100
1 53
100 86
22 37
57 41
49 26
93 76
50 28
79 34
8 7
14 22
8 92
100 37
52 80
82 75
17 28
93 55
69 96
24 14
34 36
52 72
17 98
94 91
84 81
89 65
13 96
9 30
48 45
85 24
5 62
30 17
87 8
74 65
91 58
70 26
75 86
52 66
63 29
17 12
75 51
48 99
87 84
86 37
26 97
100 34
96 35
12 75
72 10
36 59
70 76
41 73
97 64
41 99
6 64
30 13
24 35
68 96
42 23
67 100
13 88
55 75
47 19
51 35
85 68
27 28
94 73
21 43
81 41
71 68
2 45
51 81
22 71
50 45
67 85
2 26
1 98
40 43
56 74
87 91
3 86
3 20
75 69
30 9
2 69
91 60
8 46
42 68
53 5
13 4
9 55
58 79
11 20
30 66
86 25
4 14
7 50
16 47
21 80
65 97
92 88
56 27
27 30
98 83
30 76
93 3
28 92
11 47
1 69
50 65
78 23
59 100
60 70
59 86
49 79
97 53
7 95
14 89
7 42
79 9
51 81
70 62
76 9
70 99
29 45
67 23
42 24
47 81
15 37
79 51
30 65
10 60
44 53
37 7
100 89
41 94
54 46
65 7
86 40
38 22
95 81
77 97
36 12
100 38
98 3
88 69
64 34
72 35
94 10
30 92
39 83
45 58
66 85
33 88
1 43
95 96
21 71
8 53
39 24
86 46
71 85
27 81
84 30
100 65
77 46
19 48
6 32
42 34
84 37
42 8
25 25
57 73
25 21
56 57
40 91
26 9
93 25
99 64
12 86
85 30
61 30
34 63
75 40
72 92
83 23
49 71
98 50
76 38
82 67
62 88
45 57
30 35
32 33
32 99
26 57
91 18
35 52
27 42
74 84
52 70
38 65
4 17
57 99
33 38
36 83
97 18
84 14
1 45
45 65
26 25
89 67
47 9
66 86
28 52
5 31
49 20
80 89
25 3
9 86
47 53
12 91
21 100
20 11
84 22
59 75
61 63
22 89
95 24
70 84
83 69
90 49
51 100
2 90
51 48
82 22
43 7
76 94
3 60
90 67
13 86
6 73
30 43
44 17
49 14
83 40
55 26
48 15
2 72
14 13
23 8
12 68
39 93
90 96
61 52
25 62
74 90
42 62
68 27
27 17
56 59
74 72
61 85
79 87
78 27
3 4
7 56
68 77
29 94
22 77
69 80
76 64
65 8
60 94
43 30
39 40
9 48
74 19
59 16
36 3
52 65
97 97
89 2
72 30
100 10
86 98
74 30
10 78
22 14
98 70
24 1
44 95
98 72
63 74
3 26
58 19
59 39
44 15
20 36
79 38
56 9
56 82
1 48
28 10
79 43
62 92
42 26
43 76
37 83
25 59
28 24
77 17
59 16
73 63
53 82
82 1
74 72
59 9
61 73
44 19
6 68
76 6
97 39
83 61
74 41
93 44
62 60
5 23
89 20
3 31
78 2
74 64
33 54
3 12
13 17
45 50
10 28
22 8
81 55
20 21
79 6
46 24
86 64
22 76
19 99
90 70
49 98
52 58
41 23
29 41
44 21
15 88
16 74
66 40
99 70
7 73
62 67
92 91
83 7
73 48
39 2
35 28
13 85
23 51
50 91
27 38
71 80
82 54
62 37
35 32
69 25
62 92
86 35
79 46
33 22
93 15
57 59
80 45
95 79
36 83
9 59
75 78
76 90
39 55
18 2
30 63
33 7
15 85
71 74
44 100
16 99
43 14
27 68
11 78
33 92
69 91
84 82
61 62
26 95
61 96
67 87
73 45
43 92
90 95
77 1
2 77
89 48
73 4
67 77
55 26
49 69
20 93
29 32
75 85
37 31
88 19
86 83
58 15
1 92
5 19
69 75
1 21
23 76
57 73
28 32
1 81
10 37
56 43
28 65
79 54
49 27
80 98
77 34
28 15
85 88
62 55
14 96
73 93
98 44
54 18
6 39
91 91
65 28
58 9
7 42
88 56
75 26
54 4
26 40
83 3
6 27
92 54
56 64
83 11
14 58
12 98
66 29
63 77
76 79
84 57
36 70
42 64
86 44
89 86
36 42
40 67
32 57
91 40
11 99
66 70
44 40
96 13
2 59
81 22
61 28
52 17
10 97
74 24
98 14
5 94
56 15
54 37
40 34
11 9
16 6
46 63
6 49
100 79
68 75
23 38
75 13
57 12
45 95
90 75
92 47
50 30
28 79
41 11
92 67
33 10
58 52
67 51
26 66
74 24
63 39
3 69
59 38
95 90
74 93
24 41
58 71
85 97
30 38
45 96
50 50
52 42
97 5
90 35
80 10
66 85
20 6
100 28
31 73
91 36
48 42
56 2
90 70
13 4
81 69
11 52
38 81
40 37
22 30
22 58
30 68
66 77
78 44
70 70
73 84
64 29
7 38
12 67
16 89
2 89
50 99
29 32
62 96
34 3
23 5
67 25
70 19
72 88
45 86
89 7
84 18
74 85
27 97
54 99
82 34
48 38
71 24
17 62
40 49
12 37
42 36
65 74
59 72
99 99
57 35
98 15
41 47
97 4
17 4
77 38
98 83
28 78
66 61
99 4
11 74
44 42
30 59
41 55
78 29
55 92
26 71
100 7
82 91
90 75
63 14
37 97
47 100
17 81
42 100
25 94
27 14
54 50
84 84
50 99
29 72
97 77
9 70
35 46
5 71
56 84
23 3
87 66
29 35
95 24
83 19
41 22
93 54
28 9
38 29
80 10
66 40
100 86
97 16
36 32
5 22
67 65
53 79
45 47
4 54
31 82
66 85
98 2
100 40
36 96
82 69
11 73
100 18
52 89
66 62
85 21
55 100
27 46
19 3
53 99
57 32
75 11
2 99
12 81
32 50
29 2
83 68
24 39
91 12
77 40
97 23
60 86
65 26
33 57
67 29
67 39
19 17
9 75
39 76
12 3
69 47
75 79
18 91
26 24
40 85
68 34
85 56
84 94
85 2
84 56
56 4
25 62
14 74
96 23
85 27
65 13
91 99
30 56
14 88
37 84
98 41
11 87
10 7
22 57
99 26
40 22
34 17
29 36
59 98
45 2
25 91
55 6
71 75
87 79
82 85
85 96
5 80
52 75
68 58
56 35
1 54
53 67
78 90
74 69
88 33
78 40
90 45
50 74
8 74
49 62
25 78
55 3
41 99
35 35
35 44
48 9
37 32
16 48
11 77
8 53
43 83
69 1
72 15
67 17
90 80
100 8
12 57
6 73
55 21
54 58
44 93
54 82
93 58
71 76
81 65
92 69
83 16
9 2
91 48
37 23
86 5
89 18
29 24
78 46
70 2
71 76
70 14
60 2
44 51
29 95
84 47
8 88
85 45
91 22
48 24
88 13
15 98
71 34
63 18
91 18
74 98
17 58
37 26
36 49
79 47
75 41
5 89
86 62
48 13
89 41
26 11
92 34
89 70
82 14
10 79
58 50
63 6
60 67
34 37
1 84
48 98
62 79
90 33
34 3
96 92
53 79
21 22
38 66
16 37
18 29
66 28
38 29
70 89
49 15
7 75
43 54
97 65
99 11
41 93
42 72
1 27
90 1
9 48
32 42
96 47
51 52
92 87
71 92
37 75
39 50
34 89
46 71
77 67
53 55
34 81
44 8
3 81
25 50
11 93
76 57
2 85
14 62
7 10
77 45
82 28
74 64
3 9
23 23
37 76
93 99
63 67
79 55
87 38
29 86
34 10
82 59
81 34
78 66
63 76
57 98
37 81
94 54
60 61
49 19
55 53
57 33
98 93
99 30
52 94
41 61
26 97
56 32
73 54
75 11
48 18
54 10
96 85
23 59
39 21
8 18
10 96
35 63
86 6
93 19
50 93
20 68
71 68
52 60
71 1
74 86
3 75
76 49
61 80
34 67
91 79
48 32
82 79
2 96
3 87
27 12
86 4
43 69
58 54
65 24
66 20
85 17
19 31
35 52
35 78
30 27
52 81
62 49
7 10
47 88
46 42
35 9
18 86
28 63
14 84
83 27
78 9
6 59
72 54
100 86
67 92
15 73
95 38
1 6
86 35
92 72
18 89
93 4
28 96
98 59
19 32
19 93
47 18
36 64
63 4
58 79
31 5
50 99
74 78
65 90
62 12
75 83
39 7
59 67
91 40
25 47
9 8
76 63
13 39
88 56
22 26
13 15
73 1
50 49
67 30
47 61
95 16
83 17
53 25
39 13
4 12
57 77
13 3
78 60
53 30
73 4
99 15
93 3
20 88
99 13
45 53
49 23
1 47
40 34
73 93
100 54
82 99
71 63
98 78
17 4
90 61
31 55
1 51
35 58
72 19
13 17
93 19
45 93
97 45
27 10
61 73
50 38
20 65
34 93
88 92
78 43
33 99
74 77
57 95
78 28
90 25
5 12
22 12
74 14
6 19
31 42
83 76
1 94
1 7
50 97
67 53
88 25
16 33
78 30
93 98
42 61
65 94
57 26
20 9
73 74
96 44
80 33
91 99
34 13
46 99
75 13
92 73
91 91
41 45
88 67
11 44
11 34
53 71
67 15
11 21
57 29
83 80
70 44
7 4
100 91
85 91
46 96
93 52
35 32
27 33
15 39
83 17
38 73
34 66
11 80
95 28
58 36
24 4
62 37
37 1
63 13
1 3
34 31
33 35
76 100
90 24
23 38
39 81
90 88
85 25
43 80
49 46
68 18
18 86
11 66
24 21
80 9
94 61
95 100
57 13
31 16
7 34
77 92
97 73
7 11
57 75
85 99
52 43
51 27
9 80
53 70
4 9
18 25
8 71
97 37
55 14
79 87
68 44
79 30
52 76
77 100
14 33
68 26
12 72
80 67
17 18
64 29
34 23
33 20
40 68
17 57
29 82
61 81
39 93
43 31
8 66
81 81
28 25
32 44
38 32
66 43
23 82
13 4
57 57
77 43
85 88
34 65
90 18
11 98
80 21
13 47
25 88
78 17
48 57
38 1
73 80
17 30
90 34
63 14
13 10
2 36
55 12
64 11
7 85
15 6
81 12
71 71
36 73
92 41
84 20
53 17
5 10
69 72
6 61
66 71
18 87
53 53
31 23
55 53
69 35
28 38
92 91
11 49
88 93
47 99
46 55
73 76
26 40
3 49
3 83
26 79
69 58
69 70
43 17
52 78
9 41
18 93
44 61
88 91
57 100
60 81
78 48
34 75
44 25
30 22
6 56
60 18
64 33
70 93
77 30
22 27
94 53
50 95
33 46
26 8
27 18
98 38
86 85
52 93
92 73
66 14
54 57
43 93
97 23
97 32
77 94
21 22
65 21
51 29
100 30
1 1
27 72
81 2
12 85
36 62
65 53
28 37
39 41
79 95
36 77
17 2
49 86
98 77
60 92
61 34
3 94
82 32
100 85
73 74
23 57
97 7
35 60
38 75
65 8
52 80
75 33
70 87
95 81
55 71
77 43
20 10
8 21
16 71
66 5
79 41
40 71
8 54
31 98
22 57
37 63
3 53
72 61
84 95
22 7
42 72
43 96
25 57
83 87
59 6
49 21
34 55
37 49
35 13
47 95
83 94
46 4
10 41
26 44
99 67
14 57
54 33
67 53
23 43
90 36
52 63
2 27
90 96
68 82
84 64
41 16
98 42
36 53
47 16
97 59
80 66
15 50
56 97
39 42
98 85
39 89
25 44
36 29
71 81
100 83
10 81
29 15
82 61
55 34
62 98
18 36
46 56
66 98
62 72
33 93
90 38
89 76
16 79
47 35
54 64
81 54
33 42
81 58
79 4
20 61
13 52
32 69
21 98
70 57
18 2
36 32
47 66
40 27
53 63
88 99
90 76
32 89
22 98
75 49
49 50
46 72
62 32
3 25
86 46
55 96
87 28
33 38
50 82
25 94
74 49
25 83
83 94
48 92
27 13
90 66
96 63
65 22
92 12
7 97
36 74
10 37
86 93
82 27
14 37
67 23
93 99
72 42
93 15
65 17
26 99
34 99
65 31
25 99
72 8
45 99
91 57
37 82
77 25
21 19
12 27
58 100
77 40
84 48
9 80
19 66
51 5
95 55
35 15
19 71
64 38
87 29
3 36
6 31
14 36
13 71
78 40
94 4
34 72
62 18
14 84
3 17
92 70
54 54
34 22
30 31
82 100
19 34
60 2
52 22
69 31
7 30
86 84
47 44
60 3
72 66
28 28
44 61
39 26
10 33
74 80
54 42
33 97
41 22
35 6
16 85
48 21
49 80
59 28
78 70
56 62
56 10
23 46
78 11
99 46
63 59
72 5
71 64
34 49
75 74
87 47
77 39
77 86
33 45
85 79
94 96
69 100
14 62
88 84
81 97
88 5
50 24
75 6
30 90
99 57
91 5
20 54
87 92
62 42
26 2
81 85
39 65
11 37
8 96
10 61
98 78
67 94
34 64
23 90
14 6
86 80
64 23
35 65
50 73
98 42
28 42
50 63
46 41
59 45
48 62
21 81
15 98
11 56
39 92
25 29
47 14
90 74
6 40
75 79
54 92
14 17
72 13
20 52
10 17
40 65
37 47
69 37
38 41
36 72
77 2
59 11
2 98
87 67
10 89
80 36
40 24
40 91
37 28
11 96
95 32
98 32
71 95
35 36
47 72
18 92
12 25
3 81
9 4
86 56
15 5
10 72
47 14
47 16
55 97
32 47
25 74
81 70
74 7
97 46
60 62
97 39
1 66
8 6
46 90
18 99
97 32
65 20
83 31
99 97
34 30
69 38
88 23
73 96
51 97
38 19
7 91
70 41
39 94
39 58
88 91
75 82
96 6
10 75
29 96
68 4
67 42
9 55
37 76
79 64
45 75
99 92
15 11
88 15
6 50
31 93
68 91
45 85
61 92
80 25
79 84
11 32
29 30
57 76
63 12
38 64
36 25
22 60
89 99
20 15
35 65
67 24
56 10
33 30
18 33
59 59
79 39
7 78
28 8
38 77
22 11
94 79
84 85
37 95
43 66
12 11
61 40
74 54
74 13
2 67
50 17
12 47
4 94
16 19
64 22
53 20
99 45
56 22
38 5
11 37
35 76
18 31
23 81
77 59
5 51
76 55
30 64
22 99
99 28
94 80
14 44
49 75
73 19
26 87
49 8
1 74
4 81
57 37
32 66
38 71
2 16
55 30
67 95
97 86
35 61
30 64
49 32
7 37
4 84
82 16
77 26
17 31
50 22
5 31
49 18
24 91
23 65
96 57
78 25
5 9
39 69
63 88
65 12
21 58
56 4
91 68
43 19
33 43
86 90
63 96
24 21
23 14
78 88
18 75
54 2
82 71
26 80
57 66
54 35
33 3
54 31
18 100
53 60
24 15
11 57
42 32
56 12
7 36
34 7
81 56
7 18
89 44
9 11
92 56
81 25
90 2
64 50
86 10
65 88
11 69
93 55
74 47
37 10
5 1
12 70
49 4
18 30
85 56
46 45
21 85
9 18
20 33
52 55
47 48
10 55
20 91
80 5
99 74
96 11
84 22
6 95
67 40
82 49
30 91
64 31
67 46
38 15
16 88
58 72
5 66
1 62
25 96
61 10
61 76
3 59
76 66
78 80
17 26
15 19
81 50
67 67
50 69
48 3
77 81
96 25
20 42
84 64
49 92
11 34
93 5
100 50
34 41
19 16
54 60
81 48
81 20
31 99
58 92
4 26
83 2
76 4
69 66
9 49
1 96
86 81
54 30
99 93
100 31
74 59
31 22
17 97
6 65
25 34
88 66
73 84
74 46
33 67
15 45
47 57
15 35
58 8
52 73
94 91
80 49
45 61
85 86
29 57
68 1
44 44
47 76
43 66
91 61
35 85
18 79
47 8
73 69
16 98
44 60
55 33
21 90
94 11
5 90
36 100
59 33
36 38
39 92
90 51
12 40
35 63
71 76
16 71
98 58
86 23
89 35
5 45
84 38
88 64
66 49
55 94
64 4
78 14
17 40
99 27
99 5
31 51
16 25
29 25
67 7
70 15
19 40
48 33
59 9
40 8
53 47
7 28
54 82
96 86
23 27
33 47
16 58
1 23
83 25
45 30
18 59
96 15
34 73
60 84
76 60
40 60
12 57
97 45
5 8
40 66
87 33
76 61
1 7
81 14
8 16
17 7
17 38
34 26
27 73
18 42
87 98
74 74
85 62
68 57
82 12
42 88
28 91
24 63
4 66
21 76
33 90
67 27
43 84
90 48
24 76
17 44
42 51
65 72
83 26
1 64
8 92
32 10
95 44
66 56
52 17
79 50
28 8
30 66
57 6
75 98
51 11
89 9
47 7
50 46
31 69
78 95
39 80
72 39
90 52
49 37
78 23
10 59
64 29
58 88
61 50
38 46
32 4
67 65
57 55
23 90
67 51
9 33
83 18
81 83
23 19
1 16
72 68
66 63
25 5
75 89
81 82
73 34
37 81
66 16
4 74
90 98
65 65
85 98
44 12
51 79
41 54
2 87
64 13
80 90
31 48
78 54
32 82
34 61
68 1
46 15
84 100
74 85
32 6
26 58
95 81
26 38
17 20
57 74
49 84
7 5
87 15
22 42
55 24
88 84
84 21
59 56
18 69
76 91
76 55
25 26
39 13
43 16
57 69
32 79
27 83
27 63
60 13
75 1
72 26
43 5
73 84
25 45
65 78
87 44
98 78
73 53
60 64
65 81
63 45
58 20
75 14
72 48
98 70
49 24
61 71
12 86
80 34
73 6
97 34
50 85
5 73
14 35
67 51
80 77
43 41
56 32
40 63
6 28
26 91
1 73
73 28
14 30
52 63
34 5
51 49
44 5
65 27
32 8
83 61
5 33
27 72
16 51
18 64
22 40
18 78
22 98
69 31
41 82
1 71
20 8
61 80
10 4
22 48
83 77
68 74
10 16
57 94
36 45
97 12
15 67
84 81
92 35
7 10
37 40
87 27
4 98
37 85
58 95
5 85
8 33
6 71
45 50
51 91
74 31
74 27
37 29
44 31
16 34
65 44
31 2
86 38
40 87
2 66
66 8
21 9
74 72
93 6
77 80
24 68
34 56
15 58
33 10
56 49
12 57
26 65
10 51
91 32
74 72
93 94
1 53
98 20
38 54
58 13
27 61
69 100
70 48
18 43
94 7
10 73
26 11
59 22
34 28
5 58
14 80
24 6
92 26
8 10
42 68
68 51
50 9
28 71
80 83
95 28
72 66
49 49
53 20
6 30
23 91
16 54
46 31
61 84
33 89
12 63
48 61
71 81
62 80
20 21
43 34
100 93
11 53
29 8
82 5
77 45
2 2
45 78
60 69
52 18
82 92
1 8
75 93
80 62
27 11
13 11
100 12
35 60
71 64
82 99
11 88
23 99
69 85
59 30
67 71
11 59
50 90
55 52
39 68
74 37
57 76
23 67
13 25
23 83
13 53
9 44
34 59
9 41
14 14
82 28
39 36
16 36
34 39
2 64
97 51
21 5
41 53
55 8
24 78
60 73
96 86
65 61
62 98
68 41
65 31
58 82
25 12
66 91
52 71
3 18
24 16
1 99
6 86
40 91
12 73
23 30
8 22
26 30
100 87
65 90
24 34
72 27
71 71
97 66
71 11
16 80
92 90
34 13
76 33
82 78
86 84
95 87
74 98
41 29
11 12
47 89
41 82
10 39
79 57
97 100
23 98
24 93
97 18
9 10
88 32
41 27
12 98
16 22
1 84
53 80
39 24
51 63
71 56
46 35
61 39
99 34
24 4
68 37
87 22
85 74
56 86
50 100
64 16
98 61
93 2
50 98
28 63
51 5
59 42
96 5
67 80
82 74
67 54
85 73
83 92
74 57
30 31
48 41
73 93
26 68
30 39
72 15
82 62
97 74
87 75
54 87
87 61
90 70
7 2
68 43
88 47
49 4
81 36
15 88
48 28
87 93
81 39
3 91
54 67
64 59
33 43
66 64
12 100
43 13
48 18
20 26
7 28
21 18
42 11
99 15
15 96
13 78
24 87
84 23
27 92
41 98
80 38
63 45
2 7
86 100
34 10
2 47
86 29
10 59
40 14
81 49
80 2
20 18
73 46
30 70
97 1
70 73
4 17
61 33
13 89
10 9
34 60
16 43
67 32
20 76
78 49
28 55
6 4
25 65
76 56
89 16
60 96
5 11
78 47
9 76
74 94
83 38
15 78
76 71
33 44
75 87
79 26
56 67
42 77
6 92
75 85
6 9
77 67
81 4
25 32
22 74
96 43
94 90
17 11
21 58
44 98
96 54
24 63
93 63
50 25
9 14
76 22
59 54
75 57
99 1
33 52
28 59
71 51
53 34
96 51
8 84
85 35
10 44
59 39
12 58
80 52
34 39
74 86
14 82
90 82
21 37
66 84
87 56
68 58
38 28
13 66
75 6
39 84
21 74
35 34
44 81
35 51
19 75
13 9
66 37
46 3
33 56
9 31
27 60
74 100
56 22
27 85
36 75
26 40
90 47
24 45
61 26
11 1
58 10
94 51
48 71
72 14
70 70
9 77
37 79
97 42
84 87
58 67
14 7
38 84
87 87
90 63
12 55
13 94
82 61
3 25
71 41
71 21
45 60
98 54
100 90
97 50
29 28
22 28
17 42
39 2
70 86
38 8
87 75
32 6
19 59
42 30
35 10
23 71
24 89
8 67
45 83
42 54
19 59
28 69
14 89
54 84
11 64
63 4
8 59
20 18
78 80
23 86
76 34
65 41
89 97
68 99
86 64
81 94
66 26
95 60
12 94
14 13
60 82
1 67
26 21
17 57
86 45
56 37
54 86
19 70
71 60
28 6
49 25
33 60
38 76
59 27
43 7
56 38
67 99
81 82
58 87
84 59
75 25
55 88
58 60
75 90
67 82
6 28
89 88
22 62
8 82
76 54
47 8
98 77
63 7
25 88
22 92
52 85
81 24
3 65
15 26
48 77
27 20
38 2
10 91
25 15
11 94
55 11
5 83
6 36
64 90
87 58
88 72
25 1
17 2
44 82
73 31
91 35
93 81
74 47
77 21
64 31
87 42
7 80
60 30
67 14
19 17
71 90
95 92
11 53
90 3
19 51
29 92
46 21
92 54
16 55
72 18
61 55
48 61
64 60
80 84
41 44
94 83
95 10
48 39
99 40
72 80
42 86
69 71
55 86
73 33
19 10
26 91
8 10
11 8
38 51
65 53
61 100
15 100
41 89
57 85
100 51
83 64
39 97
99 42
6 26
42 48
84 61
96 54
11 100
35 25
22 57
56 74
50 36
