1000 1340
628 497
92 757
166 268
796 532
639 430
820 559
1000 932
904 154
562 341
169 522
856 71
349 730
80 968
844 311
310 670
661 788
417 519
263 903
372 562
664 938
54 732
810 99
771 349
721 484
512 768
390 707
586 254
383 859
456 404
468 138
141 8
540 465
175 512
902 607
787 211
768 694
374 309
884 741
317 440
662 756
990 862
143 59
181 704
349 491
792 514
929 811
636 44
767 628
61 418
409 678
793 853
837 569
151 497
178 5
832 469
183 586
365 46
773 385
376 379
824 273
313 146
481 234
762 794
199 774
436 79
369 483
760 586
541 274
759 886
909 11
19 844
813 479
59 768
270 236
475 337
838 125
209 21
766 560
98 827
322 110
643 127
101 414
680 809
634 666
408 110
836 216
942 238
903 578
354 772
468 623
886 825
569 936
778 770
279 379
793 621
355 60
938 832
517 87
831 594
131 839
593 912
911 474
234 962
397 99
1 171
895 231
522 660
425 64
548 801
452 437
705 538
319 704
777 76
529 518
127 390
353 83
194 644
479 396
606 624
984 538
313 724
53 414
350 281
460 519
269 698
318 709
929 42
863 770
152 954
554 236
975 980
114 45
708 731
962 731
538 192
238 56
424 247
392 922
50 263
756 372
167 670
332 140
25 411
140 203
368 970
679 960
639 292
696 589
677 908
26 960
198 955
337 716
472 28
15 822
790 25
496 592
112 356
446 57
585 111
821 930
464 797
128 555
456 822
266 148
72 535
638 76
587 431
40 158
352 492
250 551
627 636
760 57
299 228
644 292
506 637
875 15
640 217
205 531
184 131
225 113
682 156
647 286
927 23
252 350
104 214
505 231
712 506
149 881
845 199
615 341
435 957
620 843
713 464
111 578
409 137
859 468
836 788
403 143
444 944
724 605
89 890
109 165
13 666
237 568
664 411
45 572
668 447
90 397
529 970
989 919
291 810
858 877
695 766
388 605
202 747
48 426
730 128
421 945
242 44
194 748
227 602
680 626
942 756
636 373
10 293
159 34
908 582
694 213
42 722
489 130
367 577
136 333
323 329
497 571
384 560
420 55
94 412
432 750
871 523
90 259
668 307
301 428
614 267
997 82
941 368
571 285
437 49
76 390
164 116
162 900
654 831
905 856
633 191
987 392
857 468
485 143
573 331
632 243
16 739
825 78
745 409
33 967
699 964
381 558
174 953
631 147
316 976
731 911
973 333
571 641
187 864
652 194
231 733
111 633
498 637
688 393
605 811
466 854
889 40
882 380
184 976
824 248
186 635
553 124
81 957
727 663
846 398
711 355
609 794
74 846
293 337
869 9
849 976
9 36
704 679
131 664
658 722
525 939
769 912
987 656
197 583
999 972
664 237
270 42
339 56
425 40
247 736
877 152
149 960
955 272
631 328
440 762
244 278
110 365
944 568
794 354
409 843
388 527
843 320
746 456
501 705
477 41
146 497
466 533
610 313
834 154
862 804
554 875
991 52
868 365
935 306
860 906
694 738
557 681
207 500
882 107
792 525
580 288
926 220
882 768
614 541
789 43
533 521
8 274
186 4
910 115
262 918
451 304
611 595
874 657
722 331
86 445
51 594
385 541
417 993
344 554
971 443
292 98
749 457
858 279
141 959
84 511
542 316
735 533
248 254
939 319
742 68
350 254
678 194
977 273
573 992
97 530
977 339
799 919
461 107
409 98
144 148
767 26
686 317
678 816
485 763
744 875
570 327
251 876
194 756
630 826
729 90
263 624
358 862
575 642
77 536
475 900
980 219
893 411
182 552
282 273
907 779
738 765
422 341
27 465
813 224
822 603
253 494
400 564
444 731
123 468
589 174
162 172
823 92
824 282
814 981
546 65
841 181
184 254
962 908
504 748
905 383
331 793
578 405
287 455
458 858
771 948
93 983
190 730
107 280
200 959
335 141
350 910
807 441
667 573
119 494
346 605
550 191
701 437
238 917
913 767
192 131
927 690
814 466
309 670
672 222
339 195
344 430
175 418
997 736
497 530
604 962
943 813
954 130
434 768
811 536
24 126
383 191
720 230
551 415
697 401
676 766
675 301
689 218
532 308
108 840
292 621
601 185
665 874
999 384
884 745
385 485
499 196
269 141
517 633
641 527
969 826
17 408
895 85
314 472
453 245
131 443
51 695
566 170
351 862
604 367
218 488
678 204
490 279
421 149
206 809
770 585
181 377
78 965
495 443
156 873
106 763
818 33
918 783
908 493
274 81
369 953
341 238
780 134
461 753
644 791
476 536
700 381
989 494
684 596
148 768
934 435
395 344
2 464
70 973
98 82
704 313
822 909
51 450
794 625
237 169
243 556
109 870
910 403
562 154
129 613
436 435
16 792
561 844
73 66
482 242
888 801
723 520
852 115
942 540
432 472
321 791
995 594
963 897
368 108
27 476
639 248
945 524
906 23
891 581
569 542
706 661
623 275
410 653
738 564
53 36
879 656
369 436
259 251
701 51
147 431
304 580
805 734
354 955
301 577
809 429
129 532
374 941
549 31
45 296
976 230
561 874
869 186
581 207
275 503
572 395
214 476
242 906
963 782
16 481
616 124
508 739
890 604
390 373
404 365
813 354
639 171
888 975
28 999
846 464
364 804
70 170
929 467
559 839
874 272
626 45
859 858
907 991
618 391
363 50
507 670
673 433
437 163
988 722
539 934
699 655
765 116
821 846
284 813
233 233
345 724
120 919
142 915
542 73
67 548
652 758
331 392
713 559
196 92
236 867
163 583
612 445
174 806
776 425
104 137
447 723
1000 259
858 679
234 845
605 482
300 75
618 312
499 333
773 203
180 672
833 339
563 155
969 713
695 882
184 786
963 999
858 474
231 148
768 214
830 466
392 449
78 885
203 232
578 805
814 606
979 806
329 177
267 153
259 43
520 881
523 529
200 39
425 656
375 55
819 747
834 984
24 566
95 960
729 638
131 630
235 895
563 814
606 405
635 137
953 211
466 986
619 839
972 202
244 531
791 108
450 414
886 10
244 505
561 70
123 123
867 506
388 582
299 481
559 727
683 195
171 457
788 437
520 3
80 774
987 294
343 772
853 696
99 309
620 571
779 870
49 958
644 56
833 27
715 501
380 720
476 248
41 286
535 458
376 533
189 110
518 326
815 830
333 367
544 971
553 563
78 865
28 479
461 800
290 486
707 508
446 782
645 814
236 489
257 642
269 85
466 103
470 908
392 554
208 693
189 155
66 409
720 789
675 735
110 514
944 24
572 262
836 43
998 599
803 35
212 60
734 820
576 419
730 633
385 224
696 489
410 837
359 838
3 788
110 396
23 599
994 320
357 281
710 783
496 411
70 498
359 920
523 985
437 368
122 188
450 721
973 724
832 849
312 184
718 134
917 752
889 886
41 734
670 455
788 384
394 504
381 672
794 198
916 28
811 704
774 902
307 36
61 868
574 368
629 809
186 825
184 883
107 655
43 419
960 687
903 584
420 936
729 852
574 951
682 253
377 995
767 621
301 185
50 395
708 225
975 856
270 295
64 731
885 947
34 310
553 665
606 422
606 450
449 926
257 393
404 213
687 967
4 331
334 888
395 568
770 292
469 822
993 839
652 274
576 697
797 919
251 318
657 922
136 734
693 567
813 774
234 970
670 582
861 919
609 130
632 252
225 881
591 465
670 49
173 679
954 457
484 318
62 500
520 925
475 285
693 670
650 102
180 375
565 191
171 586
3 966
466 309
520 505
270 915
546 157
193 610
549 795
320 467
728 165
76 637
478 822
442 539
254 863
451 193
964 387
716 506
69 36
991 133
79 939
113 27
151 876
626 259
152 855
944 735
667 473
964 668
41 489
675 270
3 891
438 953
571 256
218 273
128 284
617 787
142 31
888 466
28 645
335 659
316 94
908 113
726 574
176 346
37 918
576 615
736 665
637 280
427 640
709 294
459 551
520 304
358 773
427 215
977 320
296 193
511 439
148 145
769 38
400 109
17 893
817 215
677 378
984 341
514 218
419 498
847 132
426 658
406 14
891 554
198 854
886 693
35 58
433 416
964 944
189 471
373 751
847 549
627 636
536 145
930 415
710 99
170 3
729 427
550 553
718 371
412 621
752 696
696 408
666 716
64 428
590 175
121 291
57 114
273 961
500 234
131 333
629 339
430 956
812 834
494 390
670 482
50 767
886 984
596 927
935 807
596 299
411 85
733 562
31 388
791 112
140 834
851 486
992 761
706 784
3 496
87 630
643 488
296 995
200 695
601 33
312 521
8 611
316 90
802 866
633 781
941 785
425 200
108 249
439 86
111 702
262 75
512 591
275 244
566 242
782 37
94 781
566 440
645 574
514 477
583 733
840 100
867 437
761 613
789 542
371 664
499 870
190 477
465 211
768 230
485 522
945 192
35 212
855 518
594 740
980 558
772 2
667 537
938 475
910 183
766 742
363 625
88 824
746 213
2 569
841 846
516 749
992 10
808 237
14 466
631 75
338 77
626 929
242 469
161 811
191 680
864 360
223 728
485 77
130 260
956 602
94 285
75 163
4 434
638 872
160 284
124 493
124 842
992 763
485 703
201 893
725 103
530 148
320 942
882 148
551 400
286 332
688 794
426 954
395 16
460 437
590 893
721 297
859 726
622 751
53 951
256 234
270 660
404 730
700 337
848 117
16 715
728 545
605 541
330 140
151 620
298 740
881 147
895 223
117 584
324 269
465 693
112 880
964 560
694 499
757 475
526 280
885 565
458 624
135 806
914 704
783 919
896 582
96 832
997 472
189 792
618 53
633 618
248 673
679 178
897 110
850 771
908 734
646 132
965 474
414 886
674 758
763 96
919 538
244 244
235 594
360 111
369 759
29 724
288 597
805 2
644 51
204 874
2 342
27 450
616 541
976 772
930 30
652 903
662 280
331 893
706 447
584 460
56 140
822 733
697 90
280 1000
447 706
850 590
209 736
597 453
235 179
287 272
251 137
481 637
181 529
687 989
912 255
35 879
847 115
83 21
33 698
207 557
626 76
76 73
664 596
715 872
526 196
538 107
852 982
930 528
853 699
879 243
399 496
92 120
7 180
716 162
266 292
226 288
5 264
810 234
359 587
741 544
930 790
265 587
325 333
263 554
100 40
651 447
478 548
816 840
439 896
353 966
420 137
217 617
537 774
172 857
334 812
988 439
565 651
149 866
422 847
952 731
524 808
492 825
110 890
968 77
879 870
379 336
965 583
389 424
773 142
315 607
998 199
638 644
946 234
68 863
16 74
54 713
132 33
345 202
670 98
981 289
503 230
473 152
567 240
133 422
106 49
30 915
774 300
797 735
606 587
632 155
370 920
584 558
221 901
546 873
30 725
182 948
879 960
451 191
753 291
289 601
614 974
341 989
126 228
409 952
699 734
273 61
196 208
791 697
222 331
127 390
142 929
756 276
912 717
913 252
715 160
401 67
323 797
744 981
670 982
760 736
511 916
517 796
15 467
417 10
278 395
433 570
878 88
957 963
745 211
596 535
22 568
190 596
112 182
968 860
319 378
396 486
29 412
134 579
945 887
328 705
888 381
687 892
391 818
803 8
178 92
43 416
57 394
23 322
157 538
772 273
751 104
940 282
978 862
139 151
116 22
987 983
969 434
921 92
152 997
485 115
300 160
278 568
420 758
948 799
643 455
716 916
912 481
328 812
832 210
612 338
431 232
66 683
67 393
543 298
561 139
492 253
429 301
789 77
167 956
517 674
185 287
953 69
42 708
656 213
613 889
746 811
475 491
662 629
621 858
306 646
51 523
342 444
743 141
737 745
458 925
139 412
479 970
41 149
387 337
333 468
84 226
524 586
486 897
54 990
343 686
456 929
788 741
581 2
978 375
513 340
542 111
509 675
37 958
558 211
437 576
798 593
826 357
898 567
978 153
290 980
537 836
131 234
278 994
608 351
556 331
677 116
26 244
51 9
84 669
784 103
535 338
739 884
145 794
12 491
70 987
338 601
148 452
251 577
816 137
336 305
239 50
501 75
671 732
846 21
162 654
989 193
890 62
533 718
183 970
378 573
