1000 1340
756 341
542 939
228 941
76 520
794 612
963 303
91 173
227 775
285 899
891 763
501 657
858 817
937 584
65 876
623 541
79 867
708 952
564 503
398 637
902 345
155 847
295 257
959 728
236 728
426 723
800 655
384 883
983 798
535 25
619 942
844 113
875 39
206 365
687 731
386 345
421 585
389 525
463 467
669 23
19 264
841 318
770 587
12 672
321 842
246 36
459 119
947 513
972 315
978 566
247 590
359 23
530 656
265 863
269 668
349 144
567 159
33 596
505 957
722 728
680 525
118 628
175 568
939 700
555 990
734 802
621 792
661 921
588 471
142 107
560 780
789 893
24 486
10 742
749 927
152 59
261 359
440 326
737 392
188 242
711 784
932 641
152 802
180 350
491 517
556 267
176 747
583 597
22 988
596 219
31 992
408 106
526 825
986 348
576 71
30 980
96 257
563 867
920 739
229 15
663 50
867 383
446 58
818 776
90 73
720 811
941 761
666 12
621 465
574 749
132 405
250 657
718 626
187 209
174 899
831 474
353 271
532 469
305 936
70 566
323 957
349 742
106 865
780 809
98 826
724 785
885 738
319 481
482 906
709 714
721 2
410 401
832 674
894 223
945 925
204 632
841 192
163 229
803 144
736 130
323 249
786 888
484 631
405 204
954 177
808 110
89 217
222 403
108 917
569 660
886 865
266 413
205 443
819 831
298 246
301 22
994 959
722 403
208 131
796 915
576 799
292 294
910 494
732 393
829 975
229 348
49 213
514 501
133 45
267 588
301 3
259 645
398 645
259 481
929 6
533 92
124 813
321 465
416 884
571 193
908 33
443 888
408 920
36 257
987 926
493 340
878 664
739 711
599 674
77 106
735 425
583 922
628 994
407 958
968 288
531 301
416 330
450 143
510 794
886 911
791 943
752 832
245 828
884 964
694 183
280 310
451 731
730 722
162 926
863 440
789 771
933 332
913 138
602 977
240 891
906 313
119 223
285 375
272 215
190 709
354 362
413 606
716 308
22 109
885 705
288 380
159 110
335 31
199 985
907 790
255 436
111 54
917 278
674 257
753 865
905 385
987 965
427 801
130 668
148 140
46 140
627 988
415 792
675 924
859 407
654 783
228 996
317 887
480 980
281 438
351 139
766 969
297 975
530 415
390 451
699 782
507 718
750 535
251 10
505 877
460 397
241 906
302 531
485 523
896 818
729 159
123 580
892 347
676 649
387 168
718 530
403 52
430 567
827 277
613 882
967 745
18 514
471 193
21 697
485 962
693 158
195 330
107 676
123 697
629 537
29 621
700 640
132 572
262 551
865 391
621 858
327 785
37 454
5 188
674 391
255 100
16 610
645 858
505 644
643 578
931 185
232 893
775 637
295 264
531 103
768 363
913 105
384 563
382 858
84 201
668 180
786 265
520 246
569 932
652 674
765 6
78 664
900 688
72 802
611 399
238 46
33 947
643 127
626 369
36 116
221 498
683 960
887 738
645 736
582 585
325 544
583 982
831 902
393 551
469 837
312 209
758 396
178 62
450 493
293 922
575 806
263 294
591 923
781 198
992 898
773 682
314 997
859 600
669 908
312 760
448 8
478 63
75 353
214 325
526 482
562 935
959 751
867 589
169 574
44 965
287 99
117 822
365 138
585 222
480 985
408 181
888 827
30 208
781 382
906 935
416 966
248 711
141 928
799 544
784 696
404 663
396 147
501 54
45 853
23 368
144 781
865 53
718 404
671 20
541 922
87 924
734 745
359 753
808 576
37 534
388 937
5 829
559 331
632 824
315 744
39 532
493 136
164 905
529 557
321 171
402 597
662 244
130 916
751 640
992 223
756 975
333 961
896 478
902 81
435 670
77 819
664 84
464 515
583 279
64 397
764 70
572 768
534 775
852 197
337 953
478 165
645 459
427 929
964 834
283 943
144 215
149 852
826 759
16 701
100 729
846 252
97 252
219 913
167 974
458 670
644 342
496 58
78 683
983 416
977 90
461 133
774 660
442 421
678 749
557 390
802 895
440 651
87 957
544 386
994 832
726 383
824 573
376 927
73 765
424 278
360 980
484 865
517 107
165 661
59 583
552 806
314 551
632 560
150 281
841 394
14 485
823 990
958 945
605 195
45 659
615 491
208 866
912 949
517 150
780 908
553 995
32 534
811 899
325 381
518 225
136 698
611 574
469 821
900 607
248 182
730 517
466 648
769 588
458 352
351 164
553 2
864 67
117 804
61 1
519 482
352 779
101 112
561 129
824 451
324 993
911 753
561 345
755 675
347 904
809 498
618 150
59 32
873 615
351 795
456 524
878 205
387 913
486 678
881 536
257 80
5 717
764 162
209 505
897 103
222 128
917 340
334 538
546 29
619 389
127 792
404 393
619 920
279 235
581 899
737 195
831 629
800 462
438 995
986 860
532 753
803 795
719 253
555 338
767 769
446 47
243 652
714 498
413 562
404 175
217 784
939 560
58 313
684 689
734 699
780 306
725 251
89 865
133 589
970 261
409 44
906 172
61 240
841 918
412 187
275 679
795 435
39 553
715 692
505 200
474 819
912 36
515 299
400 610
737 332
754 539
432 727
79 372
685 195
953 253
824 356
459 794
489 206
419 941
233 238
7 537
820 770
469 265
270 940
361 591
330 586
395 349
948 857
710 120
161 958
339 711
162 251
844 480
829 664
289 644
516 568
374 7
819 24
931 929
78 163
51 311
769 848
397 826
750 34
358 710
571 879
997 693
1 722
638 234
422 202
192 207
732 728
55 71
544 933
514 244
211 218
438 274
445 309
889 762
21 211
232 136
962 80
809 198
541 809
450 455
124 242
672 180
809 648
289 875
297 737
563 602
270 375
402 976
678 338
342 189
49 26
466 454
574 240
391 290
319 382
495 367
992 602
730 741
532 432
444 217
608 677
949 732
126 380
783 458
92 541
156 284
34 513
982 502
696 960
197 177
973 819
349 962
489 642
509 521
652 342
112 140
364 936
424 713
572 193
766 455
591 192
203 22
241 991
59 330
166 758
325 956
569 463
948 529
999 984
569 809
809 796
646 865
478 602
524 626
518 764
990 327
408 34
684 763
805 373
721 865
618 252
590 698
154 570
189 827
610 518
238 956
460 793
181 618
188 276
242 989
38 327
631 299
966 91
302 195
502 833
649 899
332 265
848 939
641 588
967 904
851 762
380 498
187 293
237 941
224 748
200 620
891 433
722 17
433 596
297 991
284 421
26 889
970 669
603 303
652 998
978 656
201 311
828 491
264 161
991 973
585 684
113 6
285 595
6 83
649 843
46 478
8 265
12 217
86 521
72 911
461 911
918 428
244 978
325 959
515 300
321 455
96 339
378 267
197 755
915 73
439 378
723 624
465 395
47 5
551 516
70 914
796 783
84 306
52 845
655 823
538 582
821 173
955 802
253 372
650 811
545 841
466 321
138 381
615 965
220 765
45 182
581 632
695 151
643 556
114 879
675 338
103 879
202 214
276 64
968 184
308 698
136 973
26 558
650 726
186 686
577 615
169 127
518 402
832 478
747 306
244 960
512 336
513 560
897 514
714 293
605 367
787 489
257 28
920 67
196 762
299 894
817 557
225 80
751 438
950 468
260 146
844 592
854 298
296 632
833 737
342 481
380 33
631 206
315 662
434 927
566 273
537 461
873 262
95 296
298 742
969 945
63 654
914 640
165 798
381 487
193 820
190 540
435 518
337 491
430 307
426 90
970 803
948 988
946 122
715 967
127 465
873 709
954 357
220 343
198 166
230 949
380 490
204 7
420 407
64 279
507 172
272 269
263 857
812 450
797 322
43 405
876 80
63 529
544 928
716 397
111 514
405 882
751 427
959 505
238 3
869 755
113 640
298 127
134 297
746 295
569 284
625 307
491 665
586 964
54 21
489 682
194 168
209 639
860 543
920 378
114 618
830 461
416 695
890 744
245 190
125 387
567 762
996 463
747 934
42 814
470 206
244 335
703 218
227 371
98 175
14 923
350 237
237 351
336 650
967 640
414 149
653 591
653 356
684 644
204 863
479 760
550 130
123 731
212 759
114 215
185 594
568 458
236 235
657 936
233 879
225 791
824 632
442 346
909 96
98 743
358 986
522 217
737 65
632 534
571 791
678 129
329 976
33 489
107 532
482 553
940 544
992 94
164 525
653 876
806 616
853 849
666 273
426 521
756 428
474 520
755 155
623 635
379 665
918 895
251 968
745 8
488 572
997 476
265 318
860 478
560 283
293 619
687 755
775 544
833 930
385 762
148 401
389 820
766 942
801 557
29 328
213 279
165 172
975 57
126 347
570 230
44 697
618 180
893 544
985 430
142 395
998 611
615 259
729 812
74 518
160 234
608 330
574 565
940 367
694 414
662 954
652 38
481 371
308 597
181 968
897 540
214 367
376 835
779 616
106 356
600 697
38 174
100 984
348 219
132 396
235 450
582 925
92 517
263 247
612 516
462 492
702 289
110 599
903 146
960 33
424 435
270 719
888 889
889 642
639 199
389 534
724 341
944 739
48 52
926 343
457 131
776 83
768 381
32 793
739 297
302 669
580 57
62 121
480 227
120 14
216 819
143 722
379 479
523 253
499 457
575 651
43 921
963 325
272 233
42 240
405 247
365 476
837 670
879 678
69 717
48 814
950 638
674 658
304 369
815 601
234 86
712 745
291 7
247 738
700 348
287 313
908 924
206 62
307 379
202 214
999 190
617 97
746 721
375 421
961 865
100 297
830 323
195 107
560 219
797 707
62 198
476 669
272 816
888 715
710 710
709 537
166 942
907 791
434 898
637 43
752 241
259 812
320 854
392 712
666 903
188 247
413 735
27 77
705 996
276 332
606 697
402 584
115 918
103 25
96 403
172 588
812 185
587 67
711 105
293 880
585 778
172 646
802 911
50 952
616 783
936 896
652 580
769 170
741 268
92 622
243 19
637 281
37 607
300 468
580 683
956 20
261 516
478 400
867 399
868 263
371 593
590 559
735 229
960 511
12 930
930 934
83 347
31 65
339 517
342 801
589 140
812 323
151 606
912 854
930 390
958 136
804 34
389 138
495 702
801 847
960 143
73 641
873 953
250 372
431 242
874 657
588 132
982 493
990 591
316 199
463 996
890 469
435 163
717 503
437 374
387 379
530 500
330 136
748 983
302 139
840 134
55 597
688 716
592 434
563 143
25 3
568 298
142 893
494 467
599 576
551 29
390 626
513 888
460 353
156 676
507 388
198 218
13 355
858 19
500 74
540 662
272 419
39 206
565 224
479 202
441 61
391 836
290 892
77 219
207 966
73 121
586 153
434 292
428 597
168 945
489 686
323 125
400 725
547 946
604 327
389 73
326 556
605 562
328 265
430 493
475 319
707 132
490 33
530 718
757 938
196 750
831 821
335 803
713 907
836 958
437 201
305 294
371 479
863 575
695 330
973 102
473 378
731 47
915 261
928 616
23 106
525 883
943 7
648 872
331 844
306 160
190 718
921 731
505 733
95 371
495 462
65 527
335 937
696 953
726 668
67 784
234 790
260 303
584 789
863 700
774 937
406 290
154 470
751 495
345 198
100 423
265 277
10 991
807 571
347 626
234 822
52 584
910 925
71 658
50 118
898 576
443 456
223 499
566 794
178 395
114 42
270 170
211 751
632 294
97 936
674 739
815 771
570 399
236 975
840 485
965 306
803 370
377 659
725 563
556 657
402 213
332 170
46 148
999 653
580 373
35 265
335 91
949 195
877 485
51 788
670 526
394 385
634 597
864 497
488 427
746 979
480 687
328 277
666 29
276 710
5 330
671 837
857 914
444 423
549 163
251 677
74 247
583 355
493 38
865 403
841 521
139 536
139 248
61 827
36 437
563 34
99 639
364 148
8 968
45 6
298 472
725 601
242 951
622 873
78 542
778 831
583 447
276 945
347 841
643 693
147 805
538 433
998 667
579 886
85 846
47 608
805 700
31 472
768 831
983 370
196 398
85 303
498 877
983 484
80 464
402 666
32 884
731 836
703 311
74 972
63 27
18 645
765 751
643 258
275 718
32 990
391 925
