1000 2680
938 763
407 731
241 731
174 946
113 845
647 580
671 300
762 974
116 174
370 710
965 996
566 978
236 958
106 738
764 869
315 386
320 360
975 186
461 143
819 133
883 763
58 685
552 20
725 437
925 649
782 398
927 220
947 283
831 603
545 780
75 280
343 815
35 122
271 258
892 602
664 723
520 903
750 96
956 842
929 39
9 851
618 264
780 674
945 581
559 150
537 881
661 194
482 742
953 363
63 533
88 491
886 994
722 793
531 190
789 983
748 700
514 355
742 348
430 702
695 10
739 904
66 111
476 658
742 343
284 930
119 618
16 723
828 828
728 858
479 198
898 882
888 914
335 433
178 186
948 697
853 849
723 504
146 48
703 968
354 939
19 56
824 938
988 953
842 257
106 233
844 576
764 907
828 971
849 670
607 258
607 90
931 347
375 822
835 771
567 532
343 449
967 555
401 187
429 564
472 463
897 934
161 444
809 91
201 406
958 992
28 709
285 937
450 46
496 2
68 729
627 351
99 897
367 677
570 759
849 863
791 264
340 194
990 18
179 65
694 947
32 729
505 898
408 566
416 924
549 693
165 16
746 792
640 491
523 837
947 614
162 311
70 883
587 284
459 811
169 501
659 931
982 249
855 465
71 882
503 612
230 590
407 122
903 415
717 144
675 204
349 934
264 158
173 856
150 643
593 558
675 375
88 492
217 14
157 907
819 467
935 14
835 781
649 374
407 668
2 895
231 512
911 81
585 443
268 839
590 810
247 723
442 687
773 648
647 930
139 903
170 395
950 491
733 410
499 101
908 576
504 360
976 971
953 486
711 262
484 529
393 190
941 795
821 910
611 503
130 380
145 437
38 482
174 570
115 950
469 37
317 626
750 691
781 132
595 917
233 143
604 989
25 969
747 540
524 659
201 23
625 12
831 165
15 198
54 187
741 856
408 776
978 314
260 865
446 268
934 182
431 823
188 443
678 26
410 872
607 966
263 746
404 947
606 960
155 625
6 670
163 96
259 965
851 560
722 377
132 833
945 970
938 797
44 876
214 273
745 767
151 440
342 655
76 440
581 108
500 426
487 284
486 494
182 204
425 301
745 755
821 477
60 968
984 249
869 734
907 718
376 911
11 968
316 302
688 619
660 979
600 777
343 59
893 635
577 694
243 408
344 935
187 439
999 152
547 67
158 115
748 418
416 506
619 318
891 240
576 724
148 589
914 967
921 549
280 437
116 186
953 961
639 974
414 296
795 26
11 372
247 378
977 836
135 279
431 786
482 107
772 651
556 336
247 955
506 426
480 982
448 136
132 112
526 735
804 846
391 687
134 11
241 516
811 316
455 614
511 572
570 713
485 545
876 918
145 373
955 784
875 686
652 360
474 230
910 690
263 683
467 822
550 976
450 32
801 835
143 87
116 77
298 138
410 149
556 350
254 997
13 793
91 67
313 835
301 474
598 311
782 262
879 343
418 884
396 773
363 39
600 955
725 420
98 388
411 319
932 352
457 492
47 596
15 895
933 584
949 692
726 575
521 776
948 850
842 357
318 662
841 834
113 697
883 265
786 793
728 784
397 909
375 401
345 738
664 929
306 911
776 876
790 57
145 863
176 1000
511 101
585 40
380 436
609 825
676 813
858 120
74 39
14 900
410 140
20 233
380 746
847 768
792 515
375 973
500 117
510 680
592 195
43 829
434 843
659 428
138 566
843 905
392 84
775 853
264 869
823 635
877 296
604 844
524 48
727 147
700 586
275 770
405 792
566 948
957 153
268 512
140 582
28 845
906 135
97 64
292 132
290 719
451 101
370 834
620 915
672 748
881 84
505 398
846 723
169 117
893 149
902 191
298 901
389 138
656 608
386 662
539 650
949 253
572 112
528 938
256 524
786 215
905 61
718 677
539 819
781 712
552 591
8 865
269 417
343 506
579 192
828 837
583 726
305 510
282 745
78 348
601 692
715 916
462 675
21 854
621 667
936 958
960 511
626 988
28 644
848 269
770 990
551 527
463 209
636 841
708 313
908 681
950 346
965 964
279 897
11 89
467 256
700 894
60 430
940 770
695 885
186 137
437 946
969 580
163 505
920 38
314 127
419 368
287 878
775 205
116 812
706 327
461 628
872 720
100 59
719 418
118 836
420 16
716 285
724 34
283 624
733 693
876 715
529 81
773 264
858 329
101 630
448 926
436 230
805 333
929 118
666 100
186 874
559 977
888 46
383 923
992 949
385 463
155 733
528 508
550 617
132 815
603 318
72 352
119 254
161 819
426 368
909 145
866 845
586 492
496 597
346 446
481 16
278 218
758 38
248 506
988 248
719 440
373 204
335 996
742 140
702 20
863 559
993 71
326 591
37 50
956 722
726 195
854 794
611 329
269 781
767 849
726 925
794 506
395 640
319 75
601 993
196 79
24 997
68 312
262 944
296 345
212 854
609 867
215 594
960 761
872 186
423 740
989 752
358 335
798 219
78 251
728 644
129 909
846 730
496 523
179 302
155 163
993 719
677 653
765 656
422 571
736 421
991 448
952 658
721 462
205 348
63 886
380 933
87 309
999 164
148 745
907 307
527 408
817 55
146 633
839 996
299 480
492 143
112 526
630 841
869 136
336 891
767 291
124 68
348 702
573 653
161 713
185 622
299 518
607 598
462 767
821 270
857 615
332 958
848 103
786 736
449 571
383 888
560 395
424 730
907 571
264 532
397 131
146 271
911 655
136 666
379 743
351 463
544 329
264 180
937 322
241 964
157 81
602 148
952 685
265 86
345 665
86 705
986 551
983 518
924 602
470 965
472 834
750 286
318 796
273 705
322 184
93 583
786 249
482 726
217 736
14 984
64 610
65 820
656 333
513 828
632 647
735 574
925 911
857 740
469 994
230 35
155 39
741 775
479 276
14 742
571 327
511 841
991 93
176 446
69 566
255 592
869 559
646 165
963 831
360 159
172 490
839 892
429 209
233 735
84 248
430 236
828 87
652 751
478 866
339 102
851 169
906 298
363 848
928 371
344 384
963 385
123 764
957 123
511 685
673 20
89 239
787 561
990 786
637 516
685 841
883 532
745 86
904 483
944 436
126 446
942 372
211 417
355 305
686 105
473 228
510 591
735 584
883 484
992 903
907 255
53 611
79 401
711 630
939 426
78 107
737 384
213 162
727 631
219 624
340 236
259 516
7 713
485 556
776 157
291 22
941 449
253 991
487 507
757 783
330 967
236 731
416 385
307 738
767 532
355 689
262 118
222 63
756 241
859 529
450 924
621 599
931 456
165 909
899 284
916 955
749 338
474 902
524 879
890 533
851 239
979 76
661 46
888 76
382 368
1 313
783 546
40 203
246 326
917 782
940 628
563 946
509 171
440 523
499 572
425 569
620 632
867 882
783 644
971 68
587 964
184 331
89 102
75 65
69 459
790 264
440 337
778 642
745 131
999 290
39 799
712 760
433 847
116 601
278 449
903 477
733 175
726 344
487 120
271 65
464 365
655 965
577 221
473 725
137 801
110 348
327 120
432 434
586 61
245 188
738 588
650 753
220 512
926 470
945 656
882 723
191 190
736 964
607 207
297 554
981 477
893 295
300 136
951 869
863 72
631 792
633 949
518 703
78 808
565 303
967 375
22 936
338 29
881 558
568 615
137 81
342 664
645 517
468 230
87 147
865 434
144 990
453 580
442 335
581 517
957 82
90 820
770 495
194 858
659 434
750 173
777 578
139 545
660 950
265 146
576 851
559 347
346 31
421 682
806 554
880 889
204 688
321 503
855 8
582 517
837 967
272 306
722 174
516 424
620 992
514 748
216 485
625 361
788 626
193 750
99 487
631 571
644 543
196 272
355 499
887 959
575 952
854 349
722 68
9 45
45 181
816 260
241 394
975 350
814 480
489 544
72 566
530 44
197 961
380 232
696 369
483 775
817 658
561 686
363 516
819 904
101 196
81 483
34 137
746 641
449 807
86 344
381 207
498 554
773 101
520 718
13 57
396 549
692 959
480 758
108 415
8 274
990 869
975 512
155 690
649 786
955 897
151 87
650 531
118 847
6 476
648 818
915 979
489 745
495 694
635 907
46 732
114 914
823 897
881 171
981 141
356 122
230 397
28 595
960 937
478 906
887 412
172 204
456 584
26 300
130 431
354 63
736 50
737 304
856 182
775 949
934 939
515 96
146 331
5 319
333 201
803 644
737 47
412 749
590 350
136 637
925 866
230 409
409 436
211 221
793 934
98 149
120 362
799 172
13 724
139 232
468 203
507 315
178 180
561 660
684 103
577 420
465 680
653 42
732 31
650 943
531 569
33 627
115 572
487 718
609 479
477 663
874 584
272 137
316 116
58 121
795 482
855 946
309 400
577 393
254 773
29 40
61 69
36 519
677 593
803 703
141 844
547 589
288 215
81 757
326 437
303 484
281 120
298 333
185 978
642 494
497 261
141 976
439 844
83 42
176 87
43 45
33 947
133 129
959 984
743 696
56 833
801 262
168 999
248 127
190 511
982 921
980 887
176 77
802 621
831 514
739 952
320 802
406 109
460 100
190 123
521 832
3 175
686 750
863 705
827 575
706 709
887 946
799 972
312 745
4 976
919 145
134 907
905 670
419 600
983 540
574 825
886 135
470 656
24 604
767 149
106 6
527 230
972 738
490 746
252 155
951 150
571 327
913 88
382 719
808 367
222 155
445 976
649 420
545 570
719 873
286 948
709 10
292 129
685 216
110 123
324 323
619 125
787 122
253 616
767 815
973 287
546 864
661 587
63 832
868 919
849 579
566 884
549 261
338 111
515 244
138 374
945 170
942 359
232 348
809 650
573 381
298 745
897 772
581 471
826 345
408 654
224 748
382 591
176 503
887 183
869 247
422 596
210 478
722 900
33 596
37 950
327 993
936 590
621 597
813 477
433 801
812 1000
131 555
487 628
272 974
293 976
435 983
835 540
199 457
374 362
886 250
706 532
749 468
606 701
941 901
350 454
100 175
728 371
906 121
247 780
837 940
731 373
661 678
583 190
80 371
786 67
199 511
255 468
719 541
933 303
338 363
239 33
179 819
500 425
717 588
648 566
901 520
714 795
828 163
572 178
302 298
22 438
917 481
924 799
422 700
75 330
266 119
392 639
375 414
433 185
621 294
593 209
626 610
352 188
958 271
89 824
384 944
27 731
695 330
17 668
281 193
538 40
879 930
513 222
423 279
38 660
785 838
331 16
651 594
471 199
813 457
839 729
822 932
776 667
453 74
374 876
240 981
241 256
128 459
35 592
771 622
283 656
457 397
164 768
792 697
662 492
577 449
148 644
80 366
853 396
527 271
116 789
371 790
184 410
894 874
988 644
588 547
616 199
998 361
550 243
202 982
326 235
216 263
746 201
822 110
907 480
102 427
674 553
731 455
520 743
280 207
838 435
336 303
246 200
671 236
664 792
583 905
278 621
372 675
745 481
113 741
1000 751
433 61
816 95
687 381
463 830
933 291
49 123
921 297
59 492
884 229
59 863
393 178
485 25
20 542
775 34
776 530
870 799
544 701
495 343
23 105
847 71
552 53
179 822
487 169
186 305
221 653
261 896
768 714
854 463
464 279
750 206
996 525
197 90
811 124
630 786
43 396
472 714
742 717
254 795
648 447
624 601
674 66
664 428
674 968
534 896
769 678
541 877
123 239
747 7
979 537
821 662
588 69
672 576
721 435
433 859
590 492
206 987
772 534
819 146
561 796
191 274
542 499
540 365
439 175
458 310
998 620
980 750
225 269
849 999
608 968
156 508
496 359
757 632
18 528
255 114
476 327
744 143
719 23
771 328
543 397
345 848
831 141
755 303
682 18
538 74
515 58
504 888
510 840
756 630
332 889
210 588
67 543
65 262
692 41
883 941
99 401
440 667
771 724
267 858
407 222
355 790
690 203
44 646
336 895
948 215
35 135
822 441
63 526
90 568
94 937
915 620
420 387
431 641
772 674
563 480
393 368
21 524
694 179
952 302
127 157
283 970
173 172
178 304
775 299
268 612
19 8
251 869
57 724
999 650
376 414
363 328
887 648
919 389
190 584
332 793
346 961
163 800
612 184
887 361
987 615
102 610
709 21
723 577
618 115
47 364
762 248
740 90
225 559
649 392
442 124
849 310
681 555
99 391
528 377
83 140
491 728
272 626
308 479
44 943
359 304
719 977
815 673
261 855
744 268
139 86
162 62
206 29
181 91
652 849
487 681
8 130
55 440
34 740
390 225
133 175
673 332
456 528
248 824
222 294
154 487
637 677
847 479
795 662
332 906
60 805
43 6
405 578
344 238
741 505
469 32
70 178
471 790
713 697
934 485
559 103
961 712
880 287
832 701
432 546
824 311
341 364
251 675
643 68
853 499
432 752
848 494
648 279
145 885
409 245
992 256
608 370
132 967
859 563
621 50
77 336
760 466
246 388
687 205
216 57
446 46
747 633
535 282
449 446
543 76
243 690
887 130
322 464
780 173
159 633
703 469
187 856
405 67
823 327
336 118
286 471
332 407
54 436
819 316
259 687
146 912
948 418
113 993
980 55
415 417
834 146
740 814
601 842
934 939
817 124
580 828
4 56
574 926
186 290
723 36
733 554
568 355
270 757
176 999
750 433
407 36
222 493
430 510
472 239
314 241
299 964
189 194
699 187
844 707
758 242
343 403
208 504
932 20
328 849
467 60
529 886
659 308
298 122
252 308
934 94
332 5
397 261
498 973
817 201
822 935
842 972
87 984
835 720
3 827
42 720
203 966
388 196
612 827
814 657
959 1000
653 695
713 7
79 593
660 511
528 432
532 665
230 985
595 571
749 130
246 873
837 457
710 15
359 245
104 720
683 811
605 674
420 234
603 776
242 871
410 119
887 538
599 897
539 727
60 461
753 31
758 404
63 124
134 686
154 552
177 979
247 455
256 659
131 896
9 839
837 536
620 589
630 494
414 855
568 632
641 652
532 85
770 262
450 314
210 651
541 525
14 845
972 293
871 18
147 519
59 644
712 338
106 385
6 877
849 796
429 315
923 970
72 374
275 199
821 617
963 231
113 293
528 661
194 917
403 135
43 618
793 111
187 727
612 436
198 917
401 871
314 729
992 199
356 777
751 469
481 611
343 200
501 951
877 699
255 575
379 874
987 934
188 833
631 774
691 293
894 24
21 176
968 345
162 881
720 471
200 122
853 568
232 624
593 675
319 327
501 108
150 428
627 613
859 913
339 568
470 316
654 486
181 631
438 147
632 762
684 311
725 389
209 806
845 743
878 441
373 402
963 243
479 99
4 541
326 943
999 635
453 361
223 437
521 757
476 543
98 697
649 49
630 182
701 759
631 699
82 209
992 42
961 709
499 530
268 328
30 523
515 105
969 45
400 39
233 721
131 933
609 806
46 413
924 606
561 858
532 462
407 660
310 569
952 568
748 302
406 38
801 166
192 369
129 719
913 682
270 891
513 366
676 809
403 883
606 379
606 263
830 431
997 617
673 495
975 478
585 8
271 469
537 910
772 324
76 983
426 681
959 996
944 657
171 179
265 652
908 279
299 975
812 878
674 841
768 546
366 686
170 985
816 695
30 886
321 760
661 101
348 369
748 626
255 278
22 427
78 727
990 921
664 360
518 796
960 66
492 780
813 32
431 424
778 251
750 827
191 735
177 658
678 844
326 47
383 61
525 457
36 732
989 786
870 380
973 936
14 758
491 268
44 461
337 6
468 26
987 103
132 480
722 733
632 193
476 994
46 695
25 238
218 980
632 777
387 235
992 450
132 748
743 962
388 44
927 785
207 530
756 520
570 428
879 630
970 400
30 116
78 803
761 688
745 413
135 62
985 123
887 98
451 564
719 47
908 501
401 723
545 797
961 457
912 537
616 341
397 697
540 644
222 505
598 33
375 113
10 313
111 862
922 288
265 279
356 922
869 936
703 859
500 546
610 527
359 265
942 395
448 165
311 889
151 802
214 921
294 456
530 50
214 51
466 949
896 548
708 923
453 94
402 706
567 306
464 996
165 315
319 735
299 419
749 622
607 340
979 686
774 664
261 66
637 914
422 592
168 115
49 338
702 582
889 422
242 203
242 950
868 584
205 505
174 3
256 296
272 393
940 786
133 771
157 456
12 788
302 385
215 444
370 208
615 896
964 761
70 903
736 367
147 838
696 513
178 205
16 225
841 120
177 84
397 392
106 980
115 655
10 193
799 119
352 267
192 388
307 754
618 285
915 679
98 735
214 552
766 594
651 320
267 274
771 12
557 191
626 959
138 285
283 319
983 933
81 205
394 954
23 385
974 157
105 540
402 306
113 869
762 521
619 109
957 590
33 642
549 8
647 840
802 414
112 811
199 373
895 862
603 235
831 255
154 200
84 168
266 288
912 120
838 850
967 752
558 812
299 799
469 772
432 623
474 784
329 845
264 343
273 812
221 654
875 683
319 5
267 898
58 119
59 57
683 421
271 930
993 276
617 226
118 210
318 316
786 141
998 461
304 372
984 353
704 292
276 829
747 172
967 763
722 721
98 185
960 403
828 258
171 374
459 931
663 682
15 479
579 580
616 188
409 323
922 204
226 867
64 181
112 669
351 385
979 861
494 535
309 851
620 704
134 723
698 531
488 597
477 161
443 829
190 985
611 940
473 53
829 621
601 860
870 897
170 446
652 460
942 603
466 933
577 180
241 794
581 976
465 122
543 529
444 809
672 573
292 479
412 821
480 97
302 977
35 663
379 505
549 628
842 821
864 186
851 71
924 459
901 356
739 329
957 855
749 70
382 718
822 165
204 251
3 367
312 868
705 415
767 691
958 207
971 262
886 712
856 120
55 350
464 359
941 170
992 132
807 158
617 6
896 332
487 95
151 432
637 589
735 249
872 330
832 284
416 501
68 457
66 287
707 620
1000 39
503 77
775 990
961 121
992 68
738 702
943 209
163 147
887 933
877 38
453 32
906 228
145 202
962 948
576 821
495 428
276 398
554 467
290 111
763 77
699 8
685 339
155 842
463 504
334 434
308 877
502 388
156 893
750 454
985 618
650 416
115 606
660 323
572 299
857 575
229 420
530 779
527 753
588 168
27 167
776 166
739 574
163 431
390 937
735 31
272 937
977 602
103 947
65 950
127 917
637 436
511 837
78 867
778 370
633 510
767 889
783 193
154 673
933 263
785 591
117 791
655 171
403 874
116 241
26 791
498 306
133 1000
706 368
869 330
702 445
585 929
900 685
258 521
225 647
91 46
155 488
887 613
38 815
722 329
265 698
319 663
934 848
513 458
845 670
874 496
809 146
431 450
441 611
297 368
465 199
365 299
391 690
869 210
742 550
598 381
830 181
304 413
354 105
113 994
832 925
154 963
781 802
664 178
831 563
708 597
865 25
316 471
18 311
80 804
782 126
357 872
163 19
533 729
342 885
797 137
900 847
702 253
521 676
814 560
316 549
820 825
873 525
134 600
93 70
822 765
774 633
49 858
337 819
631 676
322 402
62 653
983 300
503 909
861 344
63 421
90 698
808 610
625 220
901 632
849 584
817 468
510 183
865 617
687 733
197 708
142 42
331 832
667 850
68 915
818 606
502 7
704 697
464 106
161 636
721 886
205 107
505 770
647 798
693 847
629 481
800 483
547 916
949 706
360 611
462 168
902 743
704 272
14 75
660 320
362 463
640 115
778 209
12 789
248 136
678 563
251 759
46 704
536 944
794 913
796 534
595 707
155 473
911 999
613 526
629 364
387 893
428 549
214 625
148 471
801 860
642 589
298 208
433 516
917 582
540 719
121 955
485 156
680 118
601 452
315 412
226 607
541 324
308 870
795 556
216 823
786 306
715 901
737 323
744 190
570 303
426 203
966 531
243 755
982 158
841 520
554 300
123 792
486 214
728 221
728 216
368 790
372 66
689 436
376 472
731 702
336 674
60 109
315 756
806 424
572 119
796 490
730 814
520 79
264 802
80 50
726 815
724 658
558 245
274 129
87 447
571 60
998 807
899 750
944 640
140 140
346 707
28 490
713 59
602 876
154 369
645 846
499 240
437 789
472 378
720 628
863 337
759 912
284 151
382 540
406 343
223 6
424 713
439 608
993 330
448 672
292 513
78 752
89 404
746 958
186 249
674 437
23 229
847 179
147 744
685 65
572 655
822 926
438 297
448 572
17 811
34 978
975 660
835 440
927 625
715 358
365 754
72 533
247 427
403 148
17 204
48 188
978 290
122 709
837 4
788 415
929 462
553 34
858 689
213 238
965 105
457 587
32 750
763 843
616 884
371 43
168 67
992 166
209 623
217 834
588 201
269 96
770 52
611 384
229 841
258 123
204 915
587 663
747 988
114 567
280 230
672 81
799 803
732 582
367 134
229 509
307 304
10 544
699 348
682 421
80 594
524 766
707 200
889 506
334 116
405 106
457 283
233 484
751 622
700 820
246 672
965 550
419 89
523 509
404 966
261 207
68 198
26 959
322 566
451 970
970 558
300 770
698 378
143 486
214 651
1000 168
662 259
410 325
923 92
952 473
261 794
757 905
807 300
413 134
225 911
201 529
150 155
751 209
412 604
16 486
550 434
481 402
365 57
298 739
923 114
362 523
670 753
800 680
59 780
204 332
105 138
308 909
394 594
463 470
221 880
326 117
823 515
197 307
869 138
767 463
27 498
216 819
304 825
880 965
832 575
766 160
289 80
227 297
462 307
51 722
7 878
472 850
711 687
511 530
61 844
696 889
243 140
794 554
362 844
613 81
972 332
270 42
113 559
78 714
291 262
467 547
393 590
790 405
192 293
524 295
5 233
821 154
708 121
16 727
349 730
437 699
713 611
361 890
561 777
790 210
272 308
512 875
692 640
977 302
273 141
173 219
813 912
439 977
237 496
355 978
663 689
714 188
462 276
177 913
282 581
833 479
941 284
105 906
806 109
448 461
858 448
251 949
822 297
677 422
422 945
666 83
562 307
659 386
971 808
685 78
483 468
937 740
290 854
446 110
329 764
907 819
403 829
437 629
335 517
735 105
232 620
365 779
645 207
336 591
121 214
949 105
940 116
750 894
520 555
31 601
300 669
930 655
109 852
980 595
824 938
85 491
834 666
28 384
104 13
705 330
55 662
89 706
565 63
334 439
686 449
780 410
56 736
821 273
431 725
334 503
74 762
120 946
444 401
576 476
180 182
679 844
149 112
122 458
7 316
451 86
324 66
278 177
619 590
445 874
9 56
965 562
803 661
351 688
430 83
232 767
823 609
113 99
843 845
175 456
712 52
316 435
258 405
284 558
535 774
809 584
539 590
376 419
757 1
498 389
688 144
420 623
203 958
311 729
866 28
552 540
482 53
729 710
905 995
790 634
484 768
354 237
454 486
63 514
544 416
913 511
419 214
996 190
328 101
89 885
657 477
838 14
53 553
683 16
720 146
293 804
864 69
302 360
729 928
99 752
978 113
461 496
718 495
297 267
900 791
96 495
712 64
55 727
383 623
64 616
407 108
632 356
77 99
575 722
636 469
875 395
277 556
61 975
513 546
914 918
913 915
163 944
479 598
69 798
66 776
450 830
86 224
439 346
537 76
996 42
496 707
391 285
184 746
193 740
221 295
879 304
734 625
650 127
302 326
992 891
421 282
744 682
214 655
810 95
911 64
989 695
947 588
951 70
859 353
761 672
41 87
848 128
307 705
413 340
14 320
206 798
377 343
755 213
190 888
249 978
396 805
91 484
775 720
580 500
286 755
822 361
253 649
814 318
673 324
285 103
134 524
737 312
100 678
594 190
86 986
701 339
378 309
293 582
83 13
789 401
122 392
335 281
825 229
272 642
175 520
537 713
855 971
832 16
536 976
357 325
318 592
173 723
896 231
459 247
880 149
298 180
438 766
220 200
93 411
662 213
13 823
9 393
775 499
963 958
748 795
4 634
559 87
378 776
542 795
781 638
509 383
507 725
90 367
557 756
450 652
648 237
827 649
838 79
560 695
194 538
537 577
903 390
232 169
26 692
548 353
235 571
682 579
257 5
767 2
523 535
703 22
215 492
401 548
214 555
361 172
494 805
333 729
215 808
681 565
431 822
427 290
702 894
959 801
514 202
107 567
