1000 2680
66 607
857 105
303 804
645 638
269 731
598 620
466 29
573 891
31 924
388 951
714 774
371 362
797 870
327 599
372 739
734 657
907 496
788 786
894 218
760 540
880 877
543 36
740 104
537 977
839 12
599 450
916 40
947 517
422 224
592 289
778 602
382 93
66 975
352 382
683 440
213 805
535 415
626 823
709 129
286 355
52 603
52 87
123 834
917 524
308 969
475 189
164 959
391 236
61 214
709 958
869 766
283 889
837 159
429 253
114 659
324 464
374 417
66 216
776 755
359 966
544 385
464 741
356 156
802 263
583 652
75 224
724 570
770 833
919 79
130 966
964 123
395 25
694 703
657 685
922 523
867 379
953 1
925 280
602 680
742 205
309 674
171 30
489 790
994 108
550 687
184 811
404 970
948 84
91 116
657 628
129 370
592 236
879 400
132 655
100 595
84 46
592 694
100 839
826 689
4 186
467 405
695 27
97 713
894 379
677 632
75 535
429 481
350 447
627 950
748 400
468 469
498 819
369 402
22 732
745 947
791 963
485 315
816 70
747 199
737 365
69 556
558 53
135 903
566 230
3 75
733 149
432 39
258 331
183 381
114 483
493 437
83 808
669 968
250 5
643 941
966 771
209 39
74 391
54 452
967 296
41 616
559 421
579 208
531 118
603 48
655 702
39 461
585 80
337 588
749 463
40 25
955 516
563 305
39 627
34 273
729 86
149 340
411 345
722 280
758 764
275 305
501 21
158 13
831 667
747 727
657 52
74 461
162 535
266 730
406 547
99 108
292 271
989 367
592 407
743 736
753 750
465 922
164 134
802 541
167 449
450 434
407 724
929 144
450 887
519 402
30 358
66 495
136 659
347 961
398 121
464 886
758 842
180 434
452 731
843 307
160 147
343 324
150 87
965 923
268 361
480 658
159 828
885 689
702 314
358 754
621 126
744 396
524 906
780 738
734 35
265 345
347 1000
392 533
262 454
607 428
527 55
255 897
753 126
806 483
869 180
350 99
590 135
740 914
267 414
410 112
945 46
173 542
254 944
887 45
807 368
86 429
611 792
427 367
29 403
725 739
462 706
116 179
72 418
702 918
404 636
589 862
173 820
750 610
27 867
323 237
138 725
674 317
720 788
101 941
42 515
712 211
735 179
686 859
83 561
85 18
174 510
365 835
323 622
844 502
305 434
837 428
685 262
404 684
110 691
836 930
640 214
385 42
162 183
590 273
264 779
169 149
825 243
10 328
593 571
480 777
577 500
139 26
394 826
27 195
294 102
783 302
839 61
991 17
582 543
836 351
421 409
226 95
77 931
60 443
833 803
976 459
897 665
263 528
121 969
255 993
751 956
473 681
152 622
827 230
899 313
206 996
428 321
913 960
275 943
692 990
955 183
878 804
851 33
440 268
856 995
272 118
673 429
31 907
394 172
179 139
106 103
582 912
700 301
773 361
90 606
121 504
237 429
89 756
262 653
271 120
449 760
46 58
189 249
811 749
389 532
593 271
17 297
315 812
630 740
758 105
602 56
908 210
521 55
18 868
203 996
490 291
915 281
130 134
769 225
420 654
993 87
164 83
267 933
365 583
881 263
828 416
75 861
499 82
318 836
552 851
905 134
787 878
486 301
971 217
391 452
858 902
295 526
644 45
277 493
28 673
797 980
80 167
806 910
536 370
52 373
266 913
383 635
257 47
643 204
490 419
535 954
749 182
54 872
898 727
584 704
961 882
578 565
817 444
18 193
594 753
572 585
843 455
408 500
340 824
977 511
365 68
111 275
558 549
518 206
341 112
205 286
411 523
864 433
519 41
559 72
433 912
812 415
752 60
953 775
613 201
112 277
118 717
937 240
268 482
831 902
877 753
675 512
314 506
112 889
866 686
853 235
238 261
534 890
491 368
268 718
443 384
368 846
436 268
140 720
615 128
74 730
370 49
674 596
871 521
961 731
875 153
589 120
80 266
778 87
323 283
520 145
358 63
682 906
487 972
488 219
871 132
358 753
797 527
211 620
321 280
555 905
841 340
374 537
23 598
302 896
184 102
349 182
750 5
349 817
800 746
973 306
277 584
755 131
533 870
429 239
416 837
54 602
836 678
248 429
723 618
644 276
842 87
979 719
580 578
817 84
685 471
364 139
408 27
713 49
226 955
312 174
364 978
507 575
428 319
155 868
812 132
99 963
466 440
371 531
943 782
926 530
672 284
436 464
160 653
737 186
700 952
100 312
693 406
321 502
482 903
856 143
795 494
363 461
151 9
612 523
343 922
996 988
705 368
301 496
726 447
154 222
124 387
938 669
508 801
352 929
469 783
501 997
135 935
541 923
249 232
230 309
724 509
484 304
934 804
392 236
160 647
836 85
160 95
688 981
792 404
97 631
309 550
844 886
473 720
15 972
673 87
17 91
15 263
445 680
185 334
987 122
424 943
431 600
50 321
608 344
17 142
834 641
770 652
461 570
999 215
379 336
429 677
494 172
367 784
224 427
825 32
984 172
453 655
436 742
74 251
482 487
152 911
733 693
381 498
470 601
859 670
217 600
719 946
684 409
740 889
491 353
286 737
511 537
904 405
562 879
302 948
964 937
555 599
545 317
981 566
441 988
116 660
407 554
911 607
27 816
870 113
656 779
105 850
70 562
231 867
977 579
968 828
112 94
52 279
351 817
314 546
93 610
826 561
87 648
963 995
731 835
430 344
846 447
320 473
743 270
676 472
9 50
375 67
981 239
195 621
94 287
548 510
867 428
598 262
960 57
965 766
789 153
235 247
421 151
829 760
921 188
655 764
123 173
748 578
379 498
974 124
245 681
556 704
945 800
463 426
194 46
444 1000
96 635
933 244
446 115
248 294
452 807
846 912
206 427
493 432
651 377
439 441
759 485
465 146
465 272
765 677
478 582
688 417
148 215
708 401
968 121
839 203
344 740
427 202
986 893
508 869
140 292
645 109
673 686
963 875
338 187
80 47
578 217
833 266
377 295
297 45
395 331
996 552
710 509
749 180
135 961
136 409
854 721
720 9
149 729
754 339
701 833
56 889
240 47
496 482
800 386
427 721
639 848
518 332
661 73
364 438
190 241
833 677
353 690
497 636
578 840
759 850
320 371
406 130
880 784
612 625
392 304
82 35
885 424
277 319
525 872
32 646
382 924
128 560
701 326
406 823
872 113
513 521
853 832
449 146
32 533
237 576
345 58
430 485
379 428
394 881
391 714
618 118
871 274
604 970
963 245
849 632
391 623
920 191
115 520
194 857
50 421
220 934
140 559
800 423
876 538
180 811
690 624
185 133
201 308
965 619
2 760
730 465
432 591
980 196
58 867
943 416
549 424
583 667
239 327
959 463
637 716
987 172
654 417
477 475
109 433
835 300
810 317
135 721
850 99
782 385
787 441
74 470
929 558
496 639
468 394
707 215
319 426
775 564
987 197
62 441
266 345
975 436
44 566
674 256
221 745
973 76
989 803
714 67
367 552
950 642
690 177
164 750
587 682
896 483
369 284
381 661
272 724
752 259
143 162
690 207
122 604
377 871
432 120
199 839
597 669
482 957
706 331
659 884
680 534
255 346
809 31
865 201
855 899
806 145
979 754
391 549
519 89
466 746
804 977
866 355
661 645
331 735
338 280
623 977
535 509
987 39
114 229
234 180
888 869
321 815
352 925
889 466
238 794
985 11
578 404
386 118
439 161
425 201
964 304
240 398
230 295
708 661
724 158
232 687
250 234
178 964
791 275
809 694
782 357
285 452
105 51
791 312
817 423
676 481
599 436
630 850
823 965
355 313
368 754
412 57
629 506
535 40
718 4
326 954
536 565
318 644
17 205
449 609
797 201
892 193
860 995
386 269
449 573
551 724
124 330
13 274
177 494
106 707
847 512
760 564
835 463
565 971
778 234
552 826
434 663
306 400
969 717
938 639
556 993
808 559
282 645
867 122
343 28
955 118
18 160
560 446
830 21
456 25
165 995
157 194
352 615
477 126
592 666
153 617
361 913
934 513
537 715
839 529
382 918
408 128
749 283
349 392
244 109
929 623
913 598
895 633
32 235
701 100
920 195
948 506
679 819
609 571
338 589
239 800
694 356
11 961
610 873
463 152
26 650
223 860
854 934
383 271
840 346
235 496
106 807
781 930
422 73
34 323
924 449
213 518
775 980
723 322
32 891
622 312
770 441
963 336
980 464
571 605
994 604
885 932
517 78
394 458
310 906
40 795
799 649
64 171
682 536
273 825
663 151
722 183
851 860
35 316
252 829
701 450
758 129
837 200
632 240
741 776
416 110
195 378
555 244
345 464
422 623
19 312
952 415
804 965
565 977
321 750
748 390
324 510
306 306
346 730
38 726
318 582
874 22
180 865
680 923
198 604
843 154
819 54
386 915
243 35
240 563
772 400
143 50
488 65
304 918
829 28
556 806
99 707
934 296
210 630
607 668
385 439
521 583
496 428
613 425
567 872
669 751
237 58
754 513
130 412
255 61
701 509
836 931
710 456
428 702
405 355
407 41
394 769
849 744
98 352
577 251
457 316
659 71
618 754
390 188
57 926
319 920
409 341
997 338
510 964
290 880
733 615
64 921
559 954
594 156
898 692
478 536
31 719
42 234
765 938
796 714
861 783
937 93
172 933
543 700
572 510
874 532
227 786
555 885
50 299
940 947
367 623
301 24
139 754
995 704
933 97
979 939
326 711
179 934
883 252
530 434
894 945
83 988
301 53
526 324
362 435
199 374
313 2
397 595
325 867
940 865
939 727
340 95
253 823
87 290
640 450
575 923
174 362
790 95
493 591
139 317
583 722
996 372
1000 619
847 170
515 964
527 6
229 884
677 703
560 190
821 986
106 223
677 376
491 379
713 997
251 824
34 315
617 617
722 901
197 524
545 892
55 509
667 486
821 473
392 889
361 604
659 749
689 299
212 511
126 811
502 663
685 224
561 83
873 175
689 57
663 604
285 945
168 460
929 921
786 205
116 271
584 721
243 130
949 335
660 282
261 722
268 979
485 848
50 615
686 908
129 929
494 668
842 610
398 835
831 703
285 256
426 921
707 230
52 852
991 482
854 480
122 24
515 547
250 111
452 150
240 448
771 683
986 698
904 38
746 793
487 785
164 651
728 93
52 842
406 744
278 284
825 722
868 758
916 191
444 309
695 712
415 411
718 650
308 168
952 21
482 895
129 494
745 364
144 493
466 525
618 72
650 350
309 750
12 35
902 877
364 370
763 277
572 230
82 659
90 525
416 463
384 291
723 86
203 517
817 360
229 359
870 315
876 359
266 854
216 175
281 343
560 367
449 774
182 568
783 703
550 890
874 676
731 871
759 737
459 974
459 694
294 1
164 153
650 991
497 537
538 994
973 436
994 466
288 506
733 433
758 543
568 54
582 677
988 202
180 400
847 365
615 104
900 786
284 90
558 814
441 176
641 893
483 756
706 13
376 193
682 482
582 946
414 176
786 97
954 668
130 274
537 324
548 141
215 66
92 975
440 21
954 313
334 207
985 392
494 720
970 531
267 113
551 865
578 483
280 896
85 614
961 407
752 666
546 909
279 841
558 207
750 386
116 526
319 648
481 214
72 1
476 593
970 944
569 162
115 60
231 139
669 343
786 311
541 807
585 904
637 920
641 482
178 855
888 430
550 49
755 112
887 658
408 786
110 135
525 335
426 573
455 608
770 671
284 547
270 51
962 199
543 566
373 337
131 852
981 761
706 808
357 886
203 186
382 726
712 700
290 359
597 764
249 297
101 870
983 498
621 375
524 968
295 579
91 402
601 895
907 320
123 127
489 830
701 746
852 757
990 185
200 786
182 636
508 526
597 460
884 524
305 498
439 245
605 975
369 727
244 714
355 562
514 269
86 426
300 448
372 928
274 557
815 409
204 930
536 957
978 690
41 113
971 4
867 334
207 835
361 999
853 332
707 119
350 771
140 49
280 30
749 430
371 104
784 939
527 944
309 240
5 791
816 578
961 894
305 857
359 213
771 987
371 277
469 359
527 248
468 579
505 715
879 15
130 611
914 328
544 773
124 446
597 36
704 14
717 54
1000 264
308 680
933 610
198 782
336 499
709 235
597 609
671 735
610 380
814 44
485 768
310 497
803 983
290 287
450 493
15 814
424 618
742 137
393 788
471 590
45 594
921 463
495 762
251 747
511 875
590 333
1 780
561 596
116 715
948 946
196 887
53 614
873 335
86 322
366 953
324 133
730 60
170 657
98 78
140 670
277 494
405 286
239 243
993 95
39 75
883 348
504 637
393 268
740 744
219 609
140 249
191 555
801 145
568 931
807 485
234 600
20 924
96 917
414 669
751 817
290 46
192 37
910 686
497 514
727 948
741 385
772 789
455 392
673 154
715 52
941 127
414 873
445 574
1 140
646 338
50 658
55 340
578 46
652 506
368 463
133 283
292 863
116 596
365 637
363 158
652 116
76 61
767 130
87 666
639 306
943 370
298 554
189 814
753 302
196 129
179 595
907 981
513 325
486 446
144 385
685 829
210 411
596 950
445 826
554 442
666 375
794 270
671 258
484 827
614 637
333 52
92 926
106 291
810 921
354 203
200 468
601 567
541 362
230 642
536 265
342 669
642 460
734 685
826 105
933 267
695 971
519 762
953 497
459 107
921 101
790 748
925 303
854 837
861 752
792 282
944 431
459 804
264 327
459 368
481 71
303 894
214 689
714 899
701 491
581 415
182 161
508 984
47 617
189 158
163 29
244 141
142 685
658 622
315 930
593 277
766 300
674 964
3 125
127 503
101 20
153 615
431 707
523 367
559 58
13 986
294 354
874 171
281 786
138 106
979 356
801 246
929 681
198 286
564 121
893 519
227 629
453 281
310 781
259 682
156 178
877 73
454 933
368 708
505 950
459 899
712 662
98 82
560 733
627 771
587 669
972 234
70 276
491 415
602 54
285 327
702 801
680 388
483 384
160 376
511 681
926 990
11 199
380 993
149 256
874 3
367 359
4 520
390 803
866 392
131 615
647 248
694 744
19 977
510 570
817 1000
586 396
257 677
307 455
31 764
7 130
570 319
704 681
838 393
947 674
283 876
346 486
851 573
186 326
328 547
526 628
899 915
50 373
94 415
120 526
188 594
183 828
931 341
7 26
217 222
126 295
604 372
518 197
857 748
484 596
774 471
667 244
799 281
551 126
452 644
627 388
834 435
163 501
558 55
698 762
997 54
390 804
295 231
103 235
983 79
939 296
757 543
901 348
212 379
25 991
772 564
290 394
25 727
485 197
874 589
787 418
475 153
387 936
179 421
605 961
823 309
664 700
645 905
717 427
826 88
57 998
501 552
815 839
489 919
980 780
711 837
513 65
721 399
333 643
72 78
185 725
328 294
274 839
431 263
938 970
697 240
862 885
583 439
673 739
219 850
352 683
301 89
997 7
673 129
357 845
311 890
345 617
66 626
768 569
322 777
844 752
410 243
457 387
882 369
529 351
46 320
458 785
277 808
126 428
50 22
170 199
999 538
327 532
837 82
117 627
446 181
755 493
148 881
576 937
390 614
253 762
762 225
489 934
965 890
412 609
781 222
252 856
896 509
715 823
394 765
254 675
75 597
88 921
255 515
637 309
580 591
823 948
327 550
709 867
175 103
655 205
41 801
27 32
730 556
891 128
264 731
821 107
690 768
841 348
619 800
535 833
787 851
247 221
262 389
702 334
307 320
383 480
350 168
632 176
166 21
601 993
95 997
985 115
786 167
705 535
608 520
998 740
99 186
11 845
726 88
437 553
767 196
941 578
764 898
586 414
907 50
52 57
608 241
554 585
931 64
973 577
511 228
803 974
317 596
589 493
23 503
969 107
269 899
656 379
331 359
529 580
505 986
636 281
458 33
976 695
933 293
111 626
159 779
252 304
951 10
420 444
929 640
274 893
388 614
296 348
708 7
573 642
672 781
650 535
469 980
540 532
601 253
253 130
393 669
99 9
563 595
160 994
93 573
720 693
796 716
798 404
174 75
319 270
393 804
693 725
673 875
557 208
414 225
962 618
515 946
112 225
913 775
121 304
42 477
844 573
70 533
265 116
409 98
526 690
763 742
253 874
310 188
923 164
132 167
83 865
887 506
985 72
719 559
784 221
312 153
380 84
809 969
57 394
941 244
474 29
766 403
210 391
477 313
343 847
539 609
121 231
540 30
968 447
487 265
460 17
855 671
226 147
133 216
198 360
507 721
307 103
722 83
693 554
413 578
927 905
684 750
885 301
130 573
292 37
600 695
765 268
400 961
230 800
210 347
264 389
498 650
738 504
472 350
564 109
694 13
773 762
878 991
878 153
786 775
341 394
234 552
435 910
674 118
790 397
272 225
704 209
330 382
118 801
431 101
969 463
953 580
225 794
801 866
709 429
315 453
692 990
853 725
159 688
485 118
76 617
464 378
605 893
180 381
543 385
431 15
516 377
237 518
97 346
30 969
960 504
325 310
79 570
74 372
24 241
257 786
223 941
417 631
871 456
342 247
517 536
264 228
963 417
450 459
183 873
883 859
473 475
456 362
360 565
464 431
214 17
991 57
176 791
436 774
479 426
514 565
833 327
507 949
632 657
800 51
98 47
650 816
335 356
757 465
231 335
119 110
489 529
182 827
309 873
711 937
595 27
999 294
610 900
270 785
746 96
199 583
922 637
242 265
11 781
563 315
546 576
1000 295
754 591
374 200
672 818
580 464
501 436
126 706
472 865
43 496
425 535
200 38
303 218
948 749
235 998
538 281
211 377
745 988
888 405
655 41
528 11
514 25
589 539
110 9
275 398
114 890
862 804
90 528
482 62
326 52
633 733
778 642
177 32
748 811
811 107
978 460
141 34
65 294
65 802
743 300
532 473
257 832
40 513
477 854
978 601
434 502
740 436
939 110
564 31
241 847
556 55
286 92
224 729
338 206
971 761
585 82
570 100
954 352
983 45
314 6
695 468
151 756
709 202
750 334
13 998
702 133
529 35
643 782
976 472
283 705
314 774
12 979
717 798
36 516
619 921
760 498
730 653
654 525
122 855
722 913
131 939
365 431
492 318
889 547
541 173
134 303
374 491
233 607
717 311
88 236
389 43
639 145
601 998
605 625
93 323
504 767
614 992
125 436
748 280
897 372
39 994
635 641
895 791
823 375
779 175
100 510
339 45
759 228
870 991
598 272
429 703
894 224
462 324
918 172
66 58
122 712
383 701
104 646
494 234
774 314
774 359
698 836
383 462
288 474
280 318
713 947
827 426
550 148
851 792
560 999
756 282
260 872
788 417
767 422
434 453
574 600
710 366
641 805
577 358
883 82
168 685
604 161
981 4
959 436
638 610
500 566
900 770
951 954
598 947
31 258
955 543
216 193
571 644
450 505
207 990
367 375
13 179
513 970
357 981
105 119
542 268
977 480
266 378
676 832
397 565
776 289
658 216
539 126
278 738
779 657
875 805
428 430
967 856
766 390
842 638
373 213
803 157
863 885
156 456
106 553
818 702
363 330
838 504
831 958
358 398
814 188
428 315
851 521
150 221
398 958
820 174
946 663
446 709
527 221
836 398
617 677
755 70
199 680
591 40
605 393
411 690
266 346
922 360
235 695
826 440
62 97
852 965
624 340
678 293
160 17
257 787
961 29
722 109
724 224
973 638
3 663
710 870
735 451
86 981
828 432
68 660
304 415
81 140
207 740
59 908
906 512
275 183
283 352
375 860
154 196
608 733
587 49
693 640
566 392
127 113
238 788
987 390
635 952
483 609
80 935
133 890
957 394
962 923
733 270
984 642
745 411
985 58
564 262
946 514
222 415
669 140
649 436
423 551
839 413
522 798
905 510
564 607
705 904
487 605
194 647
327 311
914 701
959 78
911 910
228 907
319 90
416 582
606 439
729 544
516 940
543 850
333 183
417 196
503 248
9 471
767 580
755 875
148 939
178 970
299 273
900 371
753 689
753 248
28 701
519 600
843 840
569 374
65 492
979 320
886 732
696 409
262 204
381 591
352 99
995 261
15 32
216 866
269 634
654 977
851 855
331 119
643 174
464 880
486 125
722 811
558 315
428 689
509 311
515 322
788 423
529 776
158 218
690 337
466 439
962 873
148 907
252 214
388 39
972 642
901 184
423 309
744 614
638 153
223 389
415 92
122 639
163 929
933 335
729 399
888 975
506 872
654 307
115 620
662 212
38 940
309 103
761 983
754 499
509 744
961 670
624 421
17 489
132 914
758 263
774 316
247 858
143 815
73 174
207 825
378 212
661 860
959 193
696 856
230 196
649 326
501 19
38 614
985 559
777 674
1000 339
991 89
248 537
626 933
125 837
143 861
7 232
409 916
857 462
508 144
523 360
851 43
385 403
882 30
227 136
796 985
515 498
590 588
26 747
18 554
242 951
246 32
245 382
10 395
885 895
606 767
650 432
49 496
584 175
739 709
302 812
324 840
447 284
834 687
957 48
383 934
161 604
537 203
780 904
497 337
594 578
868 478
346 618
565 52
183 189
497 627
666 451
225 326
309 865
244 514
961 544
442 114
321 684
666 533
813 21
269 270
464 17
544 523
11 40
390 663
384 167
292 777
63 806
676 779
636 2
722 43
887 524
146 917
338 295
168 335
279 406
782 331
192 356
506 8
565 34
477 842
249 372
429 550
893 732
379 551
236 798
838 724
445 850
759 231
861 606
155 271
530 481
676 311
329 233
952 317
784 86
416 460
157 244
667 938
5 253
552 258
862 197
975 220
318 300
801 536
913 816
83 135
486 384
560 378
235 490
388 96
581 854
521 221
713 40
782 237
886 234
555 517
808 935
174 467
687 762
665 945
126 141
529 430
556 42
953 28
246 254
565 467
747 153
511 589
711 943
334 752
856 689
418 351
964 845
457 361
313 890
389 433
716 437
996 460
787 528
287 78
771 597
539 973
866 159
491 276
525 713
724 546
220 628
463 841
41 678
66 71
925 606
64 400
235 545
140 802
107 112
314 215
744 680
263 983
763 480
812 771
934 294
758 339
953 75
273 657
408 258
88 892
914 413
63 230
444 440
226 654
389 700
547 847
231 157
759 903
196 181
401 697
127 199
766 931
311 980
512 9
87 321
828 1000
681 191
35 428
606 538
988 346
903 891
809 439
344 942
389 879
327 61
477 894
194 619
164 827
30 129
492 288
536 172
980 564
616 5
957 849
361 728
580 390
811 557
532 149
337 923
281 614
516 544
629 99
469 914
526 498
719 633
558 558
947 370
226 702
681 14
108 205
646 456
442 464
656 123
972 83
212 322
809 404
641 918
651 511
819 980
862 1000
336 916
941 780
950 659
197 208
603 90
233 128
260 564
388 194
815 796
754 872
464 677
623 578
384 120
318 818
497 346
83 630
939 723
137 569
843 991
134 530
567 713
458 243
859 252
788 755
526 360
597 917
718 683
578 903
856 397
726 188
953 802
830 410
64 956
419 285
145 167
531 442
795 667
353 381
987 654
665 419
799 791
653 248
732 564
730 123
265 517
75 245
1 958
117 142
221 721
658 32
768 834
990 778
417 1
653 934
868 956
219 683
225 986
882 371
732 225
16 910
347 952
686 470
636 334
186 297
428 577
662 483
880 648
742 529
248 426
134 510
319 101
578 514
805 504
429 814
357 720
571 913
743 255
582 350
279 832
516 796
676 653
951 52
890 489
284 703
536 791
229 926
739 305
695 152
873 377
916 911
519 99
603 331
348 33
83 349
28 806
707 309
789 700
773 645
525 798
503 684
410 174
97 853
688 680
633 325
143 949
722 880
331 802
848 932
530 494
533 868
121 911
568 142
424 542
321 814
441 414
158 81
885 945
826 507
927 475
184 529
71 885
108 576
56 251
50 828
546 927
165 681
105 516
738 782
860 171
682 29
647 281
828 845
281 975
48 824
391 713
861 357
991 208
428 447
446 120
714 532
794 938
306 262
505 107
497 830
329 155
504 980
941 912
350 952
46 184
83 125
992 314
830 456
897 950
440 573
661 456
935 299
812 345
900 643
267 62
389 156
23 471
228 938
29 393
830 867
845 277
708 529
898 711
349 106
507 687
826 395
294 107
977 881
928 99
