1000 4020
250 21
365 539
135 993
63 633
812 661
926 261
234 415
882 830
804 974
234 983
627 289
489 360
539 88
220 75
660 217
261 184
241 460
563 913
932 224
488 342
496 564
513 891
158 478
594 493
161 200
344 641
786 790
356 517
460 593
215 629
857 55
552 431
291 176
912 463
876 818
431 668
814 599
779 633
708 570
768 317
432 942
747 67
850 142
982 771
87 398
568 999
176 929
954 919
119 776
234 902
805 290
300 386
607 302
676 936
268 946
589 477
553 992
685 278
949 444
750 345
525 479
575 170
137 639
849 967
37 180
139 868
17 597
767 1000
66 113
290 126
63 791
880 37
340 950
29 17
122 277
909 192
581 36
269 357
45 673
647 920
974 165
962 371
263 372
496 967
215 41
991 261
419 543
225 22
842 801
171 68
97 627
969 902
335 470
905 432
323 816
92 808
176 690
488 994
936 328
624 237
582 965
170 5
58 540
944 687
913 896
816 687
659 637
44 901
763 548
459 923
667 171
470 585
381 899
700 98
91 992
998 780
583 997
579 860
932 621
461 312
971 499
947 819
599 195
901 348
338 118
379 151
205 210
775 586
572 216
782 450
584 37
762 396
27 225
691 460
927 411
273 849
456 482
660 718
565 725
949 19
811 757
898 611
666 590
894 244
782 138
654 105
967 285
509 915
793 914
273 972
573 196
259 139
102 126
267 419
333 820
26 595
454 392
559 759
169 702
747 333
433 535
948 770
840 970
797 547
425 263
173 708
373 698
452 844
847 942
297 847
176 799
54 19
27 919
490 19
194 530
14 743
439 1
665 618
28 387
124 899
620 760
439 812
167 492
946 70
514 906
517 307
853 486
672 483
427 874
315 272
933 2
968 129
336 240
660 659
562 888
434 315
777 701
815 221
748 955
567 97
88 851
911 320
796 874
761 755
629 809
851 653
827 998
776 996
338 826
413 956
906 250
189 827
760 247
518 374
651 413
554 923
887 567
263 141
13 417
975 836
873 717
169 386
691 567
950 46
783 121
605 325
13 392
711 236
553 76
59 447
884 380
163 926
305 568
438 795
889 413
748 309
455 901
61 215
485 764
442 265
566 276
778 270
265 802
231 533
908 247
470 785
119 711
83 121
621 309
770 592
703 518
999 158
104 625
223 405
537 221
925 973
743 411
902 96
512 328
765 422
450 269
888 739
69 303
9 196
579 231
566 830
567 378
945 655
563 218
976 147
976 467
406 560
978 863
104 466
162 731
218 184
858 632
440 485
892 890
197 680
228 428
727 876
145 475
496 369
216 726
759 841
457 317
133 428
320 303
401 300
917 658
100 946
989 94
342 343
238 618
191 11
615 14
222 122
382 344
862 450
607 407
708 391
940 531
491 863
792 563
592 807
75 909
309 523
209 185
570 273
219 302
760 400
516 60
588 865
677 449
450 317
305 541
719 678
930 589
774 588
354 75
973 969
323 124
645 710
488 41
996 492
985 799
902 156
811 615
688 488
150 638
245 391
445 742
169 629
449 684
736 224
991 760
344 556
405 848
994 864
41 716
501 231
658 227
267 608
589 582
507 39
457 104
445 17
27 644
425 468
627 422
224 517
525 120
873 783
529 311
814 299
212 420
580 234
741 332
191 101
856 800
571 470
903 534
900 92
875 950
807 683
943 821
895 858
414 445
889 19
424 971
640 774
442 600
474 550
914 537
224 418
46 240
938 966
750 792
385 63
134 668
452 235
190 121
419 543
961 727
903 438
209 356
960 905
9 921
741 946
298 523
776 463
903 3
223 37
248 775
708 467
347 919
342 675
926 680
630 644
863 660
747 178
140 408
950 693
867 181
879 806
788 752
574 749
689 595
210 245
453 137
222 950
26 221
31 939
65 276
175 578
390 278
549 135
418 41
387 128
888 894
279 378
80 138
546 963
646 983
636 446
83 224
470 970
555 944
158 395
38 460
631 1000
288 380
166 747
522 494
374 364
982 203
29 70
318 552
533 57
533 383
340 38
756 827
180 374
927 919
660 676
438 152
725 606
293 78
845 752
52 664
455 896
607 133
818 923
958 787
822 503
975 307
426 735
183 371
848 611
757 219
487 901
887 81
496 452
595 77
90 749
568 365
623 85
610 146
988 232
49 601
645 518
618 308
918 176
957 319
219 111
853 435
785 366
411 853
707 243
668 568
974 298
814 943
69 338
775 348
997 829
118 220
906 260
920 201
321 41
12 118
844 596
711 7
697 447
626 990
507 378
647 735
472 79
951 301
937 455
671 106
5 803
117 555
646 915
424 226
122 483
774 971
27 265
52 231
696 857
938 180
786 641
140 562
647 901
842 23
251 724
80 797
98 217
111 847
239 339
898 47
713 845
306 387
200 806
75 691
644 603
453 381
159 640
611 346
446 3
815 486
99 785
932 875
502 175
499 214
911 690
591 577
174 711
185 600
140 252
708 884
551 365
738 843
690 504
429 949
682 673
863 705
490 559
627 542
312 981
105 666
334 738
726 847
370 769
377 641
694 66
975 57
984 967
497 381
355 784
761 861
757 959
728 320
727 557
691 709
688 291
137 723
746 826
151 473
588 628
212 838
30 1000
565 58
824 162
786 75
963 632
15 34
70 390
36 779
186 843
982 208
863 978
292 999
5 26
546 175
612 527
993 271
132 142
629 504
869 413
30 54
881 688
656 594
341 445
611 259
460 978
347 384
308 433
312 568
222 499
384 698
650 994
840 117
897 957
711 521
153 816
956 644
557 393
130 143
98 444
579 135
588 968
842 356
967 536
79 268
557 939
879 369
551 421
210 823
164 564
739 343
731 787
980 343
815 154
311 640
910 164
374 911
194 455
100 196
592 464
769 566
643 205
177 644
1 440
974 645
77 123
530 586
908 807
238 823
384 923
958 781
648 851
75 675
750 174
263 600
679 512
924 875
615 518
350 812
618 868
132 64
156 850
667 120
890 819
75 42
343 61
952 327
472 403
802 771
440 326
221 409
21 144
258 429
153 455
948 95
738 488
348 862
626 882
998 411
487 183
706 242
860 582
388 773
279 675
555 280
985 990
238 390
745 296
546 674
529 81
565 279
863 437
39 169
502 50
475 186
162 115
99 782
520 344
697 695
739 724
351 49
600 918
616 55
435 256
436 501
640 699
616 603
107 705
52 833
616 722
179 549
516 320
382 774
601 906
482 597
742 837
597 167
797 862
565 292
932 721
57 243
805 533
742 132
237 766
451 884
512 306
573 133
19 764
140 387
265 869
396 760
848 901
437 176
257 742
364 62
139 810
920 590
208 800
741 752
534 203
12 876
543 27
353 240
273 994
212 524
167 103
737 798
255 375
808 142
930 999
901 460
976 499
401 148
569 891
55 553
676 344
864 896
20 851
831 720
30 991
134 169
428 114
608 713
677 520
964 944
50 560
697 662
579 989
44 280
584 870
155 855
785 870
846 520
239 332
272 269
728 277
834 42
239 29
217 913
905 506
139 870
721 825
118 268
452 942
290 319
470 585
993 184
244 612
790 124
976 486
411 293
329 754
801 71
695 217
844 628
619 244
685 393
381 339
86 759
740 648
385 659
362 965
730 62
453 466
840 269
416 855
392 642
511 785
2 785
343 836
690 876
67 734
392 288
736 484
305 982
226 683
307 523
93 928
901 432
173 592
541 858
38 497
816 91
437 559
525 63
540 880
490 520
986 968
910 491
433 966
773 497
670 565
832 223
413 68
402 214
211 583
172 371
10 267
33 648
136 454
291 785
584 876
628 80
287 667
590 34
48 488
388 88
321 1000
654 239
724 489
201 368
15 509
629 473
460 710
109 705
818 412
458 392
402 193
697 941
714 134
720 214
406 163
517 492
546 531
543 348
857 37
563 871
841 356
640 906
973 272
811 175
354 732
764 915
34 517
567 142
52 345
581 398
721 718
8 308
201 326
226 941
204 834
718 794
82 20
334 736
332 691
812 857
712 43
504 90
888 162
368 203
955 845
643 458
907 521
238 192
102 986
735 730
718 991
349 281
681 859
581 226
57 678
806 983
228 107
663 901
453 1000
539 572
833 40
460 386
156 164
701 952
682 277
207 315
542 236
901 356
294 587
944 81
20 546
899 242
519 66
231 92
992 349
769 114
62 884
535 199
322 375
775 69
483 945
785 889
924 770
23 836
601 963
532 484
902 269
810 313
424 131
506 824
625 27
857 275
264 824
837 911
327 91
740 901
75 694
269 115
608 535
412 616
755 900
642 354
93 913
188 156
303 179
551 760
416 928
810 177
393 61
349 485
986 727
434 723
586 138
779 745
634 621
611 136
602 228
523 550
868 573
727 531
516 156
511 756
734 87
303 884
112 49
327 638
395 659
691 660
270 415
915 755
443 100
837 452
840 173
862 605
720 585
229 318
984 252
241 213
386 301
477 850
237 494
331 379
778 448
206 954
625 164
622 642
706 666
264 605
13 846
20 9
971 846
77 78
66 309
636 994
988 692
38 661
512 996
681 709
560 452
235 443
250 865
171 957
896 17
158 410
815 79
763 361
675 627
144 858
714 423
211 547
629 635
969 428
146 577
306 555
396 801
251 922
137 911
499 484
203 72
486 731
696 249
453 213
867 624
324 922
680 592
843 864
763 394
910 47
962 967
757 630
350 263
644 460
839 828
604 935
349 951
80 369
999 491
33 677
1000 29
171 695
421 482
342 641
456 961
461 271
112 765
18 148
519 780
632 146
106 466
744 359
885 7
365 290
829 253
104 594
867 715
612 327
120 620
923 439
891 497
303 539
477 627
50 527
230 362
991 933
764 369
222 363
451 415
12 944
992 759
64 939
933 89
104 716
353 719
314 617
5 609
643 459
375 817
155 270
707 808
671 636
613 959
758 131
216 543
389 538
202 338
187 888
77 559
717 494
768 513
795 79
732 881
89 983
48 752
7 953
38 694
858 456
707 286
825 359
667 647
152 625
970 900
912 802
92 141
533 507
430 716
991 802
978 905
370 384
912 399
22 793
311 380
39 991
456 173
477 704
44 15
302 595
648 223
888 943
88 108
391 13
466 751
173 849
319 962
300 36
277 694
142 229
871 491
102 691
11 612
284 21
347 784
205 466
269 523
785 897
683 906
28 187
684 11
637 996
313 51
105 357
169 29
681 445
757 178
96 283
660 964
502 422
921 577
320 478
176 830
5 864
52 66
834 749
676 262
367 123
386 228
24 83
523 637
526 233
33 409
787 456
604 443
641 67
828 27
276 349
177 642
795 282
692 793
627 939
603 170
84 406
977 973
970 284
579 373
85 50
60 889
657 880
546 467
839 885
582 900
242 129
432 62
91 313
425 825
302 150
328 598
635 726
558 71
302 26
577 709
462 639
685 864
642 533
646 852
607 619
47 414
355 73
654 858
646 604
165 800
540 661
691 555
348 210
505 817
91 436
246 614
138 616
284 424
212 886
64 652
297 573
741 224
318 805
770 687
515 227
815 968
867 544
436 287
791 955
435 907
124 226
649 326
432 957
961 321
905 100
264 805
374 547
2 210
620 989
716 492
786 78
824 97
677 520
588 412
917 431
411 109
350 893
474 199
40 935
372 953
688 437
247 646
349 86
613 925
171 754
116 481
699 686
310 801
905 180
210 825
581 376
385 64
739 388
186 672
307 620
174 842
73 915
428 823
342 701
302 247
37 723
827 574
535 218
667 458
168 612
182 15
767 237
589 707
914 871
239 730
336 862
662 819
957 861
639 393
881 160
470 818
865 592
655 724
989 578
750 971
168 272
96 516
940 694
904 766
435 934
675 372
854 141
4 676
730 411
689 946
535 15
212 726
759 593
587 721
829 279
544 493
251 640
553 650
722 268
841 1
102 10
485 45
456 119
321 941
786 846
673 164
942 947
376 105
752 647
708 560
439 447
263 174
888 349
656 184
379 405
112 605
756 57
694 56
531 390
659 343
621 909
903 703
296 139
570 565
323 745
155 598
204 372
981 848
592 206
917 727
886 347
486 697
428 565
29 970
161 641
172 193
825 8
195 305
253 399
259 737
8 167
129 380
747 21
305 322
113 555
688 917
228 710
425 893
558 230
954 245
769 673
964 371
296 167
94 100
219 143
297 981
119 841
749 307
380 515
44 148
533 637
106 476
619 524
971 738
43 642
645 296
99 964
833 550
241 203
326 111
932 276
622 522
785 360
648 170
991 317
820 887
723 362
282 963
85 327
611 38
969 35
702 707
600 892
445 496
20 491
125 978
151 869
490 863
244 315
784 642
293 802
267 626
460 532
872 971
465 582
58 419
778 80
590 670
150 472
847 563
778 431
379 613
260 218
931 564
843 90
887 529
532 981
80 413
526 715
165 178
520 817
950 432
325 785
660 330
703 336
615 831
177 735
494 681
308 923
771 857
51 894
564 857
735 203
748 392
619 725
871 90
984 145
33 454
691 375
976 38
754 189
526 978
667 764
760 517
686 825
313 934
733 525
856 769
875 582
821 476
466 828
144 298
827 236
307 731
795 521
91 722
760 134
26 934
184 269
520 153
698 123
581 500
730 985
489 49
521 789
405 816
292 983
63 99
728 140
482 233
644 751
259 343
104 563
205 922
718 506
350 630
208 353
168 378
409 545
649 66
474 968
331 724
695 150
981 435
824 889
280 983
497 481
242 147
698 628
879 62
607 939
267 563
320 899
769 833
499 334
207 955
101 759
823 536
621 553
728 188
274 801
396 302
495 128
471 848
614 90
390 354
546 545
509 760
627 354
936 447
502 966
219 284
379 171
826 901
581 617
778 237
949 238
774 324
448 66
83 13
236 260
508 63
783 51
838 229
584 325
373 150
476 539
878 357
162 547
27 946
88 349
538 383
172 447
886 915
995 321
69 403
173 354
528 500
223 25
982 362
856 252
729 989
220 60
935 855
236 919
186 767
516 541
897 928
892 252
797 578
800 917
565 328
832 220
402 657
208 347
227 768
41 839
962 284
478 866
694 216
616 976
567 556
499 522
861 202
599 582
546 354
807 980
891 302
693 730
770 31
796 466
679 750
509 831
787 228
571 196
995 946
799 276
611 818
820 499
944 252
196 363
853 290
505 800
847 501
549 253
785 492
11 773
585 756
651 987
977 843
554 665
679 21
791 629
453 991
408 232
465 903
675 549
286 57
661 296
402 43
502 412
958 714
115 260
881 211
219 699
29 515
123 812
697 359
930 867
229 718
893 57
377 665
788 268
230 410
867 444
83 418
146 592
1 313
974 743
456 514
334 279
80 852
710 402
769 666
31 724
515 844
101 510
926 908
48 814
100 10
796 637
898 257
97 47
219 159
155 119
541 633
290 856
97 316
124 701
879 165
455 970
736 394
447 88
690 159
774 605
824 563
670 834
207 256
97 451
651 934
818 994
16 368
610 197
401 245
3 972
500 592
520 900
915 745
492 430
468 819
342 208
683 500
627 43
235 391
964 11
537 869
292 971
265 543
67 254
166 382
918 591
478 900
516 162
716 208
10 320
613 318
280 983
27 29
610 496
965 503
297 207
333 628
407 423
136 847
534 59
282 687
450 854
639 720
42 556
235 32
523 615
843 538
69 139
810 110
252 690
893 991
56 128
607 627
733 416
934 711
732 509
476 713
776 866
359 524
226 347
297 407
206 17
104 886
508 995
215 912
800 447
452 647
889 549
392 75
142 972
218 535
748 51
28 939
473 962
452 968
173 478
693 263
148 352
572 819
197 535
355 474
950 65
601 743
805 366
759 491
88 814
972 352
926 629
187 229
564 734
248 613
2 157
927 919
435 748
69 151
512 159
836 812
150 760
763 784
467 139
900 659
757 283
149 425
771 972
272 911
762 350
714 138
137 425
223 592
165 819
957 804
190 539
460 670
576 34
789 769
611 61
544 444
780 332
868 10
802 310
83 761
593 763
555 295
418 176
390 824
433 175
938 801
598 436
442 977
669 577
580 58
790 755
818 405
509 402
425 531
963 925
60 860
443 468
801 900
422 604
379 969
656 815
63 271
192 945
847 772
148 324
738 908
243 493
17 229
617 556
660 196
270 816
803 815
63 513
590 977
252 204
550 202
584 155
257 604
821 330
650 711
861 331
254 285
210 51
56 399
102 395
358 830
836 168
793 147
277 731
785 855
660 145
919 995
747 148
154 834
195 400
235 210
176 663
248 143
819 494
844 416
134 85
621 712
67 99
485 14
790 248
266 349
822 506
511 925
80 336
600 88
564 338
738 630
214 463
888 33
254 444
311 618
841 76
227 154
501 499
768 498
417 706
546 700
635 454
637 191
256 921
134 567
63 400
799 690
510 411
135 948
540 928
32 60
45 711
200 845
442 855
400 702
678 336
896 314
162 784
289 745
889 806
865 101
365 170
75 318
136 643
780 935
876 999
695 6
164 463
34 832
944 512
335 994
5 755
940 625
363 917
611 579
21 896
819 28
244 872
989 298
85 455
719 785
230 642
469 577
69 698
51 827
9 508
452 327
167 641
366 16
238 303
692 718
475 446
251 275
990 139
205 103
795 1000
89 493
251 642
944 571
8 418
146 710
492 301
431 939
51 540
423 855
620 749
123 833
580 912
41 282
314 354
419 444
76 69
872 208
425 734
242 742
486 326
95 633
241 658
449 464
737 147
582 967
707 71
832 708
54 358
485 930
49 613
128 369
751 127
126 604
82 919
675 545
469 183
739 765
633 12
25 46
513 375
339 119
622 341
75 495
67 576
120 834
49 589
467 390
749 508
435 232
141 579
265 501
719 987
468 497
99 1
399 451
411 983
286 839
762 16
541 283
154 959
601 314
364 841
596 76
933 550
573 108
515 596
6 753
204 676
956 125
151 699
891 49
368 602
216 479
9 503
973 879
908 498
232 610
122 449
595 906
479 724
486 328
395 297
25 917
26 433
955 794
309 209
350 207
791 539
351 224
585 42
331 115
439 449
45 171
921 653
345 456
379 774
245 781
781 978
474 673
907 819
927 510
61 516
726 565
993 767
150 120
540 482
687 815
157 581
297 52
619 637
789 903
329 805
186 450
121 760
930 357
382 472
362 555
632 130
429 4
844 576
298 730
82 133
410 916
653 477
451 661
366 578
743 381
858 568
549 863
55 930
583 618
475 594
363 137
101 509
19 307
290 85
420 179
153 117
714 184
416 16
515 742
621 875
600 844
181 695
319 437
816 920
555 367
907 40
722 974
941 540
590 514
850 502
749 100
947 106
178 813
316 401
761 768
261 304
318 635
850 162
607 978
131 10
45 644
500 794
48 244
646 920
456 545
60 619
396 998
951 178
607 875
507 677
94 146
296 930
147 139
689 425
45 976
480 217
86 834
624 441
588 106
210 199
568 360
265 517
962 968
494 631
139 952
796 398
217 132
485 264
166 690
979 373
906 174
96 684
549 39
167 940
734 304
200 555
542 224
504 443
13 203
718 384
140 190
624 395
626 782
428 322
880 738
527 997
644 581
785 123
178 461
919 651
846 183
696 67
123 8
305 5
223 341
801 629
549 740
117 796
345 865
5 368
504 66
45 514
277 19
957 846
477 75
482 998
844 485
803 464
262 617
148 819
143 864
902 86
955 507
749 146
119 212
233 99
605 475
630 58
669 58
116 646
358 946
743 998
177 428
512 496
71 249
386 294
398 651
590 820
784 81
191 875
787 63
671 121
114 27
96 647
778 946
540 649
382 649
518 906
868 300
711 61
502 970
194 173
66 662
831 246
466 832
236 881
925 514
991 252
60 636
29 872
174 873
895 953
180 352
520 282
901 619
600 334
556 523
556 624
117 42
11 652
363 567
338 716
45 54
537 364
717 933
668 373
16 953
428 430
200 39
43 494
357 419
507 596
735 524
240 575
694 502
473 615
171 294
835 850
756 218
806 95
236 359
246 583
280 937
459 798
619 134
537 623
435 451
553 141
697 462
798 563
677 834
57 469
504 630
470 693
521 598
381 183
641 89
602 461
742 849
756 491
652 406
514 204
215 11
73 419
26 935
183 275
315 926
780 280
460 14
340 116
812 442
774 499
948 786
368 311
123 465
880 164
155 110
924 125
593 4
115 493
688 89
194 399
119 811
569 175
502 30
899 615
893 31
273 603
94 781
360 701
302 754
510 482
312 942
81 306
705 916
136 36
621 804
120 808
169 335
168 667
351 446
741 790
677 388
79 400
254 127
754 879
183 755
342 227
731 743
800 788
104 29
335 550
720 870
735 588
449 668
793 507
101 327
929 754
523 433
879 776
84 890
479 262
111 44
521 577
229 143
865 842
965 543
408 813
337 561
513 661
528 730
261 182
378 112
968 146
119 982
689 861
136 853
766 849
340 149
254 555
661 40
213 964
313 416
155 120
953 868
541 666
613 111
931 527
613 137
72 334
841 748
78 415
971 384
311 81
496 919
349 121
323 409
258 418
642 994
225 520
183 951
715 36
952 693
795 323
111 10
651 639
850 578
892 540
292 267
698 924
251 241
6 140
408 931
162 173
138 164
688 67
43 75
116 697
313 395
181 732
630 516
488 796
641 392
109 318
107 703
392 948
491 331
697 443
482 989
941 468
160 702
218 131
733 415
975 827
809 457
506 801
188 918
648 229
798 126
296 748
969 651
440 376
522 382
63 518
915 159
601 167
308 241
511 95
190 819
876 538
790 632
201 530
296 320
873 282
330 661
942 294
4 607
458 928
367 872
999 973
939 561
448 414
175 635
221 944
332 391
579 996
442 95
810 455
395 146
901 707
715 516
45 845
510 155
823 589
946 27
817 593
976 899
33 42
935 486
214 949
170 275
837 123
45 726
213 89
211 509
59 977
923 203
799 151
262 568
517 606
803 214
222 681
484 590
604 737
478 330
377 525
517 304
633 342
309 261
243 503
98 159
468 323
649 690
459 510
597 293
846 939
459 658
332 877
830 89
194 118
628 845
318 539
654 325
423 741
164 189
419 521
223 387
78 841
822 82
722 378
913 930
561 484
89 342
557 557
566 916
977 790
815 505
406 220
950 307
799 752
409 477
989 312
203 766
803 276
984 866
394 985
716 343
879 145
381 850
633 353
373 944
859 818
569 973
744 762
236 624
337 672
861 365
177 370
940 177
930 602
409 650
797 501
406 261
383 603
128 454
726 394
785 739
96 219
945 977
948 467
385 278
270 812
886 237
560 89
252 173
180 381
496 978
779 293
245 531
833 209
984 898
558 175
164 703
334 472
743 894
962 34
203 564
677 828
374 437
296 261
314 801
287 805
998 907
506 857
683 889
133 884
223 799
168 857
694 364
279 266
76 914
995 724
516 466
63 48
116 414
923 324
543 998
29 568
169 668
884 754
415 567
355 282
772 428
132 334
485 800
578 991
95 655
13 979
883 705
626 545
168 991
561 656
537 554
197 696
851 517
912 790
209 310
652 853
96 977
130 456
963 173
943 913
640 300
274 885
912 111
1000 222
587 169
240 896
130 71
416 380
587 614
342 407
113 237
975 132
450 198
187 686
775 842
535 975
743 146
586 221
260 758
768 215
948 82
178 284
153 76
164 908
10 320
638 893
336 580
924 135
346 612
798 512
233 215
928 194
372 40
235 736
582 750
610 772
115 236
334 204
694 514
355 152
46 394
513 758
61 315
235 863
904 874
515 703
498 508
20 968
104 494
55 408
374 613
431 622
16 190
341 457
122 415
460 409
745 244
262 476
128 283
533 579
692 96
931 2
464 282
963 819
154 396
869 827
980 133
334 404
356 672
325 690
836 861
176 686
714 110
405 462
473 723
953 595
631 695
228 385
565 232
843 98
938 930
597 124
96 101
175 342
734 235
664 959
580 91
621 191
962 169
774 268
945 139
207 719
232 997
248 588
952 150
854 702
489 457
800 24
923 893
906 677
654 830
973 657
834 697
77 789
983 972
962 663
951 956
936 847
127 932
79 444
330 621
259 797
198 584
901 449
876 270
784 775
532 1
725 846
239 400
911 231
523 487
968 278
243 724
258 756
853 979
735 856
842 979
938 369
177 839
444 318
548 903
864 862
89 332
134 976
450 199
340 677
806 706
776 617
486 301
983 213
448 571
146 480
640 954
708 657
562 95
445 535
265 32
546 569
411 760
594 566
499 262
290 967
222 886
442 544
758 958
718 683
850 258
983 196
484 274
295 894
833 455
888 852
557 545
30 273
749 963
1000 953
394 189
115 549
37 186
55 515
373 448
672 212
274 786
342 965
710 225
61 78
7 175
206 638
287 370
805 852
508 79
568 72
736 901
526 176
89 422
126 435
426 497
228 730
273 91
95 753
959 849
350 99
187 751
582 52
975 308
549 844
425 204
459 386
116 45
940 39
205 610
743 519
582 835
754 180
22 43
587 395
758 161
992 84
957 959
952 974
886 582
984 25
933 952
280 562
790 597
371 522
94 383
314 311
871 789
530 866
673 276
177 728
179 33
245 817
374 128
837 636
363 329
110 673
215 829
215 365
550 45
117 690
830 692
808 532
271 520
180 725
346 181
833 673
615 617
204 163
677 537
820 7
326 971
533 206
72 434
360 813
373 382
489 877
411 769
528 685
566 442
753 124
369 638
492 423
161 890
661 169
250 162
445 742
111 894
231 183
430 583
764 393
274 239
104 949
296 54
258 986
882 85
32 623
919 383
233 577
545 963
249 115
797 548
880 561
711 417
611 340
19 541
554 353
957 416
208 330
282 748
679 827
5 400
249 342
67 697
144 352
359 28
710 713
919 326
414 736
732 860
977 565
966 827
130 925
286 945
931 410
171 74
189 824
518 364
604 745
333 699
177 234
523 830
454 108
686 96
909 196
496 208
498 139
944 481
804 926
102 627
680 815
18 952
966 378
133 319
122 641
542 21
676 977
310 575
721 59
644 714
663 68
891 115
21 461
727 327
297 683
476 396
408 704
703 374
841 728
978 251
234 197
716 919
42 284
223 665
277 254
977 140
740 464
819 383
738 99
661 982
200 108
496 14
193 37
882 437
287 490
774 952
708 310
417 418
554 171
774 412
940 181
235 255
210 360
626 44
705 197
497 653
681 578
442 425
557 559
772 172
950 49
208 452
721 234
692 661
732 487
636 374
613 353
700 322
627 589
367 248
731 484
803 516
460 323
619 523
763 596
852 155
16 140
224 177
199 859
518 200
481 231
735 385
840 657
915 357
870 222
642 285
831 919
756 379
762 1
210 222
204 94
258 394
284 515
846 861
136 248
118 924
439 515
961 612
126 413
280 561
219 323
108 666
717 814
171 778
386 548
951 969
254 988
118 818
931 558
35 211
300 289
99 751
184 339
842 663
413 277
188 197
355 428
28 63
877 993
672 418
348 626
490 29
387 247
889 186
588 485
662 144
505 55
464 659
764 32
488 626
879 66
741 713
37 946
74 941
872 233
779 602
424 61
196 464
314 246
274 674
270 929
223 774
569 209
90 511
233 393
885 798
556 979
637 77
769 468
894 363
716 453
901 395
167 516
596 92
124 113
57 658
444 313
823 476
603 751
475 492
201 366
312 650
810 288
452 177
359 634
969 361
635 549
181 763
391 663
634 376
367 776
918 787
547 934
172 546
959 929
186 833
771 39
513 806
659 441
448 598
408 116
465 999
741 706
475 468
803 958
334 37
757 547
898 676
997 430
136 552
365 575
239 14
647 861
529 251
966 247
515 19
618 187
504 293
960 466
271 709
160 978
641 753
205 131
452 517
873 779
722 351
982 818
98 571
829 382
694 47
731 345
348 640
951 150
758 716
534 39
394 334
263 810
802 62
280 375
404 902
639 228
555 854
241 217
436 296
766 964
306 356
123 671
739 374
135 357
121 59
558 680
850 304
457 478
193 587
68 887
994 64
903 681
961 21
734 892
444 822
385 831
685 410
708 561
473 260
56 248
603 514
824 678
449 314
469 255
806 176
3 164
527 625
2 115
102 284
885 836
218 292
646 5
429 439
288 344
77 322
356 696
747 674
45 847
743 84
452 43
946 102
380 44
746 252
391 536
34 876
383 672
535 442
278 984
628 125
479 498
911 680
466 732
737 266
116 789
490 398
388 28
507 780
912 785
547 366
270 690
43 596
731 408
681 440
335 63
545 203
79 946
407 422
202 20
702 866
789 47
20 689
983 921
852 954
517 107
602 913
823 809
819 900
345 876
762 791
315 379
428 401
50 909
525 653
309 768
665 954
920 990
748 307
988 379
586 480
197 480
792 611
355 299
785 708
306 901
770 6
778 202
285 815
159 148
786 140
922 401
402 523
366 145
531 559
292 401
151 911
407 490
644 247
281 362
45 381
308 945
231 893
858 806
397 758
30 616
237 395
761 230
425 475
150 399
95 826
565 210
969 278
588 760
454 506
593 357
175 526
321 459
35 685
477 414
587 621
584 592
334 875
650 23
471 540
384 99
66 853
89 9
819 733
330 578
70 894
875 972
800 735
33 184
5 436
722 130
415 732
507 21
750 34
813 172
906 670
28 922
403 505
7 275
882 228
227 921
917 337
80 472
215 72
762 937
717 540
345 531
826 892
225 205
436 650
515 142
5 327
363 886
306 29
232 546
360 308
134 147
618 318
591 183
268 442
102 471
779 140
43 120
939 596
642 258
696 19
675 284
405 233
539 502
656 858
562 981
115 339
796 2
437 370
528 211
319 900
116 721
232 125
622 817
578 211
780 163
522 83
334 302
187 891
454 538
268 478
487 188
421 268
379 518
550 951
452 92
921 614
380 759
171 893
356 350
7 908
121 89
683 692
650 988
312 677
284 154
734 955
134 271
438 724
597 269
878 459
689 24
361 617
614 378
884 382
660 344
882 428
528 282
505 957
225 663
83 48
195 615
46 616
871 127
228 116
313 673
588 1
457 369
815 283
955 57
724 480
687 534
796 189
553 136
574 822
498 190
269 179
621 632
141 469
155 59
377 677
440 849
344 406
691 374
923 182
186 12
233 401
852 576
44 646
981 938
802 584
469 497
252 470
265 589
130 259
113 107
764 446
976 749
507 787
904 119
566 177
707 275
221 99
443 766
882 671
378 481
675 313
835 480
26 593
743 294
749 745
553 256
934 216
843 965
643 105
350 509
223 413
422 191
144 813
860 384
23 281
314 699
139 699
954 732
110 900
808 828
142 783
971 672
693 369
88 394
2 343
303 254
494 184
700 990
752 279
543 119
890 354
661 346
529 262
429 156
872 280
755 134
974 189
976 693
363 235
656 227
831 62
930 652
404 884
380 307
631 17
509 410
267 764
649 749
21 408
113 872
145 956
824 924
763 420
239 310
919 717
873 256
603 788
128 975
863 512
686 587
444 12
141 642
802 430
88 37
848 427
599 760
112 608
295 55
960 634
528 228
986 176
213 490
260 139
79 381
433 853
779 999
479 407
87 53
239 849
241 208
256 574
304 221
437 477
657 229
186 809
811 846
218 994
3 832
316 258
553 416
233 473
121 440
520 962
716 757
451 220
268 928
759 713
819 678
888 738
237 936
98 217
729 492
273 973
780 250
106 914
789 855
872 422
298 605
928 421
18 481
997 775
610 452
533 173
800 483
113 823
507 951
89 856
409 166
414 280
54 400
199 937
148 730
989 763
718 430
718 721
115 97
541 394
313 956
336 832
216 84
9 332
251 651
134 832
187 268
42 691
187 890
761 577
701 226
423 985
771 780
306 765
687 302
428 37
683 625
642 500
186 418
655 618
102 898
714 832
359 567
971 247
386 273
794 665
439 886
641 622
899 518
301 369
148 607
904 993
360 834
890 281
334 436
164 503
458 654
915 112
798 270
75 619
100 676
513 106
53 926
304 436
101 564
277 478
636 844
379 453
350 975
728 997
892 346
54 645
713 606
731 553
118 441
817 295
695 523
879 458
348 690
886 699
937 622
724 450
398 373
229 361
31 896
765 706
373 125
567 524
363 323
849 218
522 25
886 803
749 287
562 603
478 970
2 321
623 365
466 335
546 691
340 654
114 278
240 351
119 251
694 922
286 20
445 907
207 540
424 72
69 910
700 892
58 431
940 256
320 143
653 460
736 149
666 506
687 616
817 76
580 486
131 153
892 8
560 388
934 500
737 781
280 34
412 614
1000 312
756 806
131 102
447 634
17 91
222 439
15 646
104 970
828 29
847 936
340 562
457 862
584 920
992 874
68 755
539 399
744 541
35 894
848 914
247 112
956 189
168 436
952 208
237 767
221 713
897 855
782 607
680 224
548 737
438 471
11 911
359 945
355 343
376 365
255 705
637 398
113 812
609 754
524 671
297 245
937 608
345 559
683 833
429 34
899 77
273 125
292 664
922 923
720 997
875 861
745 789
961 796
161 926
959 760
3 66
947 628
583 796
343 303
490 223
89 828
283 966
315 955
464 573
299 598
151 127
572 133
677 365
108 378
739 134
300 750
11 993
171 202
199 668
52 703
603 233
19 950
606 476
339 1
421 214
251 448
800 197
788 597
859 489
757 57
70 577
176 996
542 788
970 433
298 409
526 967
30 567
563 633
291 429
353 999
821 683
225 979
20 823
378 389
12 938
988 512
109 264
417 194
91 12
479 16
543 41
767 567
148 786
17 324
827 707
902 358
175 805
620 574
218 262
470 254
630 7
74 695
5 236
697 441
530 376
570 975
918 302
415 32
756 369
614 744
732 389
649 204
60 835
815 626
634 281
281 39
11 760
805 438
264 396
359 368
484 328
891 654
535 671
748 569
166 68
993 227
408 3
618 691
146 469
919 389
908 624
337 88
939 549
647 478
581 641
739 343
767 996
778 46
506 29
944 802
202 259
346 103
6 101
721 811
323 68
926 241
281 796
880 257
852 503
63 662
300 585
181 951
829 893
168 262
688 894
202 548
753 111
785 67
247 884
439 66
838 207
218 565
240 84
61 307
928 532
894 366
222 278
902 358
86 258
276 182
952 44
170 606
305 895
679 655
777 143
835 994
140 782
414 178
497 824
657 973
654 646
667 767
913 215
317 950
760 547
319 215
139 902
537 984
876 643
378 636
166 414
461 330
355 489
255 190
333 456
827 615
982 13
910 455
559 604
66 134
461 176
343 456
159 797
182 394
570 859
748 753
965 642
861 459
397 680
903 115
242 588
82 369
248 743
375 88
127 502
302 223
44 210
198 417
798 727
417 37
857 712
405 726
438 313
588 491
993 396
581 560
362 605
489 260
157 46
766 873
882 652
288 888
469 551
755 530
543 646
306 575
11 969
675 691
466 301
801 964
760 572
697 134
92 514
597 599
4 817
156 515
575 382
192 209
217 946
22 939
970 289
538 874
103 590
264 257
136 893
844 165
136 328
763 371
953 355
576 50
229 936
8 12
798 876
446 762
862 336
472 949
224 905
303 950
198 64
91 630
584 314
141 527
547 1
476 353
647 945
609 925
385 188
218 54
703 295
442 627
158 27
751 743
520 212
115 73
830 893
989 68
770 875
773 640
664 21
323 551
560 811
400 281
558 636
371 657
602 862
653 613
865 609
77 305
914 28
238 197
521 367
820 91
23 696
627 906
48 462
384 862
123 969
437 133
998 624
177 27
568 473
334 527
693 20
498 884
526 936
174 529
278 749
970 897
566 985
527 484
17 988
371 556
409 467
233 153
88 392
750 694
264 256
909 265
364 36
940 191
868 665
717 357
701 72
174 184
479 174
961 246
85 853
453 443
848 42
731 413
757 589
673 417
354 340
955 796
693 839
13 154
709 749
378 730
255 150
432 231
698 304
250 585
555 539
549 242
514 948
931 202
435 733
187 228
319 675
911 606
728 791
820 109
184 782
445 287
971 993
161 694
744 478
681 540
476 29
651 154
767 395
417 279
484 458
355 839
525 999
688 177
678 243
881 96
981 291
311 908
881 721
536 902
912 696
102 439
566 195
799 137
469 855
718 492
48 260
905 947
302 240
897 941
781 332
341 708
405 749
671 625
601 188
293 694
506 567
137 258
251 413
114 617
814 278
313 370
397 169
277 527
746 68
127 688
879 784
631 512
15 122
653 846
788 732
272 142
798 793
43 918
66 492
691 689
768 402
546 87
797 67
583 75
119 789
772 844
612 577
855 660
27 300
17 980
72 632
218 158
717 240
347 338
420 839
258 586
654 258
162 693
439 81
920 503
791 882
575 672
