1000 4020
674 569
919 313
196 66
47 621
968 548
69 4
28 848
205 939
231 724
252 632
80 579
998 743
292 104
441 936
780 895
487 262
828 597
672 321
366 3
21 557
789 782
998 241
346 562
109 329
883 154
753 885
367 610
252 264
51 214
262 433
560 968
887 709
322 541
401 291
667 144
787 158
830 814
359 359
164 153
421 633
986 886
374 891
385 110
658 714
541 216
506 116
487 694
671 413
35 627
880 326
74 564
801 577
425 372
870 407
593 622
972 242
925 54
713 635
103 496
823 301
627 960
677 504
609 737
206 591
631 95
583 474
918 148
813 901
448 334
749 191
129 839
387 148
699 220
212 708
903 103
923 209
403 638
455 485
351 385
36 890
263 679
718 760
764 618
649 330
659 390
331 497
60 902
344 328
188 247
926 142
619 716
926 87
543 344
9 419
560 687
729 302
698 533
699 942
334 749
156 152
152 139
513 588
642 162
445 660
632 536
863 513
291 181
49 302
894 496
138 595
212 186
869 211
280 840
448 478
795 77
998 968
433 118
406 912
396 52
609 730
712 325
999 270
325 20
347 654
89 205
243 772
891 458
393 618
129 464
948 215
211 866
480 25
917 717
969 166
697 955
772 985
195 272
71 644
547 592
412 192
430 679
858 806
854 383
516 217
517 278
768 362
254 397
920 947
173 154
133 876
641 847
23 162
449 713
958 843
844 113
12 667
63 950
321 25
188 506
694 202
669 33
242 902
117 645
360 374
775 884
583 333
493 64
441 731
466 742
52 491
592 512
588 799
92 171
775 30
221 985
559 837
120 249
876 971
119 450
216 331
869 299
393 446
275 726
490 454
903 33
594 933
984 204
827 276
171 589
244 356
785 775
976 280
734 246
325 665
580 52
478 281
878 840
217 872
893 410
826 139
943 496
238 175
963 173
409 882
246 116
769 3
593 81
632 525
480 104
725 704
548 476
756 384
258 754
74 660
547 467
626 720
738 814
114 411
961 379
134 154
764 721
204 555
875 921
199 83
61 400
901 809
440 329
921 8
418 553
121 945
35 961
944 63
464 496
886 89
410 430
315 731
597 290
55 917
954 189
294 251
333 61
700 931
327 355
285 962
813 765
128 495
295 653
486 903
738 120
256 127
519 655
583 277
1 249
730 760
83 831
539 843
920 615
226 54
809 763
912 741
51 767
350 495
558 862
524 456
839 436
354 559
334 941
890 801
873 54
419 36
192 655
184 637
574 191
903 11
822 135
251 305
316 118
995 328
784 299
816 162
239 487
715 600
81 537
764 486
572 583
28 818
39 195
980 624
576 900
652 416
951 105
565 390
441 906
7 594
494 143
76 958
794 958
203 19
256 713
998 788
130 14
780 160
82 45
752 412
221 574
80 871
211 32
518 525
848 427
283 181
78 47
135 691
841 819
722 982
601 887
439 627
604 386
403 952
401 884
266 178
693 317
331 760
994 997
215 885
396 226
550 106
114 437
289 17
211 45
633 667
990 418
511 91
848 659
378 785
258 97
908 217
377 193
509 761
877 550
983 198
586 277
8 111
609 96
59 233
176 452
103 921
246 274
662 213
432 297
1000 820
679 666
318 321
688 339
311 724
674 61
238 496
811 566
457 710
332 544
724 729
640 856
44 289
241 144
453 648
523 877
757 895
231 473
326 986
450 994
431 416
691 498
980 364
264 805
458 31
858 390
724 171
108 850
217 793
88 843
147 132
810 254
425 468
483 813
710 293
855 702
200 845
839 19
993 753
392 888
258 240
227 8
155 790
555 417
644 179
298 459
920 522
12 636
644 466
825 807
709 480
199 680
55 195
639 42
838 351
588 233
89 403
799 864
826 659
301 173
871 782
303 648
844 105
577 912
807 786
163 141
243 893
915 671
69 643
665 590
770 430
178 391
831 359
142 990
640 472
874 814
778 634
575 354
840 57
657 424
745 74
312 217
912 908
202 163
923 980
927 623
957 359
572 755
381 988
481 984
173 111
931 421
955 560
898 146
267 154
28 886
306 388
329 146
133 75
741 292
136 558
64 213
808 889
297 3
418 675
551 648
801 264
519 753
212 391
153 735
461 916
667 633
19 136
140 177
673 484
906 395
733 994
141 337
730 84
385 665
382 603
912 237
588 641
606 858
612 295
3 546
206 888
341 890
59 156
67 908
4 886
379 966
816 926
845 154
123 240
893 12
153 964
309 415
79 940
192 1000
379 896
425 529
751 341
466 976
786 850
773 381
230 409
135 615
763 292
983 56
91 158
588 364
796 750
764 782
873 432
654 76
225 259
713 150
879 11
506 291
312 88
931 715
760 6
198 590
557 532
54 411
74 525
46 42
78 857
423 59
403 333
103 677
823 439
909 688
470 459
598 19
974 577
331 303
505 316
497 233
143 92
887 476
921 797
923 245
879 734
230 901
603 467
803 155
188 148
724 623
788 324
853 840
258 266
519 447
497 739
334 50
687 654
372 442
855 14
148 301
743 884
47 204
651 939
994 78
424 50
686 428
946 390
391 251
726 917
518 29
105 435
823 888
615 777
68 333
108 65
32 434
735 491
732 857
538 60
133 423
516 874
380 598
503 457
629 515
258 953
648 696
639 781
796 611
414 653
311 317
865 957
279 861
62 236
316 635
480 774
363 253
422 531
141 829
387 621
349 824
180 318
262 672
37 728
291 268
868 98
149 331
285 346
705 493
564 238
783 962
54 817
924 800
88 813
761 913
142 59
153 666
310 76
751 190
562 548
126 257
594 113
279 110
520 160
887 898
402 625
221 510
363 230
256 872
202 952
208 410
521 970
737 762
655 284
339 465
679 193
292 444
183 473
804 630
34 376
455 620
678 53
695 247
463 68
288 790
386 957
202 337
259 506
547 991
23 957
666 681
370 920
117 717
363 106
252 252
907 297
203 44
578 363
996 294
282 699
619 849
834 634
384 877
828 652
473 737
943 807
805 886
597 295
114 330
518 237
279 286
340 243
475 648
269 305
348 682
501 116
361 201
721 66
521 887
252 839
762 297
421 330
83 265
472 176
953 997
937 41
222 246
100 942
677 578
448 161
968 227
54 13
610 270
815 818
558 725
500 923
286 13
460 727
644 849
297 619
708 149
819 798
248 715
43 611
811 986
905 755
71 986
87 464
103 969
788 571
157 57
291 424
949 623
425 725
888 582
162 182
963 882
188 540
893 590
594 633
212 462
554 365
313 157
960 413
135 865
313 598
584 426
313 758
944 943
189 28
712 336
34 859
948 989
980 19
917 357
231 688
456 304
498 585
54 958
423 10
594 6
845 978
318 960
78 710
422 363
817 700
107 352
225 761
897 477
868 892
633 186
252 840
920 295
50 270
878 853
78 81
736 352
464 16
271 156
963 479
183 989
908 726
329 397
735 224
297 274
426 718
392 613
625 690
155 540
312 772
74 416
276 73
178 496
339 454
684 109
359 105
667 268
750 841
370 943
501 489
740 564
809 97
730 148
460 333
809 501
374 196
857 593
729 522
343 533
276 798
955 27
170 757
851 208
800 501
959 430
906 867
995 811
526 86
272 753
647 601
138 436
123 629
955 15
174 404
79 423
357 495
591 534
468 113
46 537
809 978
687 427
582 510
292 560
114 251
88 99
385 206
359 536
112 327
953 602
562 344
666 870
485 610
997 943
438 431
252 680
337 17
634 557
161 202
593 522
550 338
140 834
738 645
263 913
123 682
401 339
477 573
369 51
181 261
790 988
750 511
910 60
112 65
400 348
676 240
98 889
441 786
683 486
811 957
962 336
230 86
5 832
983 955
907 781
428 826
835 343
391 87
538 317
254 490
850 464
774 855
949 982
156 836
430 448
690 806
752 604
784 332
981 731
641 482
272 588
970 160
771 456
710 305
274 492
116 333
990 650
319 791
36 736
789 639
107 23
769 480
90 749
394 507
215 404
681 987
400 944
687 103
542 725
93 940
94 663
265 152
167 561
984 56
302 383
486 811
724 443
104 228
718 51
354 188
853 161
858 133
212 490
611 88
533 568
658 960
812 288
822 173
178 781
847 418
83 387
462 296
80 228
93 665
414 255
210 365
998 972
273 824
67 985
7 698
303 920
592 726
630 15
585 587
976 238
150 870
84 476
638 838
640 883
2 455
906 640
170 968
786 204
287 37
757 405
442 197
740 413
892 124
427 114
964 667
666 221
868 251
15 235
668 782
75 911
510 86
904 246
976 460
609 497
613 954
483 151
124 73
116 8
744 340
771 107
686 731
783 657
194 978
654 967
978 383
712 264
857 799
522 457
374 217
324 475
362 193
923 269
910 575
56 848
698 510
350 833
503 253
560 370
870 553
81 568
919 681
818 423
420 281
431 554
890 368
466 579
359 361
999 433
518 734
878 765
964 552
221 764
424 408
123 856
906 914
470 23
363 589
758 74
853 84
856 463
63 495
987 592
282 195
862 410
166 150
472 391
742 220
23 524
479 781
130 356
878 180
367 811
599 841
326 91
206 872
963 274
698 680
696 130
397 334
721 665
925 871
438 807
38 769
140 970
182 370
308 764
208 647
851 796
602 599
593 617
390 622
170 747
629 115
112 354
775 610
126 836
644 498
446 235
926 559
669 101
149 705
130 667
986 452
850 226
836 207
823 557
366 733
244 936
519 102
387 567
248 391
559 341
26 158
826 773
197 495
88 997
970 210
818 22
675 34
69 518
301 263
192 901
757 381
841 67
888 331
17 873
601 501
643 499
775 11
841 781
292 831
791 627
103 91
606 231
67 673
2 782
510 545
437 715
467 390
354 859
416 897
770 784
353 77
363 319
667 481
683 369
777 809
425 909
3 254
909 348
466 657
683 196
814 108
85 286
496 1
486 961
904 656
799 476
424 662
269 559
886 993
865 931
686 373
151 405
814 521
184 752
121 875
424 136
413 576
720 983
956 933
61 795
567 409
311 126
150 368
947 549
249 129
826 938
66 89
864 770
9 887
677 832
663 613
239 984
715 749
838 701
728 802
343 227
141 963
882 885
307 563
84 208
523 388
766 774
294 607
451 589
763 421
574 285
948 754
394 974
681 84
936 383
11 472
205 448
658 982
721 833
776 792
233 833
820 599
349 600
512 14
507 757
884 453
426 232
96 959
536 609
789 164
37 224
933 712
5 578
191 818
562 491
292 854
336 966
581 4
32 647
658 342
733 906
484 534
985 504
900 573
705 769
810 885
333 885
63 961
986 634
371 888
183 209
520 829
99 505
396 425
645 315
867 296
75 284
291 664
516 494
919 677
38 247
285 920
872 712
664 955
297 799
190 462
128 989
178 86
897 425
99 976
566 196
116 794
628 659
290 987
506 960
297 270
893 857
191 515
911 456
856 870
771 265
576 86
483 975
724 143
283 79
441 361
587 499
227 734
760 464
32 520
563 80
171 529
24 689
649 720
409 933
639 275
969 400
98 632
82 37
221 858
863 225
831 242
754 318
242 44
887 922
325 950
407 277
219 260
455 767
978 439
774 503
941 609
218 277
475 970
284 33
909 942
239 401
284 309
829 863
552 410
506 81
370 701
183 224
475 905
408 81
475 806
23 607
43 824
439 615
571 654
937 74
189 532
730 382
464 369
771 350
70 226
936 805
934 45
282 735
642 367
109 433
970 727
810 20
40 568
342 94
154 59
809 824
964 539
361 25
531 55
564 121
346 195
921 39
545 895
256 308
345 918
685 198
89 625
9 918
452 306
225 170
561 809
645 364
690 234
578 968
965 37
65 74
150 269
558 470
923 802
769 518
79 807
416 176
807 660
683 709
760 557
135 516
703 449
500 364
719 740
727 637
327 501
329 408
513 945
733 338
637 990
518 118
523 617
567 800
349 776
529 586
907 241
608 370
876 650
438 290
308 662
743 479
152 622
428 963
740 853
688 132
653 435
822 514
520 20
417 348
721 318
321 492
981 894
469 550
936 540
452 78
887 458
819 687
184 353
634 652
461 267
798 818
77 898
17 380
507 288
910 502
725 845
757 723
182 237
333 952
412 15
301 390
138 511
865 363
872 380
595 850
510 675
520 6
61 138
599 995
262 358
766 214
296 197
980 328
902 749
296 382
967 131
761 764
373 997
171 149
494 793
168 749
390 547
381 608
411 659
361 784
296 964
657 402
762 239
487 529
606 814
662 186
73 929
120 719
606 420
856 508
580 903
912 645
94 709
317 846
273 229
550 849
729 525
864 676
252 722
677 392
437 816
608 27
795 584
914 207
311 125
505 73
801 398
724 603
180 24
200 210
686 537
422 432
545 166
954 387
621 942
805 684
715 716
581 226
115 624
24 220
239 599
708 115
742 583
322 485
682 172
886 51
538 910
897 20
633 232
599 983
493 51
202 230
449 41
341 101
787 338
577 719
806 290
251 777
602 529
948 597
751 170
576 233
446 260
80 334
728 564
592 737
684 385
673 76
845 207
80 110
194 429
909 175
965 615
485 702
285 868
585 667
44 952
221 468
152 868
89 956
390 89
972 536
291 697
276 816
657 222
63 364
345 609
893 932
83 524
795 663
303 480
777 733
567 904
165 101
795 308
887 832
67 104
67 140
609 82
730 402
621 391
240 127
550 126
471 263
944 483
875 710
120 318
893 741
146 306
64 611
324 662
463 633
248 719
229 685
38 220
75 224
783 953
125 992
851 45
37 415
196 83
591 601
841 733
628 818
124 604
287 742
508 801
347 583
980 648
882 19
354 336
247 772
841 540
518 694
623 884
767 212
848 645
806 931
425 365
342 940
686 208
625 551
252 238
929 251
63 50
219 71
78 948
263 357
290 464
481 641
259 77
427 238
275 503
641 393
616 550
795 508
30 421
342 500
499 371
603 300
586 325
895 280
952 34
434 739
354 438
616 305
597 40
603 797
933 171
606 333
879 385
915 969
566 83
255 743
737 778
849 690
259 458
486 190
219 457
632 62
706 709
754 887
455 163
782 258
734 961
279 517
236 685
47 579
277 563
290 672
719 202
33 933
700 512
641 402
748 970
537 679
360 693
679 66
616 672
820 28
734 991
107 716
913 226
686 746
987 219
529 45
228 324
941 222
244 439
751 851
604 156
38 517
94 310
544 202
721 382
53 83
886 351
35 399
765 560
393 55
537 53
548 680
400 190
204 308
556 463
680 201
852 663
158 832
956 137
108 327
960 317
570 704
333 784
517 64
641 312
70 552
286 961
441 584
43 402
23 967
483 369
204 260
219 715
417 448
512 709
243 818
495 878
338 177
452 610
747 350
916 952
247 711
234 189
706 125
693 328
916 807
472 987
947 644
794 128
239 182
580 330
965 41
717 672
717 968
385 701
116 545
582 362
443 708
485 227
462 327
39 422
269 133
86 535
78 514
543 999
241 569
143 968
443 158
475 195
844 477
718 122
337 953
15 998
754 501
264 74
741 839
736 614
601 592
506 21
844 941
388 143
462 689
345 176
652 721
679 711
918 750
250 488
912 511
231 898
597 348
914 538
551 228
881 167
809 272
958 243
861 45
968 200
750 838
835 857
992 736
19 76
499 13
181 519
699 34
919 104
763 944
731 940
765 134
104 873
291 109
681 859
10 411
452 195
562 985
131 947
607 909
111 899
275 385
392 136
377 722
918 7
444 433
659 478
622 94
559 732
377 200
243 220
106 406
230 342
680 609
211 886
754 863
801 603
998 802
242 113
747 951
700 600
384 544
659 122
898 122
453 65
138 120
284 823
429 30
256 843
722 486
307 667
767 111
467 701
781 889
499 180
367 426
138 953
695 44
498 72
554 540
138 519
47 53
173 730
323 83
401 330
695 121
345 217
968 363
403 47
631 884
899 192
463 42
286 372
194 293
584 694
716 987
639 774
462 959
349 631
596 974
849 401
48 816
255 424
293 221
652 571
148 301
923 910
282 727
218 656
40 659
909 310
922 152
146 158
369 551
756 301
569 717
305 466
211 613
972 856
252 612
523 448
21 692
409 404
433 809
485 926
433 79
314 591
51 706
965 744
47 516
778 156
521 610
816 852
50 79
120 114
895 80
698 990
416 463
79 676
354 225
464 340
238 439
622 641
960 849
616 499
104 70
248 165
100 997
878 471
172 623
915 173
245 770
712 566
663 592
501 430
951 54
178 460
862 125
817 877
647 589
217 879
229 573
853 71
987 436
355 547
442 819
542 905
591 233
277 862
930 566
345 216
239 368
27 605
697 385
747 945
970 430
490 628
957 570
65 786
589 873
128 721
635 837
24 94
955 69
801 728
655 577
37 204
195 655
963 727
783 857
941 583
985 141
170 251
696 364
869 734
258 139
772 248
694 877
761 461
699 414
437 804
544 513
128 241
705 948
586 763
57 319
150 439
762 953
529 579
206 803
943 836
194 178
895 960
30 337
42 253
278 797
176 512
12 879
306 231
131 598
353 400
653 426
750 7
751 106
680 108
816 167
657 898
541 71
977 882
56 59
506 566
116 977
258 118
67 58
252 46
192 613
615 134
581 890
405 545
71 72
846 566
541 425
746 418
660 528
475 844
606 258
465 56
830 962
451 581
837 386
21 791
241 665
596 885
577 336
332 252
506 156
443 474
309 807
843 44
510 191
659 408
711 374
167 836
827 448
364 797
699 832
933 745
740 499
745 662
543 891
202 24
752 821
511 623
488 876
43 694
747 28
860 358
619 79
868 825
195 796
940 663
340 355
476 724
299 394
908 248
369 339
983 862
266 627
210 877
847 949
962 258
332 517
771 596
890 510
585 687
54 628
163 258
544 819
395 560
917 478
119 227
86 776
243 836
431 439
301 205
577 36
456 759
720 988
265 220
37 538
277 454
565 858
793 894
144 792
536 998
859 703
297 15
662 739
887 228
39 7
535 149
78 399
21 453
103 328
895 829
307 315
160 95
766 830
687 531
99 762
630 421
355 526
195 21
162 562
506 70
11 277
856 919
526 720
98 285
217 425
892 351
388 625
235 297
340 430
636 81
488 106
858 133
527 602
108 756
361 704
612 120
137 625
705 450
834 855
670 822
198 464
961 330
200 189
765 276
844 4
616 873
906 495
565 311
614 819
660 228
227 138
221 756
59 801
945 695
137 946
737 976
807 172
620 367
976 326
790 704
695 671
35 690
78 361
928 201
665 497
243 181
560 497
174 233
824 615
376 148
571 787
915 59
891 949
615 685
691 932
742 206
502 544
118 893
974 673
698 509
342 933
169 960
937 366
190 71
553 10
502 139
944 809
861 984
859 715
665 124
177 1000
197 893
112 365
960 840
689 957
172 875
943 406
655 427
12 848
445 175
541 866
204 843
153 997
998 254
397 574
379 701
346 520
564 621
110 736
489 629
735 111
236 297
11 836
940 825
427 503
339 543
748 47
352 597
740 141
302 781
107 855
299 615
455 286
194 990
990 192
497 347
945 983
620 857
67 159
168 255
302 580
601 737
654 786
780 87
572 563
862 325
988 741
3 378
215 121
903 841
938 317
897 994
733 867
195 186
957 256
956 550
363 14
822 668
443 498
360 603
870 134
172 375
760 360
130 358
242 450
188 109
105 464
352 403
213 341
825 180
915 302
942 935
156 149
154 785
876 183
858 968
923 903
562 817
752 753
256 59
57 535
303 754
795 288
62 260
944 596
383 255
884 913
456 425
608 657
493 231
696 706
428 263
228 980
583 269
578 839
254 538
930 746
730 8
41 341
539 96
383 656
612 844
281 161
785 541
295 299
408 502
511 657
421 375
256 343
516 915
816 322
803 98
943 754
517 288
674 375
64 972
89 506
688 962
33 687
170 385
394 138
794 374
993 270
877 287
176 815
439 89
122 986
391 83
327 888
302 937
822 911
988 625
134 296
179 193
187 234
906 991
256 406
531 991
71 137
965 914
602 781
826 937
998 375
810 502
307 611
759 411
541 772
135 768
614 228
182 657
706 610
873 294
17 559
435 50
320 584
747 877
304 799
669 770
926 562
213 9
705 962
919 502
808 222
578 696
449 182
671 435
331 544
935 423
645 85
691 566
732 501
481 914
49 519
230 180
585 794
503 238
491 360
934 755
926 605
91 273
456 764
136 574
504 274
396 512
645 889
298 123
172 719
759 736
694 892
279 816
471 615
72 412
601 554
277 945
719 474
972 460
66 280
497 58
831 738
249 427
431 482
864 82
358 254
635 63
677 359
215 477
545 394
472 604
489 314
146 40
331 387
100 224
455 641
200 568
123 623
277 847
437 513
189 58
508 634
423 711
144 342
70 835
61 682
856 765
157 263
287 472
259 658
460 373
216 799
359 134
649 346
144 548
31 404
786 427
134 732
994 481
422 827
476 770
213 311
126 999
283 145
580 338
949 95
370 779
931 682
917 94
163 305
691 211
995 13
245 925
82 707
572 652
144 941
586 931
441 833
405 754
998 752
815 213
843 32
480 563
322 867
882 119
503 686
628 971
907 523
905 560
714 567
230 256
700 972
223 453
927 377
146 478
947 869
490 265
517 511
5 691
341 377
135 242
80 232
277 492
430 486
35 765
957 217
143 957
132 697
651 40
337 429
958 756
612 471
884 214
193 955
74 581
986 548
83 398
363 264
973 510
628 863
581 971
35 135
183 244
815 163
942 36
982 191
466 83
768 86
77 685
569 893
973 81
819 13
374 315
586 212
205 506
310 453
397 818
884 571
838 884
13 562
161 81
694 159
765 979
103 522
462 269
60 875
88 885
663 27
56 737
299 374
548 799
683 544
38 259
137 884
308 677
751 534
11 304
546 307
56 581
729 180
365 694
314 207
978 683
886 942
746 600
49 189
346 541
683 600
749 13
369 307
314 719
420 728
388 656
584 341
657 751
535 19
644 992
68 56
748 442
769 478
450 249
305 954
783 900
222 981
996 456
172 679
447 555
740 959
333 602
106 188
938 3
520 135
107 508
329 142
732 994
902 667
698 187
941 83
267 957
180 392
689 708
586 1000
700 248
103 667
60 68
688 144
226 225
356 249
344 265
89 890
860 164
527 870
570 270
467 226
111 367
86 680
510 929
740 342
271 806
238 772
987 640
88 186
818 631
123 703
165 975
284 11
292 983
523 70
120 458
846 174
258 194
619 726
147 144
633 793
442 501
536 987
521 93
892 184
752 543
638 331
337 894
83 681
666 3
707 843
638 472
627 168
636 350
148 736
590 312
993 42
76 38
933 399
855 707
827 164
318 752
860 388
164 671
421 236
776 168
86 278
723 151
956 750
414 972
591 184
505 529
437 264
805 728
261 512
651 659
925 950
611 850
917 467
814 713
738 573
748 542
940 709
399 383
511 874
838 250
470 405
675 764
659 619
150 299
337 422
535 900
859 700
127 805
729 894
816 636
466 331
593 654
573 338
531 305
927 851
438 931
456 95
149 176
245 483
845 928
312 602
723 470
723 488
131 82
817 511
217 760
534 870
628 55
753 845
494 395
673 722
229 476
773 527
293 941
739 569
212 13
818 227
525 281
263 601
30 744
220 350
393 638
204 206
839 241
841 844
544 319
567 485
244 495
86 916
245 587
659 996
811 748
559 873
391 806
615 727
128 535
770 337
217 933
814 820
609 661
156 169
745 956
104 286
746 466
642 606
684 658
367 724
816 308
856 204
696 459
625 987
9 320
92 634
392 141
860 574
618 434
866 251
258 515
252 404
359 935
521 317
195 659
998 122
917 118
148 677
288 731
303 99
538 409
888 176
942 854
788 542
490 968
892 954
938 307
595 96
131 238
219 273
248 237
368 332
913 88
171 835
783 27
352 849
642 900
456 563
139 169
80 692
890 823
360 359
505 203
670 928
838 109
768 459
21 816
597 292
252 612
613 550
294 108
676 413
249 177
963 587
319 316
503 134
961 856
552 264
31 862
556 158
961 230
49 738
873 749
750 722
855 753
723 254
676 839
492 37
959 750
562 625
971 34
418 606
623 129
4 63
580 329
533 281
803 456
61 439
37 715
282 132
201 704
123 692
753 35
334 299
909 125
323 916
894 872
951 667
156 524
122 803
185 246
945 458
948 180
12 640
671 826
57 764
770 631
112 575
293 553
476 934
665 821
768 60
16 352
832 862
1 697
420 509
893 860
649 48
69 32
599 823
177 722
860 105
306 856
151 159
113 367
646 606
438 838
569 377
170 744
988 517
549 254
137 884
609 683
28 898
220 366
69 531
90 75
713 219
73 258
946 492
252 415
994 716
281 536
44 196
683 27
555 290
72 213
225 264
971 395
498 43
195 973
550 964
283 374
786 82
192 734
127 375
918 448
74 311
147 836
267 556
643 62
630 260
250 861
373 97
293 421
91 344
801 989
74 731
898 658
542 903
94 723
328 230
1000 370
69 639
661 929
861 129
346 883
788 427
364 998
579 567
446 776
544 875
207 535
522 295
241 47
390 385
803 304
949 284
536 118
499 420
390 255
42 219
256 800
621 392
581 377
413 659
246 516
872 130
100 218
124 432
655 134
809 256
16 112
556 262
840 91
13 846
879 455
834 883
398 176
153 458
173 533
210 476
822 810
707 664
16 14
866 958
309 70
102 61
436 568
895 78
103 177
561 390
910 688
294 968
891 992
505 1
460 778
675 578
325 376
97 50
99 939
900 657
9 935
536 486
143 514
477 746
286 872
889 475
653 154
173 946
991 474
851 637
291 568
623 286
555 968
723 282
781 114
232 786
309 673
100 717
945 525
823 877
883 369
805 229
235 245
183 570
139 732
554 151
65 159
638 695
856 553
552 303
135 146
576 832
488 508
884 122
363 817
995 988
656 730
699 901
129 25
4 942
478 217
355 710
294 112
776 677
397 188
760 297
240 315
595 740
43 449
223 235
643 150
267 608
141 517
189 730
349 935
637 944
312 278
175 514
186 594
85 488
1000 839
243 872
872 269
89 980
652 23
821 618
179 125
854 410
128 850
658 476
81 206
289 223
233 957
663 531
414 670
798 408
475 380
586 477
328 929
587 610
365 862
430 270
267 541
717 145
539 615
458 619
396 6
640 20
513 388
410 834
913 10
642 966
758 387
204 823
814 838
928 909
109 647
915 751
321 798
110 918
533 830
406 919
942 760
594 269
169 534
753 653
699 328
121 665
87 82
961 998
428 812
144 101
517 913
19 837
655 64
67 135
854 126
725 353
360 290
384 676
112 584
82 894
996 599
692 889
520 955
401 250
953 659
315 315
699 988
542 121
316 396
219 798
54 776
335 72
361 6
897 393
102 340
767 429
165 991
177 991
392 997
541 836
166 844
722 582
1 392
381 970
856 345
783 226
366 802
468 357
649 811
893 218
748 504
511 856
709 945
538 89
399 840
332 963
794 270
19 750
238 789
718 600
316 543
341 772
997 534
356 206
808 274
29 57
600 967
906 345
84 563
135 185
166 460
190 719
317 225
48 371
603 716
187 292
694 686
599 714
347 827
704 437
759 578
879 533
100 886
97 159
907 920
6 559
372 762
339 112
791 181
65 53
766 148
843 588
72 119
804 678
352 337
903 697
533 899
613 902
944 79
731 835
696 557
313 545
345 217
564 79
976 299
924 45
281 213
799 922
874 73
748 495
741 465
569 258
978 301
430 52
882 696
768 843
37 691
295 177
773 617
776 571
689 857
627 2
275 416
638 77
594 164
368 486
345 826
87 537
110 368
299 624
60 548
664 153
537 931
808 422
217 563
111 620
633 953
621 245
60 476
312 430
10 800
639 593
116 804
328 868
170 237
106 889
989 616
332 820
21 628
332 96
692 437
273 466
856 259
386 268
629 9
541 332
433 182
169 914
863 7
716 309
508 707
997 15
469 38
3 604
983 182
348 488
630 889
423 766
559 749
747 417
229 607
373 583
407 949
550 208
608 972
315 460
183 122
515 250
765 372
373 826
561 834
671 76
767 38
40 279
388 425
663 595
116 718
401 959
53 693
943 604
313 417
237 111
432 587
197 819
971 141
986 885
298 751
933 590
623 389
348 437
193 102
430 82
498 815
560 716
146 215
467 164
449 928
763 376
56 260
1 521
497 526
427 309
51 141
535 981
823 708
267 472
205 989
544 639
184 329
890 711
454 361
762 98
17 937
52 878
928 63
321 924
359 569
470 130
18 628
436 722
782 677
758 505
57 300
414 457
909 932
255 991
617 517
148 685
704 90
64 89
999 268
933 893
651 724
101 837
553 693
172 308
613 336
284 671
516 93
790 56
665 937
408 524
707 202
762 974
397 509
904 410
950 641
163 402
71 186
432 669
271 982
471 755
762 955
541 834
382 247
738 76
708 687
732 535
29 121
27 427
411 721
155 639
603 144
69 181
442 136
77 130
413 17
261 751
63 976
833 282
607 115
858 198
303 590
451 230
990 400
479 598
367 870
737 274
776 104
690 333
492 968
510 300
305 966
919 536
403 182
777 360
143 903
804 204
729 966
438 739
126 617
158 558
467 853
994 835
172 113
66 811
726 736
306 28
77 467
988 959
462 917
412 227
255 333
914 64
802 511
643 205
606 811
601 915
286 389
502 88
952 355
925 141
542 491
593 872
328 194
132 515
313 229
954 947
606 68
107 210
154 394
596 781
13 39
959 934
264 398
190 763
786 119
948 133
862 158
492 147
59 186
216 20
579 167
675 8
260 76
175 192
258 798
657 34
547 259
464 294
785 584
929 291
508 772
30 882
229 827
346 282
61 395
326 115
836 738
888 939
746 742
175 620
673 251
264 499
368 209
20 699
610 44
311 280
485 842
803 357
732 968
851 334
861 366
576 487
804 942
992 571
574 897
858 525
311 618
851 179
805 456
852 77
810 337
633 955
413 242
187 749
82 791
455 784
318 282
862 104
260 875
291 624
498 245
152 195
364 66
641 47
264 105
670 29
145 791
46 979
653 274
735 129
999 480
535 447
101 391
182 542
34 906
793 946
461 642
705 599
9 851
202 609
427 939
37 250
735 502
254 312
604 300
110 700
195 145
178 828
620 221
2 729
280 210
771 194
80 729
229 968
765 885
414 184
590 757
798 796
925 335
33 610
626 672
120 747
878 684
568 5
850 860
65 682
622 747
352 535
882 177
901 694
64 152
70 580
519 522
114 899
650 424
487 153
903 164
549 648
41 544
433 828
743 661
147 1000
682 38
392 513
635 314
872 25
426 453
833 781
920 335
778 616
206 475
569 966
332 66
886 106
483 118
494 912
483 447
1000 571
862 129
891 456
515 676
455 946
948 627
271 700
520 854
365 874
530 72
54 152
992 937
394 81
620 836
325 729
135 194
865 332
657 878
490 533
50 944
344 127
373 186
49 616
31 446
508 153
12 845
94 959
915 433
809 349
733 916
184 288
682 751
557 649
259 773
868 295
761 565
669 802
533 51
765 161
70 711
213 133
886 132
458 36
893 922
356 575
493 509
335 452
676 565
428 716
61 628
617 46
327 43
685 931
108 253
341 712
44 273
962 703
239 908
161 334
599 37
801 118
580 704
96 557
493 100
119 477
958 365
609 578
620 586
328 584
979 480
792 339
361 397
866 622
752 293
923 125
159 825
10 978
402 635
117 731
78 676
741 962
790 279
277 308
361 283
471 371
337 564
935 940
533 442
886 514
744 672
736 481
496 318
462 547
799 1000
405 351
758 830
918 605
69 474
868 827
524 172
905 907
982 249
857 123
224 376
652 715
534 228
920 858
151 581
246 882
324 742
401 240
357 552
290 501
484 950
254 655
823 456
326 208
154 312
269 406
395 671
582 530
901 297
700 937
933 917
824 694
744 238
711 246
347 948
897 138
505 772
51 921
721 964
302 387
502 408
598 679
501 352
235 86
322 727
99 557
531 421
86 839
411 70
313 681
633 138
852 765
711 467
556 223
867 697
209 291
641 953
513 493
662 362
500 951
391 495
949 510
120 992
767 606
454 544
310 842
790 80
698 972
819 915
448 339
180 424
600 288
979 332
536 616
367 589
271 285
579 144
939 269
341 547
636 49
584 755
646 391
786 512
963 145
238 284
535 196
300 384
754 610
356 47
258 40
943 393
590 657
630 162
212 961
560 496
763 74
433 720
530 603
325 137
624 459
953 183
753 859
251 562
168 482
109 340
279 238
246 159
216 842
72 965
872 386
387 366
198 952
625 413
257 971
392 683
815 555
115 219
31 814
649 276
928 782
589 731
175 185
852 574
549 48
202 849
711 840
381 5
21 708
136 60
515 936
794 271
794 592
229 264
728 471
871 472
900 264
964 274
875 313
201 366
198 691
155 543
601 92
31 286
214 196
839 708
344 59
339 916
425 986
181 303
108 285
564 757
531 552
890 979
10 615
350 903
26 804
267 326
119 796
95 847
291 978
629 134
1 315
331 746
618 641
645 70
139 465
952 372
573 492
680 333
820 537
378 458
809 985
450 623
752 962
351 722
523 293
978 520
828 201
571 441
543 453
444 559
678 481
732 635
963 638
5 144
154 161
182 726
579 733
825 624
124 174
190 590
214 886
815 732
52 99
250 785
487 527
522 873
36 167
318 572
763 997
385 13
122 558
472 851
369 93
799 75
236 190
676 20
52 116
178 249
934 91
48 627
594 582
328 645
549 858
976 870
136 1
500 242
662 537
690 186
202 51
740 31
399 20
706 827
190 326
597 464
883 416
317 30
96 122
965 570
145 43
761 489
87 323
519 641
845 801
187 1
862 197
89 300
413 39
495 251
891 407
704 767
900 138
714 955
130 452
697 728
857 568
146 350
209 874
217 186
120 566
491 298
661 37
588 403
110 607
59 644
347 428
57 440
992 802
38 304
343 835
756 239
492 907
386 788
415 646
482 203
582 24
955 132
144 523
551 571
195 773
126 718
694 967
146 266
112 207
113 159
135 742
438 327
778 355
313 331
952 679
794 758
519 719
945 616
918 981
649 356
986 815
865 770
133 135
538 630
298 185
860 359
915 936
704 185
219 513
167 251
140 782
874 170
571 708
303 68
807 557
387 590
653 295
427 303
735 500
793 338
560 224
957 288
986 142
529 4
400 571
916 421
740 305
296 775
18 990
261 450
291 842
4 818
404 893
460 757
812 62
448 248
881 621
638 675
76 306
10 832
232 299
705 320
295 954
799 902
165 205
945 321
75 133
876 543
733 31
740 109
852 798
85 519
837 303
214 686
169 819
313 573
35 392
293 124
901 673
948 245
19 122
685 186
462 36
611 589
594 703
684 77
528 427
322 624
685 174
606 475
745 633
832 748
809 347
336 561
886 196
233 22
796 171
464 779
204 953
393 980
226 804
314 335
935 261
463 41
904 794
964 130
509 197
926 300
643 218
427 792
779 957
604 705
928 10
442 694
221 443
479 788
981 390
849 179
721 652
738 204
126 444
506 385
684 637
283 749
992 855
372 360
210 43
944 308
608 70
772 467
242 483
660 742
980 822
262 655
327 489
197 624
823 962
559 890
342 491
928 48
192 697
565 321
909 814
626 129
43 304
693 712
801 239
688 929
109 850
850 549
455 891
367 542
436 967
524 236
876 375
52 275
467 289
645 507
428 151
740 775
281 871
965 895
101 481
715 550
26 149
174 28
691 426
360 188
764 464
823 391
692 383
735 248
778 509
869 759
709 765
748 126
179 338
836 198
707 264
814 779
203 44
129 252
666 711
561 636
559 646
202 788
824 429
617 470
12 327
36 827
770 520
469 135
871 708
498 344
109 13
360 450
54 848
956 997
197 448
504 365
261 946
572 394
64 480
259 942
257 503
930 298
698 8
332 640
359 730
160 402
665 78
177 810
765 442
549 224
106 535
455 928
255 835
822 377
626 352
83 527
745 763
191 713
381 862
978 563
59 398
93 686
593 317
970 283
191 41
262 340
35 539
550 699
547 794
822 905
432 461
155 832
589 973
307 137
900 456
736 800
537 191
777 803
53 745
177 942
564 477
14 689
55 13
963 192
563 637
174 835
145 320
459 812
948 291
591 163
854 664
757 933
955 749
605 377
259 275
112 818
877 479
550 824
223 275
272 278
687 590
213 909
989 848
713 80
550 616
794 718
227 606
242 980
536 512
64 376
109 41
318 55
984 606
220 775
161 559
20 462
405 756
60 561
316 837
615 102
899 249
876 587
563 360
661 412
152 905
914 985
418 573
348 941
183 690
586 944
503 481
463 422
