1000 5360
664 991
976 705
210 855
145 560
287 293
753 282
313 782
36 353
358 999
731 875
737 918
706 504
590 374
969 502
113 224
620 781
440 709
787 492
428 509
642 538
517 594
762 373
939 853
598 743
573 273
543 331
126 947
25 45
347 792
188 271
790 135
59 485
854 491
88 10
277 210
326 592
664 488
350 989
451 781
331 704
451 419
222 760
153 305
578 453
662 34
585 69
393 79
669 841
603 721
400 269
612 328
349 619
178 111
836 929
33 973
154 782
702 301
950 537
3 767
430 82
247 533
864 535
851 799
97 241
885 31
889 4
569 246
949 554
35 85
860 313
46 317
955 768
24 104
641 966
891 445
219 212
390 519
649 845
458 623
383 45
350 94
685 895
572 220
1000 262
209 164
999 621
945 917
446 607
336 698
502 704
818 299
331 609
828 818
757 824
392 535
272 494
102 709
372 95
533 298
69 861
182 987
715 678
442 773
748 993
574 717
246 757
422 106
69 779
816 749
779 919
397 176
58 482
459 500
740 339
709 569
436 961
537 34
90 187
609 254
171 424
987 17
503 303
145 480
562 49
722 113
523 458
319 769
551 11
47 587
175 531
667 776
14 721
610 74
188 836
367 15
398 724
14 996
419 966
586 344
592 259
66 380
77 593
352 594
766 993
385 371
324 591
591 855
985 78
458 649
839 569
538 513
202 915
143 600
817 504
362 263
761 17
177 816
658 564
799 555
928 298
609 355
243 592
266 695
503 238
728 345
77 355
228 762
184 335
654 84
593 95
15 263
140 644
462 100
49 124
596 469
836 680
775 459
412 381
67 518
576 315
628 306
733 617
61 676
113 31
540 72
860 706
179 270
914 467
401 921
682 968
519 671
801 978
812 420
952 294
386 702
178 836
966 882
967 619
531 670
340 515
520 973
929 321
797 702
65 886
194 253
21 49
841 865
138 168
255 420
358 923
47 967
327 394
846 507
244 641
544 632
474 51
858 90
936 348
118 999
491 462
810 506
43 917
409 371
36 51
904 557
686 965
42 903
958 195
533 628
315 380
563 755
369 248
650 679
713 140
4 767
815 242
848 983
707 966
231 542
97 762
232 254
537 810
828 488
295 289
578 701
276 515
692 437
323 225
953 516
565 968
649 464
438 554
556 173
405 411
923 649
784 765
869 712
270 4
852 953
611 459
749 279
271 174
988 952
519 878
685 514
83 272
356 665
134 294
766 322
818 396
742 860
393 236
865 426
84 155
674 762
968 169
527 464
301 205
434 828
605 215
817 295
459 69
910 795
449 670
319 944
776 610
447 31
948 808
811 651
422 245
55 331
768 452
247 434
788 625
750 511
822 253
930 838
869 997
757 804
830 579
478 318
465 883
854 523
130 407
228 190
633 588
377 445
75 403
53 253
758 897
408 51
913 287
977 36
34 66
795 390
670 756
987 61
348 985
284 743
922 339
635 928
375 79
786 215
575 542
537 767
763 293
145 415
638 565
335 778
49 475
863 632
919 273
766 3
138 532
191 875
580 180
912 203
711 927
426 689
430 53
164 10
825 885
7 163
45 127
131 553
890 833
570 586
443 555
784 466
153 914
169 480
929 320
619 878
257 946
623 932
55 785
324 709
194 962
668 688
999 750
894 176
397 451
770 653
993 792
496 441
419 133
697 780
111 681
44 177
718 618
251 174
586 969
899 400
333 955
592 293
66 225
294 880
947 792
329 344
18 690
230 201
207 908
144 841
192 814
468 660
740 574
885 953
560 229
313 507
626 816
465 466
841 408
533 23
234 203
254 547
716 809
595 536
486 743
316 742
979 119
930 520
725 870
925 829
15 437
724 407
466 337
305 287
313 716
330 895
773 329
370 318
137 139
757 448
270 623
655 188
161 45
390 956
936 123
572 456
177 978
982 819
220 591
551 468
699 35
822 599
265 324
331 218
320 570
134 440
273 874
521 849
409 207
201 568
486 460
904 244
294 555
158 287
24 369
531 730
560 951
631 855
255 371
875 606
50 797
229 713
774 122
192 535
554 461
321 845
422 265
707 600
132 664
92 668
638 463
398 552
311 535
735 784
16 14
361 146
237 340
155 209
910 647
278 477
607 487
200 913
912 34
349 212
805 905
145 65
486 825
719 911
905 708
613 289
555 125
925 470
691 751
894 706
968 559
322 460
725 414
677 830
604 736
380 480
384 903
987 806
161 416
22 213
476 564
25 690
17 521
848 603
123 295
752 899
307 468
564 818
366 112
177 803
10 194
482 421
637 225
644 683
438 411
283 532
242 913
532 331
512 969
321 552
614 435
104 101
978 389
724 49
801 767
395 961
931 744
790 242
717 575
700 800
686 314
823 523
714 234
725 669
490 605
144 389
250 291
271 702
122 314
75 696
230 627
859 870
414 242
984 815
974 585
65 278
119 293
688 754
180 856
164 374
30 246
597 874
17 136
11 232
269 148
400 24
829 290
193 604
811 888
608 397
250 32
213 20
811 965
137 346
185 218
209 24
693 466
737 16
306 17
286 754
10 177
603 200
31 654
989 979
963 163
943 66
233 851
415 266
561 937
535 41
520 623
5 43
717 779
435 413
822 742
871 701
545 419
820 551
723 710
904 457
244 410
428 552
393 82
87 57
737 305
843 153
745 706
575 693
640 249
739 492
83 279
343 71
354 170
204 120
249 338
897 808
208 118
303 55
372 85
334 800
76 717
174 730
4 920
367 344
717 818
561 770
307 212
316 858
438 380
162 920
2 619
832 199
623 773
681 829
25 893
459 359
176 470
63 458
34 523
349 371
357 576
622 968
685 982
416 973
140 659
278 593
636 8
101 182
399 561
529 228
96 352
174 838
768 715
615 395
417 674
978 366
262 434
1 327
962 964
386 929
348 422
209 90
49 697
505 13
402 1
615 363
698 417
727 165
225 252
172 916
60 421
620 922
570 952
954 534
496 286
115 860
694 389
281 147
1000 606
227 45
695 789
11 898
453 981
94 37
548 281
488 525
784 772
789 358
928 162
425 430
505 141
689 760
67 449
808 756
266 240
875 853
518 926
213 897
307 374
332 677
970 675
74 383
486 520
53 954
952 113
151 981
940 487
86 420
482 385
965 614
718 389
58 573
55 715
782 161
316 946
456 805
578 649
186 817
199 480
538 158
91 92
339 685
282 974
738 217
451 653
121 688
92 975
551 245
291 372
85 289
622 660
498 158
420 907
513 107
762 844
958 259
824 619
325 261
697 882
115 565
54 93
978 818
180 566
273 230
633 753
370 137
811 105
947 583
321 946
798 213
544 772
584 408
239 247
453 982
163 457
11 498
540 377
570 292
174 96
355 359
289 91
366 58
74 282
482 656
120 460
473 247
79 521
513 701
128 190
844 382
279 357
896 823
788 818
536 543
971 711
218 64
260 497
640 899
563 152
343 505
441 603
274 706
617 746
79 914
140 250
897 191
430 717
365 85
254 871
165 370
114 250
152 642
169 987
183 595
135 938
314 642
244 222
49 125
517 311
20 119
330 650
476 768
654 113
175 586
619 776
136 933
587 377
236 131
1000 545
270 837
372 81
436 84
634 694
383 873
251 337
695 797
10 767
125 857
65 826
928 48
81 214
697 88
6 925
406 637
137 748
402 286
924 579
547 118
425 793
979 308
772 230
864 531
628 1000
989 411
486 22
406 518
514 216
448 612
204 941
518 839
236 130
141 872
911 730
385 568
267 665
110 680
711 136
664 906
25 532
699 213
86 279
500 877
749 206
325 880
172 393
733 418
66 846
590 26
739 621
406 531
888 685
206 84
628 270
454 80
832 670
367 191
135 308
855 387
187 152
937 620
998 705
34 549
402 861
157 980
306 61
368 950
934 646
685 136
683 241
442 39
465 259
177 225
3 478
569 370
602 934
979 864
323 69
925 287
276 368
923 959
475 760
833 329
223 266
106 613
893 31
44 726
300 149
426 604
57 988
625 73
796 249
299 205
513 630
119 883
273 688
22 113
782 264
40 276
226 763
525 785
585 258
773 661
410 891
337 999
826 22
655 320
992 456
553 690
730 571
222 446
159 60
384 188
508 900
709 31
895 864
583 814
655 329
316 525
353 301
46 946
724 380
707 216
23 307
526 79
509 45
580 890
520 293
145 911
907 589
857 659
423 466
583 668
343 21
369 637
20 363
449 189
889 606
958 160
767 539
9 732
131 970
777 830
635 89
47 987
925 273
882 687
641 591
629 145
113 709
508 981
576 958
139 409
464 445
223 288
378 199
458 42
579 292
363 226
465 370
716 743
114 218
634 875
893 969
513 951
918 1000
638 549
455 917
603 165
498 512
534 248
96 703
393 816
485 58
716 134
985 55
599 555
568 447
209 208
275 575
156 61
429 505
373 998
543 288
201 97
501 903
291 385
623 275
991 54
257 220
187 891
539 56
560 903
297 593
101 268
211 242
188 67
783 885
68 822
738 616
253 293
675 243
695 458
737 771
59 157
735 59
16 552
343 918
304 499
804 790
760 553
334 880
187 970
474 718
312 336
720 67
424 562
987 747
529 987
92 624
797 803
688 38
19 877
885 248
357 264
913 808
937 383
19 971
89 81
888 811
818 729
687 947
72 254
110 534
689 316
963 593
462 370
643 645
509 547
870 686
49 885
121 142
64 156
955 210
452 768
896 468
19 66
193 760
496 747
202 855
167 710
715 838
988 129
120 680
581 624
577 128
699 890
946 24
910 482
252 734
374 287
450 465
330 132
197 112
5 193
705 899
436 192
702 288
89 689
447 775
963 646
854 719
276 736
934 559
258 504
120 861
270 422
839 195
336 854
964 981
673 550
410 948
327 26
467 694
220 720
273 315
120 612
694 810
667 205
565 858
252 286
230 553
836 854
142 377
419 793
212 326
898 340
142 481
600 356
634 576
566 600
509 283
514 91
759 625
632 83
405 129
404 53
262 633
577 302
999 611
533 331
183 467
427 386
115 570
519 271
491 134
910 744
19 584
363 249
419 300
11 617
256 732
666 971
833 614
932 999
754 817
349 510
188 716
273 697
75 408
69 802
263 553
987 265
132 848
619 424
130 140
628 864
573 124
959 562
166 502
581 759
264 988
468 361
348 74
86 511
493 649
457 485
813 799
616 473
902 277
144 400
242 399
868 159
460 696
634 714
533 171
940 488
776 963
680 804
205 956
528 894
442 239
883 128
237 50
74 594
739 62
700 735
589 871
594 150
830 272
635 137
54 452
794 753
394 86
835 224
913 282
873 733
864 378
227 620
775 50
19 699
722 323
54 583
58 364
374 221
145 36
667 89
265 690
109 98
598 381
996 100
343 333
153 516
977 272
530 104
244 197
490 373
628 501
270 663
137 300
489 364
47 909
513 209
911 859
815 348
612 97
627 568
727 459
486 428
412 379
919 468
35 509
567 887
816 843
620 743
154 129
298 508
240 498
381 801
623 65
384 221
997 993
977 180
122 750
690 692
954 2
194 176
772 105
138 48
358 125
833 263
942 738
377 924
850 403
607 74
745 243
438 895
904 957
845 609
815 53
780 284
537 781
283 389
247 721
220 219
614 523
772 536
228 280
822 44
887 1000
391 26
678 234
187 778
38 742
527 773
318 985
573 628
643 660
235 66
773 830
364 389
896 381
453 457
364 985
273 429
430 466
422 131
21 900
822 292
141 338
911 882
511 721
291 77
319 400
265 815
741 486
586 336
445 588
421 266
863 919
275 765
63 208
627 597
662 891
135 343
975 59
526 312
571 260
192 150
366 864
109 348
591 395
6 91
652 751
210 939
588 553
883 430
203 370
183 702
321 862
303 146
811 128
11 909
9 261
427 71
854 980
279 698
300 653
481 422
141 807
646 861
819 631
841 287
872 568
528 968
559 430
301 685
449 370
494 899
985 313
213 312
17 589
600 208
818 850
178 273
824 394
513 199
204 250
846 585
72 987
688 794
662 313
121 857
810 399
855 185
979 2
748 946
286 986
511 694
531 428
673 53
710 90
681 601
63 561
504 891
747 730
278 580
304 857
147 277
373 1
895 223
960 991
746 212
334 331
324 12
430 258
983 457
774 998
464 940
725 964
985 157
63 797
354 47
501 717
268 105
946 952
460 342
447 384
678 398
87 104
120 939
796 164
18 317
472 38
973 830
37 787
161 495
230 660
133 49
803 814
298 285
129 834
336 469
328 845
569 896
459 321
809 594
347 11
156 145
621 675
736 753
359 623
870 369
663 416
557 492
500 419
896 281
603 345
299 932
139 903
697 307
561 463
25 897
685 101
124 118
531 268
193 124
460 391
698 84
898 271
356 832
79 91
363 870
895 620
963 427
969 333
520 645
714 217
895 520
577 516
451 939
52 745
553 936
330 155
132 575
872 4
106 27
572 377
252 107
789 515
770 195
25 807
941 817
348 327
804 576
336 864
399 832
543 714
399 516
827 203
252 442
31 948
69 679
244 762
204 913
317 966
271 459
83 574
89 532
49 674
342 656
856 751
42 893
381 959
411 304
647 295
755 230
369 8
255 139
518 416
218 270
87 854
715 995
239 368
602 263
200 72
423 952
395 795
164 163
989 41
678 532
724 960
495 393
118 553
335 943
906 1
543 324
468 690
372 171
734 871
802 259
810 27
798 432
801 659
699 329
247 727
758 992
436 117
162 197
828 494
461 372
880 384
961 402
875 114
4 163
790 27
696 431
93 163
268 161
352 687
457 463
795 114
613 45
486 143
452 570
365 976
922 912
145 290
570 696
845 446
114 380
689 274
333 300
307 230
239 754
354 800
405 813
249 360
90 738
810 540
515 558
88 613
277 909
579 145
177 367
120 255
958 501
23 814
623 128
235 94
201 195
318 292
903 860
386 387
318 303
328 694
489 491
85 423
334 530
760 283
902 173
958 836
681 575
886 478
824 309
190 778
425 732
724 53
863 651
109 634
72 652
657 660
45 928
485 485
789 968
904 35
754 524
382 613
970 696
240 546
79 26
538 818
720 518
332 835
454 242
538 701
168 642
828 966
719 445
470 952
18 798
705 150
260 644
616 818
273 330
916 826
220 920
353 222
340 144
71 636
955 537
657 893
6 616
369 189
800 930
714 278
478 428
989 942
292 91
685 596
118 572
915 607
736 501
922 527
895 514
340 970
758 33
803 761
354 798
433 176
790 640
553 521
520 730
523 897
874 691
636 338
706 918
507 768
834 827
918 796
336 60
771 740
175 257
975 393
141 797
642 135
763 238
465 360
608 16
715 802
670 947
253 300
452 969
438 789
482 913
827 861
104 559
596 754
735 473
597 309
158 667
718 210
774 388
212 364
823 39
638 230
841 275
32 795
628 236
171 63
288 727
243 531
869 290
944 541
413 906
662 581
957 2
301 458
168 363
65 707
796 22
827 487
282 44
262 581
578 111
459 284
229 582
501 717
897 501
902 116
937 58
408 186
363 945
957 294
504 985
960 639
711 477
242 148
74 981
734 764
599 530
68 502
656 341
810 395
884 16
470 535
644 715
293 987
606 865
304 374
358 144
834 23
432 197
507 309
199 46
880 199
465 382
56 60
553 164
168 861
844 460
328 46
188 676
852 521
424 576
453 426
402 160
485 148
575 181
406 354
563 351
636 823
371 121
62 423
224 515
137 211
411 824
245 649
939 406
30 546
32 272
356 603
116 95
139 652
437 197
996 740
493 752
523 418
66 909
982 118
606 611
500 718
663 204
372 825
288 775
154 768
183 849
653 399
941 967
452 761
745 941
460 282
805 194
659 914
423 314
25 56
306 67
962 133
371 152
797 557
660 145
416 242
956 225
945 369
636 567
430 138
731 189
54 540
12 212
198 671
755 694
366 688
4 531
209 64
396 773
224 149
549 963
936 136
183 994
55 54
505 359
115 919
220 382
491 594
49 575
92 463
845 819
941 715
524 787
339 136
652 850
54 898
525 214
562 307
592 699
215 503
149 167
482 401
267 183
290 93
388 441
147 100
582 440
718 171
163 604
951 715
505 791
590 579
236 560
503 90
407 972
18 517
295 432
19 495
624 1000
275 756
165 404
909 749
12 13
386 543
952 885
734 315
542 164
16 152
768 243
46 141
5 101
991 103
391 465
343 889
643 954
550 767
925 943
713 898
953 275
48 15
227 102
230 984
104 754
445 689
3 150
983 884
953 119
502 222
941 138
172 967
77 916
212 270
650 98
783 867
324 89
960 435
660 687
849 80
361 504
275 270
588 290
146 367
563 913
351 248
409 548
308 690
428 254
723 42
934 270
728 609
294 55
306 212
828 793
182 149
392 726
684 64
995 933
784 791
156 651
58 167
68 509
279 873
98 848
485 698
241 41
155 211
245 549
639 521
314 562
70 302
853 924
631 286
536 977
360 611
570 357
256 706
565 591
819 844
407 154
290 606
953 253
560 529
307 940
142 170
342 108
279 331
424 499
485 592
508 862
402 708
159 808
312 961
324 778
866 827
785 53
608 310
368 378
335 331
839 75
927 64
600 263
515 229
778 778
212 959
270 146
199 944
146 891
786 845
138 428
971 87
730 328
1 603
29 766
849 394
9 114
370 833
321 617
817 562
250 345
806 82
126 375
117 89
732 14
55 141
653 623
478 439
241 587
364 44
912 659
237 885
194 697
464 479
216 844
570 116
600 616
962 369
180 19
886 214
628 330
13 793
503 738
372 251
870 423
89 841
738 480
35 524
89 24
560 18
445 167
332 282
28 416
689 180
473 801
922 175
433 605
198 409
312 437
307 723
658 227
257 402
442 445
395 103
934 248
234 856
72 147
369 845
927 720
618 795
340 782
55 349
342 673
122 942
126 504
709 400
755 943
443 8
376 435
86 111
729 128
46 435
978 622
368 340
248 496
764 823
253 404
639 687
264 445
591 991
755 204
706 641
203 731
871 610
52 257
474 643
699 473
189 714
338 66
914 31
223 528
530 535
693 762
337 989
257 66
487 436
198 792
272 662
714 807
437 928
631 759
409 883
179 529
925 213
992 38
421 278
180 169
337 508
730 592
229 183
400 815
65 69
215 268
73 223
918 732
974 978
847 533
339 728
17 682
345 260
212 955
811 257
824 338
131 732
710 582
867 397
909 324
885 163
375 609
92 709
945 809
784 113
606 739
542 88
597 811
654 792
855 151
467 297
234 739
783 169
728 413
252 656
344 897
219 588
52 637
593 71
946 646
533 804
236 858
972 77
48 388
821 488
888 644
446 893
90 652
989 530
657 436
167 399
58 374
668 106
536 802
633 317
545 628
477 659
711 617
564 46
680 950
239 204
807 537
922 85
768 118
853 271
711 939
324 954
274 836
415 669
379 312
362 87
279 922
486 902
313 560
358 268
887 456
211 613
836 462
921 722
45 679
24 49
708 778
667 82
264 282
996 715
707 277
678 382
427 560
138 854
665 80
395 845
333 154
738 337
400 172
706 970
992 282
69 334
104 818
453 526
109 496
588 446
730 763
869 920
589 558
864 922
903 240
202 771
352 284
466 882
905 162
190 455
169 268
892 232
33 890
105 662
887 222
205 197
543 769
45 744
53 412
888 538
52 56
371 597
690 855
949 279
450 336
51 209
384 183
805 847
369 466
271 522
392 693
809 105
106 423
408 931
427 419
867 270
295 912
790 660
658 561
922 9
552 846
515 854
374 449
601 649
703 714
464 27
48 380
624 864
67 685
741 890
88 58
344 711
784 353
756 87
505 245
314 751
181 341
301 736
98 557
719 408
115 307
626 519
645 459
128 956
995 52
956 390
3 753
359 340
799 609
620 973
557 272
971 600
287 588
930 374
708 496
559 955
853 188
247 649
289 907
27 628
969 891
942 382
292 353
928 285
965 426
230 433
832 515
535 415
769 459
88 48
700 76
913 738
414 981
263 446
787 530
240 1000
157 922
377 435
84 416
403 130
600 92
386 944
401 207
189 737
320 154
249 551
459 519
846 278
365 574
432 927
619 578
199 753
824 898
183 499
978 240
945 868
867 805
809 212
552 43
214 696
686 826
748 785
936 124
845 685
634 992
756 829
993 746
969 222
313 522
728 824
702 209
601 442
571 703
361 356
558 720
576 579
25 793
730 32
955 616
950 129
149 242
658 271
254 675
692 239
384 809
938 233
920 265
900 28
361 625
508 104
242 956
429 906
947 994
433 780
332 269
826 994
823 996
442 629
481 339
114 444
805 546
263 943
233 74
432 50
878 475
538 632
284 289
748 589
348 434
155 531
44 185
607 670
535 343
356 384
266 596
714 590
464 314
174 640
423 939
687 533
289 38
57 893
684 502
565 269
186 410
455 751
386 263
623 471
221 265
993 95
58 910
901 108
778 651
191 254
124 428
536 484
43 121
235 390
875 643
505 521
591 211
726 399
798 140
425 220
793 372
552 490
103 735
50 382
762 52
283 424
192 222
467 407
386 548
807 691
360 17
39 937
250 380
846 267
985 641
38 949
620 239
169 273
795 793
809 636
496 293
408 79
265 607
817 470
800 719
933 908
875 855
359 14
340 870
137 187
137 23
908 35
341 155
588 797
102 267
242 46
221 471
424 481
129 665
816 10
460 330
398 794
956 37
193 126
491 63
14 304
64 85
437 268
132 46
18 684
166 253
637 917
464 8
283 352
79 636
3 418
430 766
425 892
84 851
326 227
937 849
414 345
469 772
496 794
586 210
826 241
965 127
483 536
449 602
95 235
427 614
343 174
879 418
94 522
953 906
189 220
885 811
847 750
761 18
494 949
885 518
668 809
378 818
227 264
544 124
766 723
750 105
725 326
902 870
933 805
126 704
6 450
888 702
883 560
746 257
613 275
671 147
249 573
357 933
965 83
213 871
447 734
158 964
78 531
603 891
143 555
912 783
17 908
704 880
9 326
258 736
455 78
231 999
255 582
718 176
642 107
449 994
562 494
205 951
825 292
46 904
699 446
976 583
503 538
623 307
178 256
408 512
747 197
62 860
32 755
910 43
480 695
939 821
648 482
611 611
598 321
831 757
1 941
799 430
871 868
36 446
164 38
197 431
874 536
947 129
892 804
236 151
97 831
363 208
255 522
886 318
94 26
959 282
785 809
556 198
201 514
568 953
921 736
943 351
611 232
21 7
977 602
624 323
701 12
506 891
145 551
848 586
856 232
949 648
796 920
136 534
365 69
545 653
832 335
592 991
757 108
511 772
65 276
859 143
282 877
502 751
758 976
792 735
788 826
994 525
488 692
505 742
172 228
65 569
554 210
815 376
515 436
350 2
379 458
227 220
642 682
721 227
388 133
398 675
250 312
996 395
79 332
369 343
812 95
527 293
717 217
213 464
202 648
900 9
127 436
522 640
580 491
547 679
85 6
235 768
75 307
973 962
985 505
607 576
64 831
124 25
891 877
104 633
484 576
136 119
749 187
952 541
568 921
274 508
464 116
294 277
93 769
468 728
356 898
683 177
957 650
38 278
467 84
970 538
592 53
914 430
950 925
275 978
926 347
400 456
773 414
863 138
674 932
665 167
610 518
854 986
932 618
591 795
62 504
194 84
526 806
266 260
761 716
637 232
959 729
364 333
397 772
726 744
506 59
205 590
858 240
367 844
614 134
158 616
34 881
49 101
558 123
665 668
918 200
653 686
810 243
126 498
646 358
155 637
139 39
799 37
68 173
182 502
762 663
836 725
353 493
965 287
49 485
262 923
29 215
3 724
783 386
431 800
922 485
679 91
879 326
615 773
441 903
371 776
209 755
327 267
194 846
640 209
14 739
145 891
839 955
311 290
999 828
917 958
17 640
801 738
445 938
245 85
376 597
31 954
161 540
385 225
590 531
193 652
365 277
10 979
123 11
578 824
481 996
474 284
121 159
873 480
573 562
146 709
1 15
313 444
396 706
393 439
915 284
137 390
446 27
154 507
633 727
171 279
708 351
790 594
620 810
520 367
592 847
28 701
852 237
81 527
81 203
295 109
411 929
559 425
354 477
808 947
722 184
178 982
979 622
199 280
785 418
837 118
885 967
885 53
466 232
591 186
665 929
756 124
581 835
210 164
776 860
780 756
428 261
960 949
931 146
607 623
864 702
728 141
820 420
717 502
138 255
596 230
730 667
839 986
994 201
813 984
184 583
535 37
377 414
507 572
6 466
373 614
90 78
633 700
557 981
370 823
644 450
335 209
934 665
736 225
880 51
125 459
218 86
703 654
281 579
101 36
371 983
361 309
53 810
680 684
184 467
702 144
136 393
392 141
708 899
847 233
145 714
396 55
423 514
478 287
930 789
165 532
626 335
443 885
171 443
686 700
390 692
480 402
431 349
775 953
813 482
981 672
812 581
848 971
710 234
795 433
326 130
276 612
636 780
44 564
876 264
106 948
342 178
536 156
367 365
53 549
663 13
33 672
298 4
148 624
407 54
999 843
196 324
641 389
711 429
915 236
758 273
397 437
697 516
519 318
674 881
264 42
788 964
163 128
529 7
981 124
779 470
417 613
716 315
588 909
317 810
904 364
507 22
677 862
677 715
684 344
704 777
490 223
483 680
659 417
307 398
469 201
848 858
832 407
982 309
357 190
973 996
12 853
474 520
716 527
76 917
527 251
871 822
635 388
396 775
770 841
831 58
163 150
352 771
391 90
307 604
156 191
904 946
198 150
699 317
241 992
293 564
664 829
169 775
25 913
752 227
695 474
414 546
543 388
818 680
915 589
930 791
378 65
821 108
158 311
247 680
524 897
416 55
672 888
205 476
654 151
510 747
114 435
678 246
953 969
959 393
550 704
539 542
46 474
996 178
68 496
684 814
766 443
190 183
205 460
892 230
849 676
166 664
147 397
825 527
738 655
989 999
47 275
591 634
280 452
197 741
416 249
540 161
365 413
550 970
857 151
92 803
747 602
728 33
507 950
622 955
345 837
126 985
470 775
548 306
345 575
336 124
611 691
671 639
587 815
64 266
60 843
551 93
986 281
989 270
105 464
110 60
886 116
777 935
299 555
372 422
559 409
230 647
924 69
651 346
232 882
452 446
588 863
628 51
272 703
348 791
285 474
703 26
417 450
447 257
111 535
670 486
36 916
502 246
307 887
322 2
274 837
34 383
611 235
851 590
628 590
821 372
663 740
971 563
475 969
774 72
417 995
339 155
351 327
688 90
161 282
251 605
563 720
3 187
320 536
525 236
438 285
512 942
576 543
737 905
115 696
944 186
105 848
313 835
641 530
397 913
645 812
990 973
146 251
606 828
59 141
905 479
151 284
118 244
647 786
618 43
673 320
613 273
223 109
410 648
273 981
595 93
198 743
524 1
911 798
123 689
197 946
975 527
798 300
974 678
228 765
916 521
453 319
475 677
660 722
190 170
367 937
756 958
935 883
275 874
731 634
779 3
109 823
463 226
547 492
152 469
71 560
49 339
8 823
108 516
887 272
683 759
475 717
432 922
893 822
797 542
597 54
453 416
891 604
82 626
222 812
692 743
977 956
432 954
585 15
414 400
120 141
267 345
285 97
749 779
370 938
570 735
557 298
953 178
983 626
286 862
256 812
563 494
961 760
362 229
752 152
612 16
160 627
469 575
310 205
533 432
237 678
344 764
843 519
111 664
978 904
429 494
824 765
515 361
959 868
901 948
549 488
403 324
909 385
313 185
901 474
639 970
534 858
473 574
183 164
816 491
634 934
247 498
342 398
191 929
3 568
259 656
353 681
445 829
929 384
87 216
818 223
651 79
982 806
172 411
322 545
882 233
754 317
202 387
738 543
852 36
606 549
651 704
691 426
849 233
411 38
136 987
86 364
737 729
115 675
977 77
707 822
335 260
79 932
224 144
109 672
228 284
519 9
822 748
603 252
335 770
548 245
555 58
975 130
714 263
887 144
793 963
530 923
527 403
2 259
440 761
941 857
61 849
454 783
746 28
273 373
543 840
746 924
672 5
263 295
645 305
706 733
218 542
640 537
480 439
772 90
427 398
245 147
377 601
195 140
937 640
526 943
218 681
815 268
568 525
333 29
50 1000
506 987
670 964
188 791
716 414
308 578
503 208
226 717
928 470
807 874
42 561
249 385
639 215
587 851
369 384
890 435
994 395
745 936
589 279
822 549
154 194
746 825
438 750
309 896
584 927
625 319
350 518
818 748
318 809
604 915
925 472
237 58
676 402
950 534
285 86
614 684
50 106
575 81
687 272
87 690
27 340
753 781
523 455
545 430
55 615
572 459
75 661
989 761
712 309
905 61
104 457
220 323
501 71
50 586
874 110
943 765
688 117
47 260
827 301
503 153
427 34
490 452
820 453
733 40
878 973
467 699
117 545
361 714
98 351
475 674
816 73
470 472
728 851
580 682
653 462
899 948
873 568
270 349
182 10
2 335
438 897
410 914
444 917
188 881
985 380
98 819
616 400
834 219
81 957
214 753
778 796
437 695
49 499
224 109
627 763
158 62
129 497
520 641
190 141
718 552
418 542
488 460
626 923
893 183
589 427
344 608
736 695
853 923
931 859
977 599
451 568
224 574
510 205
564 768
817 473
229 768
77 243
324 317
374 635
542 811
827 998
167 368
217 693
236 431
648 326
184 536
676 82
616 542
365 949
999 47
727 482
243 472
811 757
990 655
773 846
917 807
60 356
781 751
420 896
993 435
831 502
661 378
696 440
366 510
879 258
248 799
776 87
815 552
787 906
830 241
421 966
587 67
142 847
168 175
106 903
740 31
488 858
888 716
38 434
627 718
226 707
135 215
754 416
321 465
126 237
508 555
152 418
287 608
371 326
795 423
121 610
118 884
516 874
98 870
774 312
398 463
64 713
20 895
399 421
378 465
218 267
905 437
950 891
321 252
506 226
507 607
995 202
797 937
897 255
386 984
688 779
871 312
976 666
559 712
814 999
144 778
921 654
196 511
821 671
377 530
347 18
754 640
383 957
283 990
897 551
296 299
397 1
991 33
99 464
305 680
7 117
677 316
802 180
326 570
503 80
792 423
263 894
702 921
590 293
207 323
283 508
749 462
820 404
188 483
784 2
937 161
67 687
409 781
21 880
253 189
499 326
245 260
261 366
809 82
94 417
746 521
896 702
911 665
837 260
160 964
207 464
583 35
816 989
954 799
171 991
539 936
546 399
256 642
781 506
571 67
281 90
794 887
806 3
504 52
793 431
427 830
176 827
316 12
937 24
794 969
155 571
567 28
282 493
337 816
599 323
458 757
870 279
17 157
215 437
295 640
286 695
323 984
187 650
711 30
411 743
672 739
757 466
465 744
685 927
433 615
4 24
248 799
278 416
86 411
922 419
957 892
710 163
586 147
105 693
8 984
679 546
980 606
897 439
698 772
186 229
519 277
275 561
364 281
167 533
874 634
288 621
448 912
504 723
439 629
625 572
799 938
278 121
159 200
607 695
809 336
641 495
795 172
116 879
975 275
595 998
643 441
111 140
666 156
957 304
522 688
635 216
372 588
135 341
647 531
344 180
382 637
507 926
837 131
607 504
559 758
1 428
483 32
377 887
483 481
459 721
467 588
608 88
720 135
802 813
367 599
155 629
633 505
71 961
229 938
725 830
406 905
674 422
737 751
774 870
609 878
92 158
883 855
134 900
930 138
512 649
164 482
120 218
114 510
157 856
212 538
77 40
203 356
156 44
638 175
668 473
22 515
872 135
593 659
559 732
178 173
208 361
887 166
136 291
858 492
229 515
889 322
111 807
879 479
825 671
344 623
589 696
57 792
885 477
157 751
251 361
145 81
946 182
769 2
842 121
744 17
928 779
765 26
307 577
40 747
200 493
121 143
712 228
490 838
973 230
88 459
104 97
661 148
622 406
945 198
174 811
981 351
20 607
734 754
442 80
968 726
674 880
144 15
973 188
705 524
311 260
496 183
64 63
944 136
436 164
503 499
84 409
7 549
915 271
206 235
283 476
326 819
181 336
262 296
348 856
151 82
51 847
47 460
242 568
66 77
85 789
908 959
485 835
352 827
837 723
476 891
470 811
387 239
323 443
353 713
518 385
659 136
561 909
197 793
518 581
985 865
648 907
559 636
503 282
375 930
288 444
305 820
691 791
181 523
195 99
843 426
274 294
957 687
394 736
576 782
636 743
55 150
837 804
456 130
684 565
76 313
302 529
939 966
35 631
198 608
110 751
763 355
824 183
309 142
901 7
834 163
181 325
371 779
269 922
247 263
180 156
576 856
518 874
620 111
492 283
773 349
426 639
690 117
280 804
260 645
26 442
258 553
88 968
237 216
215 973
108 509
29 847
602 439
425 896
379 689
249 411
811 995
905 588
551 135
395 109
977 237
898 770
8 687
269 966
150 941
907 331
16 851
985 63
994 790
941 105
776 955
367 360
94 400
194 396
601 257
896 307
932 764
475 246
988 109
709 737
348 171
361 110
186 41
207 515
344 854
844 751
164 861
895 633
672 414
718 593
627 435
7 357
878 284
927 670
471 492
207 496
393 921
305 485
2 72
215 787
69 958
885 905
78 432
306 142
672 852
11 291
90 742
960 907
605 596
997 314
656 194
115 539
861 207
820 425
353 326
754 943
263 550
272 704
702 915
807 96
943 275
987 432
672 57
236 814
795 101
134 531
511 193
705 563
422 710
705 712
190 781
447 360
56 583
238 930
980 614
359 61
275 761
613 770
331 36
922 117
735 637
56 551
341 344
937 543
270 677
328 844
177 469
598 493
136 776
950 993
993 953
440 399
534 136
282 1000
846 727
946 272
642 622
853 80
272 280
940 63
876 707
690 580
450 196
71 454
597 857
968 820
612 317
988 21
495 511
104 202
814 947
36 519
970 559
621 494
898 760
905 563
808 499
782 145
810 660
899 203
921 922
684 132
453 217
442 336
470 366
113 184
21 327
681 162
881 945
710 655
211 72
568 796
923 498
732 721
199 724
56 709
835 452
619 664
564 589
747 631
452 254
844 723
394 91
760 434
334 130
866 677
889 216
130 49
35 594
20 758
275 68
832 91
83 325
403 695
322 857
93 946
208 294
682 714
229 703
257 774
498 748
88 623
142 416
741 450
354 530
526 239
22 613
683 509
354 31
487 340
973 597
666 377
282 950
33 445
30 796
981 846
236 630
984 525
425 633
651 23
319 498
307 797
646 349
511 355
231 834
396 180
823 314
161 996
122 958
539 677
406 729
82 459
443 329
178 600
690 490
20 761
683 859
970 518
941 14
894 518
698 692
739 41
352 159
58 668
57 879
207 1
220 294
746 316
274 212
527 567
129 867
662 806
69 779
827 692
226 616
319 917
491 591
373 586
790 501
134 152
518 768
134 457
144 443
716 81
854 590
702 706
911 996
403 1000
133 556
575 478
645 777
834 160
499 378
801 399
531 850
908 1000
929 961
558 413
394 713
729 130
921 946
407 777
475 342
994 607
979 949
125 300
807 587
984 639
256 757
488 560
78 552
612 925
378 98
553 301
219 591
711 520
26 101
507 741
893 400
907 17
855 247
437 967
478 117
432 163
140 881
752 790
120 958
278 389
714 676
494 978
810 325
384 385
609 513
664 604
326 554
918 1000
794 737
119 830
188 495
506 251
287 181
899 32
295 604
251 194
952 326
62 499
975 219
59 991
350 885
952 216
636 909
228 267
203 419
859 713
297 353
982 575
831 409
936 278
757 387
26 275
884 288
775 840
122 122
641 658
482 401
162 345
201 719
20 395
426 141
2 648
947 324
516 263
118 341
935 208
977 578
43 337
246 746
467 714
820 313
257 680
988 485
591 317
260 250
302 510
720 455
451 404
940 935
53 492
891 745
321 919
923 49
326 730
175 677
889 639
404 984
666 379
700 514
358 350
190 973
451 278
236 2
942 252
763 914
640 573
662 646
501 282
244 40
460 520
102 15
746 825
842 519
615 170
746 415
934 571
502 761
49 450
494 37
164 944
352 270
14 778
952 843
155 689
43 840
684 3
979 930
60 448
166 295
141 693
847 412
674 348
852 820
138 450
238 400
348 616
604 802
789 339
176 112
355 333
888 871
158 49
158 406
593 218
761 135
726 333
922 665
543 602
1000 400
694 439
884 884
710 469
126 326
255 481
974 70
502 420
963 943
898 348
616 921
408 337
714 743
497 152
611 335
399 468
386 621
291 120
785 391
930 678
110 586
451 947
218 92
458 336
805 536
73 683
544 549
18 940
897 719
534 776
859 165
25 842
211 609
763 229
844 763
24 163
900 774
689 265
109 26
890 992
285 104
194 694
174 649
901 347
638 520
877 245
888 387
357 540
562 334
197 350
629 903
505 516
416 787
450 555
246 896
203 685
555 881
261 253
698 318
795 974
274 769
439 661
564 633
59 642
287 995
281 180
549 940
564 178
219 680
636 26
29 527
958 373
119 954
794 649
981 458
715 606
276 946
563 930
406 536
84 453
907 640
592 749
890 313
89 620
332 365
249 925
826 229
364 850
170 683
690 185
934 351
510 738
812 699
481 235
895 71
951 932
84 853
840 852
150 654
841 66
971 371
9 300
613 492
908 755
802 189
131 53
917 756
346 26
842 541
649 952
46 542
124 56
892 259
795 846
193 179
739 644
833 953
522 119
447 100
847 529
82 207
80 414
770 121
633 7
759 647
548 714
762 317
380 903
674 761
656 676
489 584
751 691
845 631
382 623
727 819
355 147
911 561
726 226
70 335
898 648
530 105
249 559
454 957
69 499
935 463
768 143
440 774
541 718
663 989
412 443
678 747
850 752
970 115
62 35
208 197
310 229
323 963
560 745
831 453
433 627
602 981
898 342
285 620
453 325
583 403
460 811
546 115
243 715
836 726
289 496
1000 619
691 654
866 86
593 336
303 885
791 911
91 428
342 298
736 386
352 976
254 818
343 575
85 435
86 417
908 225
782 994
830 25
787 683
528 985
709 122
405 149
560 520
10 355
444 545
450 57
813 664
322 345
204 304
542 628
852 596
259 148
374 608
163 728
941 285
444 836
923 393
529 566
715 869
559 490
604 117
249 359
252 43
989 232
211 645
829 429
252 819
599 647
327 10
894 671
186 323
958 199
875 796
627 311
23 334
835 450
623 181
87 142
94 428
415 960
644 78
763 862
878 918
106 818
355 256
383 566
776 965
551 635
798 651
388 336
735 899
597 73
108 865
836 525
74 432
710 360
384 11
975 871
554 237
19 438
257 322
846 245
577 612
149 231
2 183
795 314
640 468
893 17
579 778
342 853
304 161
724 544
821 789
969 504
225 545
107 874
754 993
868 485
516 750
946 603
665 470
408 587
780 802
268 689
525 231
719 277
496 669
944 160
197 747
345 930
169 793
144 159
780 196
103 117
554 533
917 303
546 731
323 925
50 412
696 834
672 528
462 461
834 822
738 424
648 861
191 716
429 661
788 963
729 267
986 173
185 697
95 4
798 795
309 487
450 563
971 75
694 893
307 141
599 12
731 849
140 363
180 190
698 61
534 744
1000 638
146 533
443 992
462 705
123 887
573 394
316 877
12 364
791 815
70 645
486 629
913 274
139 734
727 833
833 626
182 389
858 30
385 982
191 236
628 686
723 136
171 196
593 300
348 613
585 197
264 790
919 179
294 91
180 453
81 428
779 83
165 50
717 826
829 70
134 572
800 371
413 77
232 519
624 487
610 918
542 311
416 503
187 61
434 197
399 464
88 383
399 280
642 720
659 970
577 672
646 352
43 921
442 638
394 666
993 62
870 624
525 117
318 344
913 172
611 591
445 688
622 50
390 497
213 982
443 135
978 289
417 153
835 358
80 276
811 230
181 810
24 738
542 104
259 762
641 198
291 329
397 883
442 494
270 551
86 116
773 631
530 706
38 133
530 301
561 942
218 913
786 650
384 52
353 358
166 195
163 181
777 27
991 51
460 625
153 353
542 618
594 748
359 844
102 678
639 211
956 860
352 741
194 998
751 550
15 241
95 853
655 408
941 157
987 175
525 69
518 127
52 961
473 422
395 678
143 803
427 50
450 886
67 385
340 70
116 625
279 689
974 664
966 752
256 264
649 688
740 610
765 346
240 759
154 195
518 25
883 173
684 216
114 508
413 230
321 994
63 652
393 724
187 946
247 219
249 547
802 924
545 422
991 320
946 975
909 461
846 835
609 91
860 280
211 847
718 722
72 107
80 903
190 924
239 957
642 419
448 502
805 853
36 203
411 131
619 510
931 59
853 334
890 469
930 527
328 646
364 151
584 56
104 411
717 952
241 360
496 295
469 666
451 730
798 784
465 714
97 917
811 477
42 121
92 123
391 687
878 105
657 941
332 994
102 310
661 33
937 275
320 40
976 733
66 516
621 573
537 334
358 333
301 899
702 685
129 101
697 950
167 769
396 218
865 383
650 754
617 549
320 822
882 100
242 601
300 145
915 91
484 997
2 549
961 742
663 864
784 164
658 583
530 781
77 632
969 593
405 30
830 542
885 842
358 421
418 854
888 27
416 25
568 793
843 526
744 573
471 716
26 879
73 719
935 117
212 949
891 535
774 835
342 635
352 142
892 266
88 82
990 553
202 87
896 370
11 430
393 400
565 416
765 950
567 24
230 321
186 60
711 361
44 647
712 876
329 314
989 115
157 303
791 252
915 197
185 886
617 919
396 88
786 244
83 738
171 976
728 769
518 426
749 136
866 148
708 218
272 479
264 369
512 804
121 50
618 171
724 167
806 344
721 67
228 377
491 465
164 714
628 318
688 113
974 923
965 562
587 884
990 211
93 59
825 449
799 229
535 538
522 708
728 321
9 659
437 942
406 245
205 403
98 495
136 760
273 522
703 807
451 858
794 608
829 225
176 855
54 404
779 313
194 973
513 299
170 671
692 419
682 606
443 149
42 884
511 39
502 629
423 301
110 540
292 638
607 187
781 460
391 920
981 880
789 146
56 893
871 408
50 216
569 426
576 670
53 542
268 638
326 268
277 547
659 331
661 803
483 314
329 922
515 143
253 472
697 372
125 999
477 165
613 390
698 315
738 400
146 108
151 110
967 464
41 889
691 198
131 217
313 701
491 161
361 315
379 496
528 970
705 25
966 702
383 868
566 112
196 699
449 206
937 630
131 376
52 559
165 533
40 7
217 700
108 223
169 715
648 520
113 28
915 332
360 955
199 650
995 105
251 493
898 220
440 198
153 357
85 686
985 160
124 765
844 279
146 134
740 672
330 816
372 962
403 310
461 564
430 848
851 791
153 360
262 966
454 550
450 933
916 677
695 976
941 99
769 463
783 341
529 64
323 369
682 253
233 881
925 826
978 607
53 648
517 75
996 597
74 775
141 154
250 292
727 59
813 698
872 243
338 876
184 125
859 713
146 948
366 717
966 932
109 198
754 814
847 815
220 424
517 824
377 107
517 963
42 467
403 769
850 603
811 516
273 390
784 882
340 479
489 488
498 362
214 893
216 720
991 594
223 592
557 449
937 560
471 211
287 736
279 856
510 943
611 51
861 228
132 588
872 798
658 452
760 876
782 708
601 79
742 926
371 219
212 562
618 170
208 443
526 392
794 792
532 880
496 699
522 349
662 701
567 234
729 728
361 435
403 740
876 170
675 442
794 451
370 348
838 536
638 107
288 797
26 399
300 909
564 308
754 907
758 719
280 178
223 44
787 382
415 227
866 721
198 79
315 935
429 534
940 450
499 132
843 726
281 895
62 534
503 252
5 397
429 89
35 406
178 865
408 973
345 867
1 124
407 563
591 231
175 496
676 56
550 820
297 988
367 504
339 419
647 789
985 700
170 371
168 831
117 94
959 705
105 308
515 507
47 904
28 332
527 946
102 306
231 61
778 797
594 632
706 77
870 374
544 966
301 686
447 219
925 347
281 776
576 20
343 191
261 293
636 220
133 381
635 185
750 166
340 371
452 465
835 707
699 279
449 861
454 808
241 44
419 288
620 956
973 853
478 775
313 907
678 769
433 88
634 308
260 744
873 565
740 250
143 869
254 241
140 560
206 428
197 425
472 670
122 405
448 62
46 835
315 968
107 995
876 651
539 876
280 378
648 507
618 739
717 907
832 186
98 392
796 23
60 243
475 628
682 337
833 768
321 44
876 278
985 536
581 735
231 783
658 116
721 286
566 476
941 502
888 284
362 483
208 874
708 624
605 546
452 842
513 857
254 449
883 556
514 82
92 522
572 383
539 550
836 205
153 902
351 804
614 319
124 315
834 982
599 106
364 920
513 959
543 339
622 746
88 331
638 360
153 422
140 123
545 616
186 480
914 64
963 520
426 281
896 663
890 314
180 889
250 670
160 664
635 21
591 287
483 177
635 26
381 426
134 307
910 979
506 207
329 370
234 671
628 356
182 592
985 494
475 219
910 653
89 909
29 63
667 624
997 792
611 417
319 671
315 632
834 830
484 803
543 805
683 955
381 303
55 380
654 3
237 114
849 612
492 239
502 298
961 510
85 111
732 179
975 427
586 673
531 409
729 850
235 343
150 258
316 986
98 757
842 400
913 869
577 956
874 861
565 213
618 488
563 79
513 290
102 312
11 798
755 812
1000 559
525 146
532 246
905 870
264 266
19 373
591 884
208 659
370 975
386 48
132 486
727 326
463 478
882 29
902 319
905 824
577 375
941 118
340 447
981 761
487 380
59 322
367 783
877 787
940 854
701 499
289 721
962 46
608 461
189 931
187 588
965 84
660 891
803 921
878 267
375 509
289 466
729 760
450 359
656 819
776 72
471 583
176 599
387 942
659 193
886 224
603 862
391 376
153 924
560 909
706 940
895 345
485 579
45 349
799 819
826 771
911 343
991 115
954 786
794 983
136 33
542 454
941 476
8 829
521 745
755 73
128 521
309 94
483 98
720 427
982 435
562 460
344 58
941 791
709 10
335 247
135 789
315 668
425 943
815 137
83 107
548 557
305 635
137 139
788 948
481 922
15 831
928 237
235 386
977 83
595 261
827 568
593 694
79 91
519 581
44 294
15 648
620 249
508 312
540 840
551 747
144 400
410 912
228 230
584 782
756 752
835 333
61 753
381 370
457 281
240 640
448 867
614 674
298 190
665 362
45 685
76 253
381 759
288 877
39 311
600 14
621 949
982 193
181 875
675 555
58 560
611 143
241 521
686 576
358 971
681 112
853 914
259 533
160 838
688 302
752 241
538 50
988 58
898 705
931 420
443 345
473 360
224 210
409 782
897 882
680 608
139 403
250 600
52 208
546 605
931 211
311 738
110 202
33 495
785 245
16 78
70 258
398 599
568 322
656 724
838 937
600 222
735 817
238 598
720 464
922 29
351 717
388 764
116 863
389 861
346 270
635 320
451 288
233 319
697 78
68 347
230 388
543 404
757 228
824 308
54 251
689 700
838 939
448 855
685 736
959 602
630 611
36 99
698 154
474 774
861 246
839 705
512 19
868 65
277 363
800 795
430 220
85 357
439 69
401 89
551 493
199 529
539 828
532 621
603 664
898 15
371 178
40 328
956 982
215 528
72 87
343 122
321 560
416 557
146 444
937 636
484 982
581 719
571 218
713 120
15 947
1000 263
316 354
135 583
650 798
473 694
349 342
179 385
294 137
105 845
664 798
768 967
44 980
130 565
533 716
189 291
245 914
244 720
375 199
572 670
778 914
136 733
708 674
926 728
157 821
8 366
632 877
36 571
877 582
901 636
202 994
535 991
493 965
526 273
988 464
576 429
765 362
94 124
382 626
712 599
110 967
214 855
474 576
367 230
729 556
878 523
896 884
464 10
784 428
191 730
363 341
866 869
674 390
995 515
194 694
263 31
146 4
762 680
822 192
240 362
951 391
957 171
313 170
926 94
372 47
446 387
956 207
394 749
457 135
197 146
536 791
261 871
879 742
844 962
733 67
120 134
768 349
123 26
492 85
579 186
699 815
211 397
664 413
145 941
147 227
862 890
24 452
993 871
735 12
644 404
606 387
125 74
490 472
303 914
954 860
862 399
884 643
6 351
950 439
589 573
78 612
501 98
186 37
475 448
162 54
3 14
249 695
721 743
975 72
313 818
401 583
448 403
112 67
8 225
838 397
160 614
860 666
690 130
703 290
732 633
822 92
719 40
758 608
515 484
294 163
945 915
763 255
223 264
829 8
448 27
216 288
545 303
989 139
430 563
198 412
234 458
357 231
706 802
197 221
395 161
272 643
360 11
551 314
285 525
181 857
606 734
637 814
