1000 5360
792 539
234 183
272 632
616 548
851 475
192 321
403 511
551 270
977 557
453 116
485 696
23 183
447 95
190 67
234 94
142 52
731 141
600 604
158 287
880 945
513 813
247 532
936 641
410 579
295 739
361 383
707 472
921 279
938 413
43 588
494 944
394 867
885 856
769 430
68 344
683 379
680 704
225 715
803 68
984 212
5 875
848 288
688 273
550 804
115 853
114 890
705 844
578 527
711 572
534 885
585 602
554 2
293 773
31 592
254 648
729 547
266 364
978 302
645 115
694 38
540 718
558 165
27 192
749 456
480 753
334 610
277 285
995 751
417 306
23 378
816 365
270 879
679 182
120 657
377 463
937 933
916 313
132 78
549 526
771 15
640 712
737 92
72 57
152 625
357 809
339 665
585 276
270 720
874 145
360 482
340 980
992 202
36 292
565 515
821 598
717 795
431 848
583 43
931 719
305 584
752 457
250 749
730 100
249 967
589 653
292 583
54 650
970 180
843 993
754 782
238 998
753 404
869 737
193 311
413 358
436 149
387 667
917 239
369 685
511 331
727 331
260 162
576 817
7 355
369 495
386 887
5 208
977 851
899 540
341 697
806 198
731 351
796 270
274 542
328 263
705 564
241 978
638 187
568 210
159 239
686 894
229 84
732 91
93 966
16 215
926 552
879 455
397 110
349 890
995 474
607 867
69 642
297 699
804 224
873 260
747 89
786 375
524 831
305 167
875 975
245 852
321 724
542 265
362 66
589 263
487 683
348 728
277 518
57 884
453 739
240 271
778 232
526 57
438 135
431 629
85 478
968 706
623 925
645 989
667 939
877 37
391 250
169 614
953 311
929 95
745 139
718 180
364 452
441 636
907 52
667 443
810 129
507 722
809 812
995 162
926 98
283 829
562 974
973 125
599 853
183 915
256 176
668 193
714 206
515 560
131 207
903 947
802 402
589 890
862 776
881 489
381 950
753 910
95 223
248 390
737 552
413 40
595 322
577 152
354 76
701 214
375 191
489 21
285 88
182 940
687 745
573 840
464 159
398 104
377 878
11 528
342 89
409 607
457 626
230 592
790 960
581 373
701 76
507 967
756 451
999 935
458 663
593 41
453 126
482 820
229 225
356 275
319 518
366 838
650 503
761 602
21 673
157 397
615 766
469 259
206 443
46 916
593 667
637 387
54 482
646 480
541 442
773 23
34 329
241 207
871 897
932 229
376 928
884 350
965 478
957 240
579 609
757 457
883 403
143 166
106 995
393 846
368 48
325 45
417 402
828 650
255 689
358 857
717 787
971 313
45 690
541 718
500 4
772 248
865 554
897 779
129 897
699 350
454 876
493 740
515 495
918 973
146 702
735 470
966 212
809 821
241 844
188 742
495 468
657 497
121 757
706 273
284 405
500 494
663 804
860 796
992 770
303 690
168 480
720 828
658 66
286 98
32 452
859 38
118 930
678 170
733 870
970 88
441 317
149 656
612 202
170 53
25 426
927 312
697 655
808 900
890 678
362 624
50 688
704 288
456 172
298 149
388 131
305 496
610 387
813 467
628 765
255 840
837 560
527 423
294 11
359 757
556 454
485 224
728 370
29 212
726 932
973 608
399 79
472 682
183 879
732 151
71 734
67 92
20 378
870 232
678 269
813 263
738 348
656 176
369 345
985 728
351 809
272 622
964 119
518 996
734 71
722 604
317 732
239 849
862 274
164 978
225 812
666 394
483 951
906 787
285 629
437 534
482 564
362 532
37 980
323 913
593 781
992 179
847 814
394 951
924 735
377 437
656 832
111 39
928 376
555 254
276 343
919 381
58 956
971 540
737 183
935 166
503 904
740 651
676 127
612 399
52 625
942 473
217 570
515 613
55 397
308 139
151 574
265 349
524 361
619 157
456 335
523 4
856 688
465 124
772 572
318 616
497 545
346 727
702 320
823 348
986 656
723 320
156 258
986 607
282 707
114 159
539 397
902 860
173 742
44 135
783 287
991 866
8 710
29 893
63 892
721 925
624 280
546 167
717 347
379 529
963 226
361 546
9 879
424 933
484 952
782 946
46 215
399 117
98 1000
767 229
506 374
435 510
42 542
64 408
954 882
18 277
975 519
319 823
554 575
922 480
911 608
216 583
584 388
582 250
40 127
305 31
545 436
676 993
974 336
86 969
241 541
977 515
510 57
876 525
854 772
602 179
246 806
297 470
613 254
724 408
161 348
2 593
267 376
556 605
30 40
803 676
100 166
903 401
385 632
665 172
302 407
322 472
383 224
562 725
230 254
930 951
662 726
466 885
616 937
772 923
569 885
559 864
490 109
13 585
479 620
453 692
841 374
297 630
540 672
561 46
473 355
135 439
877 717
225 594
408 495
643 690
520 944
794 734
259 992
657 322
280 302
936 758
111 139
760 805
796 789
56 840
688 661
419 441
872 337
376 464
852 979
841 601
369 15
964 484
976 49
181 924
933 229
394 601
112 165
118 134
615 783
734 779
242 60
591 76
206 227
478 64
747 259
342 507
366 636
702 948
536 127
624 848
780 601
644 5
117 685
282 80
318 463
860 991
608 353
618 176
719 561
691 993
645 25
899 365
998 198
231 53
979 210
875 764
887 563
196 34
589 673
919 91
72 899
384 517
744 371
764 85
924 749
903 475
963 765
102 345
338 246
871 200
369 371
540 330
597 673
236 289
440 667
842 319
197 157
500 908
36 522
645 932
732 727
715 742
348 829
481 566
848 122
543 595
594 345
469 274
7 773
532 825
118 634
381 613
957 677
607 604
611 263
397 188
839 813
534 874
816 107
724 260
234 684
117 96
63 156
229 714
988 751
786 394
568 871
959 755
832 81
529 262
46 496
245 269
941 241
792 216
839 950
229 19
439 859
891 334
167 356
637 948
36 693
256 948
309 256
496 644
855 539
451 121
828 399
756 335
831 602
594 959
81 14
102 244
168 576
216 77
939 866
203 287
255 649
685 752
741 215
1000 901
57 602
348 981
796 443
578 779
428 433
906 463
615 35
598 158
131 802
453 350
809 596
593 75
173 834
441 77
664 291
176 567
614 622
68 866
377 245
496 936
12 156
586 945
200 686
965 537
938 168
897 952
883 996
510 577
199 472
581 27
431 493
383 723
759 936
651 440
240 147
524 6
943 245
321 716
260 366
444 614
468 973
508 995
360 954
435 495
652 251
223 531
32 883
189 120
123 431
442 328
43 255
576 21
726 531
864 696
900 347
162 995
602 334
486 975
32 356
846 767
140 556
826 651
62 871
850 511
594 755
848 425
281 529
228 390
463 790
245 661
550 22
55 362
698 437
79 621
892 84
465 121
231 946
323 741
94 312
895 398
396 124
205 3
90 231
950 952
396 415
786 12
812 862
59 642
222 984
248 92
963 41
731 963
470 525
907 920
114 694
363 271
137 282
609 383
982 387
8 843
309 165
910 259
694 539
247 588
653 898
56 892
469 435
405 271
184 414
675 293
368 282
774 873
170 446
5 67
654 180
513 103
776 352
370 660
362 133
834 862
144 792
23 501
386 627
293 292
93 323
682 506
906 91
561 196
638 639
783 953
17 970
953 933
63 368
44 671
914 500
876 122
117 788
686 648
570 896
893 242
350 894
304 617
480 265
394 289
381 493
306 184
15 629
817 388
641 942
630 674
133 505
637 792
990 956
35 508
310 674
556 810
633 263
814 137
800 500
563 407
408 409
67 793
912 782
975 796
966 641
631 447
995 403
21 830
826 331
888 185
429 9
434 738
560 460
499 931
28 965
491 478
502 386
171 75
989 68
45 973
671 441
352 389
652 986
277 766
874 494
284 999
432 230
624 692
667 663
775 781
843 371
867 918
591 296
899 358
365 447
931 520
171 94
151 52
697 767
604 775
740 511
32 95
661 831
13 600
312 935
394 585
310 662
554 176
819 523
914 282
416 39
607 372
74 889
22 581
905 40
635 297
114 533
99 983
350 358
961 972
609 12
756 63
611 54
103 586
682 971
817 431
774 261
643 25
324 104
340 871
340 119
584 340
427 304
957 329
586 819
364 570
637 990
470 557
380 612
597 734
637 105
126 118
528 952
886 175
874 917
674 154
259 708
109 489
104 560
246 773
793 828
567 737
668 270
191 957
800 55
545 108
179 964
475 38
405 784
392 879
411 880
102 206
565 813
761 415
775 166
870 857
308 779
169 233
374 387
640 686
40 47
285 986
812 268
47 543
245 357
266 424
119 127
282 707
434 940
828 62
114 385
614 239
658 47
986 939
460 45
15 16
346 396
976 10
281 186
19 418
577 48
162 578
750 676
654 194
762 968
135 975
32 449
157 550
299 800
738 429
621 333
790 115
8 687
90 635
593 773
141 101
679 528
706 77
49 62
536 82
5 849
217 448
338 678
579 343
767 431
978 697
777 833
180 768
369 151
283 702
668 717
559 482
649 277
554 722
654 606
858 924
596 920
2 867
446 617
129 496
446 51
65 519
729 739
641 998
430 468
756 289
450 914
784 89
782 888
712 656
79 34
66 294
830 859
906 815
350 889
229 907
561 868
191 429
267 242
198 349
45 166
940 134
203 141
856 504
703 983
998 951
460 52
459 834
443 4
258 869
361 470
225 391
135 810
852 173
161 407
153 725
744 630
819 812
136 716
960 441
634 996
427 695
499 203
986 743
924 723
480 947
400 512
84 13
968 862
169 806
746 753
188 167
470 819
873 131
480 817
415 211
33 598
647 505
462 855
609 341
335 358
742 675
129 208
319 491
981 758
669 480
623 952
559 890
183 125
71 628
171 884
917 918
875 390
818 140
444 665
983 933
342 703
292 981
958 565
945 219
13 36
816 156
734 364
968 54
836 396
596 30
58 51
874 610
521 954
365 904
942 984
4 5
601 981
768 871
46 487
738 972
784 584
250 272
601 173
849 947
828 745
640 113
428 664
799 984
122 756
63 173
482 140
520 255
166 504
44 227
90 814
746 830
878 408
596 774
704 996
41 554
415 651
828 525
377 346
971 15
813 404
336 180
210 365
132 611
63 688
151 824
688 907
129 866
560 926
93 998
57 640
712 66
533 722
422 723
713 809
958 319
301 872
17 572
693 700
495 327
3 854
841 510
322 653
640 351
204 241
405 710
390 185
383 355
759 638
224 937
228 934
840 905
63 538
705 853
443 432
697 589
610 233
555 381
855 516
486 389
44 321
884 680
846 407
381 421
172 824
297 609
859 119
130 315
525 193
528 191
573 697
658 380
916 361
428 574
40 584
187 156
976 543
451 595
449 835
826 545
764 910
458 883
557 398
306 303
102 685
590 499
2 567
355 396
714 247
332 208
371 538
856 101
206 74
873 95
663 700
566 494
559 107
938 669
922 211
235 237
34 390
691 112
994 123
363 574
3 154
619 27
874 417
331 463
784 66
974 53
185 746
849 100
70 532
273 121
403 348
138 19
953 341
680 790
373 435
330 305
887 602
418 487
380 269
214 258
149 255
562 75
142 774
164 204
272 147
423 470
831 499
920 547
764 305
52 381
4 177
568 21
575 575
631 365
970 606
112 246
221 522
486 715
678 318
534 916
229 694
908 228
854 63
950 692
706 242
967 958
421 53
790 698
154 361
645 588
210 789
162 692
713 857
961 749
346 876
631 606
637 743
481 316
784 896
203 502
235 840
290 904
995 925
531 376
23 201
129 580
510 137
507 947
104 175
971 599
8 608
192 889
609 518
141 117
853 799
600 9
479 604
900 59
899 475
535 688
585 574
972 646
61 458
795 355
122 385
132 915
826 88
680 182
720 137
416 999
470 955
587 102
335 365
565 495
318 334
170 441
749 528
927 392
824 432
954 204
383 184
277 272
119 318
111 651
978 66
914 458
650 868
350 300
762 915
797 733
189 631
485 732
725 376
9 20
901 564
696 695
816 909
109 678
40 705
877 490
935 808
532 391
394 642
536 435
992 151
788 500
127 292
351 319
496 460
883 226
278 701
718 10
395 599
804 598
436 681
675 346
464 948
293 381
652 477
490 524
521 863
491 460
445 967
648 420
510 990
107 528
346 899
731 464
98 182
650 742
611 270
671 628
67 212
389 620
298 982
250 558
374 749
809 21
509 479
1000 650
88 62
763 336
538 502
967 398
397 51
56 576
309 777
995 590
155 730
653 60
899 924
746 33
550 928
486 136
921 732
112 617
364 578
194 121
732 655
595 885
338 573
133 155
738 865
335 394
909 637
843 62
359 927
145 733
873 617
659 324
424 311
263 690
452 852
832 811
770 157
765 278
203 372
377 480
211 206
73 727
194 254
57 592
63 720
159 730
520 102
830 873
10 951
933 155
119 603
822 854
827 168
663 856
951 656
124 654
735 545
531 134
459 171
734 764
705 702
565 393
865 33
225 607
120 140
266 375
358 775
155 315
544 808
568 380
102 34
303 317
942 608
300 174
535 550
275 330
647 473
186 513
974 377
132 967
161 646
23 635
1000 673
799 617
272 150
393 488
161 321
817 613
976 613
588 22
847 270
270 208
1 105
838 234
46 871
221 888
397 582
779 968
53 583
858 616
554 457
1 366
319 5
322 446
574 208
908 921
73 404
121 232
237 830
857 461
402 794
214 234
244 603
30 631
717 931
413 136
817 905
576 893
848 182
338 73
407 167
490 196
743 86
732 793
629 385
684 720
656 673
270 109
199 365
801 727
720 509
222 298
98 935
526 542
132 300
530 245
83 268
704 937
472 630
381 251
816 649
190 765
258 119
709 554
757 644
122 344
87 59
999 773
167 833
579 391
828 504
89 18
27 574
862 743
805 475
838 951
166 910
975 499
704 185
20 280
318 201
123 547
761 711
152 193
46 569
264 538
790 473
527 713
597 693
218 262
404 30
46 580
424 361
727 3
672 257
353 719
162 314
67 847
830 8
399 359
570 390
164 230
372 392
820 89
571 809
462 414
311 301
845 66
596 729
631 804
940 134
198 647
154 993
771 348
591 526
214 437
440 121
319 667
486 539
889 890
693 51
297 768
981 634
859 393
60 318
901 206
938 584
571 649
756 878
513 258
834 297
700 581
730 624
50 690
650 708
700 100
49 42
443 859
831 844
585 194
128 288
204 857
125 375
398 700
594 591
599 898
705 954
337 926
6 293
331 666
762 362
184 791
777 62
373 407
883 91
446 252
358 240
25 93
306 220
329 696
236 118
100 874
452 528
270 513
463 39
692 99
437 181
410 444
932 352
774 612
971 432
330 95
976 756
581 603
243 870
675 549
624 58
193 812
881 75
186 605
250 207
412 877
875 878
604 466
74 990
14 267
318 82
725 331
677 726
441 770
815 461
268 388
128 884
516 80
578 68
277 682
185 363
76 825
589 316
716 921
219 362
173 683
228 201
504 480
853 334
932 186
990 313
221 324
579 650
911 92
270 882
271 696
850 45
147 910
170 207
493 546
720 707
283 844
814 829
2 151
769 754
71 228
656 315
220 477
713 974
593 258
821 501
737 527
304 236
425 628
250 87
980 708
224 906
857 118
307 71
515 775
631 956
504 318
686 26
571 703
75 327
123 969
40 741
273 64
768 65
86 275
485 868
411 943
427 270
670 298
307 822
612 17
305 467
449 674
583 246
402 35
256 653
675 169
133 610
633 410
204 282
826 604
99 791
408 907
761 855
747 743
838 2
907 155
151 63
49 88
283 808
743 312
736 593
339 899
422 261
817 781
466 873
118 486
445 71
741 360
891 309
766 109
309 307
450 87
591 425
721 238
658 630
468 158
779 162
739 710
618 397
999 657
533 477
681 945
650 221
786 231
752 968
425 652
879 914
864 740
283 207
239 78
605 162
272 125
530 144
753 90
130 626
357 103
570 271
651 237
11 119
117 383
528 97
203 125
820 390
542 410
122 411
29 759
275 259
291 566
124 611
639 783
309 373
850 270
755 621
845 339
966 359
296 32
876 527
4 31
532 615
378 514
636 853
202 393
388 306
253 400
497 348
571 485
107 684
174 78
886 337
605 977
493 52
90 835
730 474
77 258
96 461
102 827
634 187
902 740
120 845
607 859
697 610
520 725
260 905
746 312
510 162
917 666
887 342
756 687
748 594
244 959
423 289
354 845
906 559
786 841
712 502
752 71
317 477
435 406
144 916
429 274
128 569
196 683
508 734
444 620
602 744
659 700
609 626
564 656
870 264
21 63
59 717
512 565
347 285
774 912
16 987
727 566
790 100
59 302
461 707
980 714
474 715
938 323
998 232
686 133
22 574
839 350
297 320
792 644
997 19
776 516
723 48
976 387
191 437
929 241
17 965
331 601
46 731
607 595
695 659
223 162
200 82
48 255
723 953
935 892
883 453
569 161
625 970
697 290
739 483
22 774
104 660
378 610
525 129
332 597
179 732
231 826
358 194
521 488
431 287
509 325
531 469
433 783
259 649
929 810
122 759
154 709
154 672
591 452
71 307
912 423
58 866
150 898
903 816
537 331
519 194
426 928
623 51
673 558
175 670
136 954
933 759
373 404
807 546
308 727
740 555
819 123
980 197
197 43
683 572
448 168
794 474
478 851
438 245
608 943
543 567
766 909
27 981
664 293
616 977
120 316
645 177
166 136
546 149
643 966
403 828
582 5
337 504
562 537
913 677
198 640
523 366
51 664
940 432
594 975
988 766
620 474
505 539
432 823
746 547
40 898
373 18
300 36
994 739
741 231
590 714
467 851
129 738
192 869
536 945
227 683
779 927
462 265
416 339
17 318
535 70
764 176
331 205
992 572
655 651
695 967
391 725
632 640
67 436
692 419
880 911
204 199
614 390
848 785
915 32
937 215
30 246
456 742
981 101
413 421
88 480
369 527
435 356
924 933
424 163
632 50
91 689
275 197
876 66
913 354
64 234
888 753
105 787
963 518
625 331
944 935
603 939
650 298
50 665
479 972
328 615
914 882
89 794
794 844
533 283
810 237
897 113
95 909
134 198
317 143
929 990
146 315
850 691
354 941
245 347
417 364
884 848
108 772
946 583
968 212
937 714
49 105
109 102
269 282
543 949
999 105
908 142
892 560
124 296
825 306
475 522
979 221
706 566
165 959
215 290
422 662
625 470
968 654
861 696
562 927
60 563
999 709
490 283
461 886
161 962
583 887
452 983
780 224
580 794
261 531
631 49
347 337
643 575
574 29
376 575
55 151
811 837
223 754
972 613
542 150
929 18
269 183
376 881
244 116
433 755
685 905
754 447
327 261
433 197
636 45
709 748
67 223
918 957
878 496
784 565
349 199
93 959
754 463
280 184
563 441
690 225
164 399
56 89
610 10
963 672
56 710
471 69
278 281
556 393
757 719
840 874
956 217
388 129
646 769
26 908
338 71
486 957
66 527
122 609
292 137
567 513
964 952
611 276
96 468
390 156
362 584
620 36
442 812
198 385
898 403
281 374
192 278
893 686
983 472
463 710
830 673
927 935
247 955
539 113
58 944
946 243
863 865
106 492
312 712
211 437
837 40
570 949
709 535
199 388
468 35
463 384
199 378
610 267
490 656
966 266
794 365
58 239
828 372
52 777
676 878
692 159
463 933
742 161
457 849
748 351
703 398
250 191
807 924
248 307
251 270
524 57
618 580
909 809
47 121
545 443
480 709
944 102
832 12
102 770
453 373
877 487
570 683
225 412
879 280
242 361
260 469
229 269
18 572
100 456
458 486
793 546
611 789
823 699
560 243
865 473
696 721
441 333
749 690
435 598
565 629
919 268
676 398
786 94
728 101
861 181
44 661
293 134
861 39
521 692
96 77
456 708
34 335
536 944
670 777
552 181
67 947
583 892
196 640
674 804
446 711
594 758
165 349
748 576
175 65
559 491
399 127
673 805
75 174
939 200
255 250
448 745
832 362
530 922
914 771
853 24
835 731
578 373
197 223
518 903
896 77
104 640
661 691
870 436
604 958
576 902
279 52
964 675
13 603
881 45
992 895
756 801
647 168
182 913
877 969
643 700
272 554
716 553
243 271
454 519
404 16
833 896
38 631
387 338
33 213
410 349
909 716
229 711
19 638
348 995
628 717
211 957
407 881
612 416
615 782
513 32
763 890
366 984
101 507
717 422
228 912
623 538
762 531
34 307
469 589
462 601
666 586
903 44
342 433
654 764
291 765
384 62
954 183
213 190
211 105
242 415
950 28
784 372
613 763
594 683
567 150
403 997
143 632
678 432
868 970
428 53
591 566
314 842
863 540
64 768
480 440
243 558
623 962
507 244
96 12
446 329
145 16
459 822
908 1000
232 265
817 756
181 363
289 535
79 762
820 482
478 576
548 928
863 362
552 144
394 673
954 823
845 716
801 667
687 661
512 241
110 552
861 263
594 551
819 875
199 912
392 882
583 621
656 698
358 187
912 408
372 124
667 491
871 549
233 999
254 216
411 787
71 523
185 132
601 976
996 599
507 155
444 667
11 319
467 68
448 817
639 866
417 331
428 672
396 755
728 757
512 873
246 726
491 308
915 354
980 102
452 29
322 267
134 581
323 111
885 432
838 141
606 740
898 704
172 238
428 134
342 556
901 767
135 795
18 3
382 449
322 697
228 643
852 777
152 473
950 179
614 317
407 358
747 184
14 194
355 949
696 774
708 364
174 619
168 384
444 366
343 658
476 66
634 172
417 492
793 526
36 101
46 476
811 548
480 61
5 721
953 286
983 307
201 254
882 835
744 855
618 647
823 75
256 912
832 501
818 60
674 476
806 924
462 195
786 159
996 900
383 918
591 696
361 766
397 344
41 817
648 712
859 813
31 782
64 715
870 672
805 425
825 771
307 265
653 508
421 64
56 883
709 600
484 723
374 854
128 372
115 916
823 617
607 136
430 283
52 644
994 843
76 500
984 692
195 843
684 655
499 430
259 92
253 647
216 448
991 699
274 129
417 261
636 548
647 617
45 80
930 545
630 33
743 308
494 629
606 306
681 474
836 769
917 966
817 875
931 150
371 894
844 704
322 578
634 24
426 22
18 711
644 980
657 111
916 905
468 800
276 542
134 111
176 97
838 498
161 477
790 917
162 101
253 191
22 205
854 261
536 257
207 511
921 228
739 295
565 51
872 701
790 855
906 797
128 999
350 838
643 595
760 301
797 434
325 904
325 101
122 636
401 706
131 752
769 154
709 319
49 411
492 186
115 182
133 4
683 474
918 948
337 167
857 174
866 156
261 98
320 322
805 260
653 351
583 306
116 396
117 578
200 575
295 153
507 762
360 492
449 530
261 835
618 961
697 249
347 228
532 478
30 437
879 133
213 482
857 982
627 940
237 381
155 250
818 465
943 635
74 670
850 687
843 515
990 575
841 677
248 769
322 58
231 869
40 943
416 842
827 107
789 305
532 26
633 401
908 882
37 666
19 465
799 498
153 421
774 283
432 338
263 346
727 472
899 434
961 459
422 215
76 233
786 36
843 687
234 77
948 573
87 958
867 909
631 250
997 136
217 156
390 441
362 266
564 935
803 700
433 416
496 106
748 857
770 540
625 86
894 183
461 257
421 735
795 426
962 15
881 468
815 338
699 241
112 942
135 632
445 756
40 158
381 978
612 369
934 680
126 511
318 446
564 766
733 661
273 609
24 833
356 969
136 742
712 306
553 48
746 514
916 585
406 725
733 583
699 539
845 683
610 880
145 75
195 772
105 408
503 97
426 441
503 488
732 359
340 828
485 559
773 140
525 699
388 974
208 353
505 815
111 194
933 795
207 372
929 467
88 425
117 850
311 518
833 752
212 13
615 775
149 259
710 249
497 330
849 943
782 472
742 35
884 727
8 319
784 699
334 644
562 415
681 829
31 360
682 241
847 16
145 556
576 684
47 6
897 687
485 282
296 29
227 809
941 473
90 653
813 175
258 734
703 402
469 816
762 631
402 323
318 809
915 98
166 611
215 469
540 977
465 879
365 31
975 880
825 584
235 611
556 296
126 521
840 659
632 701
401 540
929 327
31 502
260 553
40 791
550 229
739 768
3 340
325 310
42 120
864 844
460 835
999 575
161 294
524 264
634 492
907 758
632 252
444 785
116 714
940 512
261 374
444 100
525 99
537 803
556 153
155 726
180 284
766 275
699 4
195 347
140 947
160 853
382 226
564 658
243 164
628 719
843 792
593 638
150 795
776 357
518 836
568 781
619 855
695 884
332 835
918 364
997 508
576 745
531 833
255 455
594 631
863 842
424 540
377 29
959 540
26 612
366 896
441 505
425 770
524 418
277 627
204 89
533 830
988 187
360 474
526 634
776 931
422 227
716 409
501 81
911 687
855 952
863 861
645 98
270 151
452 462
213 453
997 564
892 913
491 90
747 539
600 242
893 144
936 474
295 71
867 666
125 107
463 793
94 700
749 409
59 45
928 559
20 399
425 108
571 405
557 646
166 295
717 679
633 7
372 845
802 942
237 305
292 728
835 40
772 204
199 765
95 533
558 365
322 203
160 649
776 3
530 96
672 691
69 186
461 343
93 694
420 327
146 981
417 870
778 580
330 52
173 6
74 517
904 320
368 489
131 556
358 266
539 598
978 88
360 658
496 608
8 340
165 649
115 942
110 398
988 725
855 359
286 829
757 983
789 817
205 959
361 131
906 106
863 242
299 983
199 423
418 851
303 199
822 852
534 716
138 415
442 532
844 514
299 992
511 850
13 30
241 151
618 312
589 611
766 19
435 775
185 161
867 638
513 759
934 656
285 360
197 825
323 384
855 231
754 889
896 847
521 762
524 888
167 874
72 830
880 810
394 681
151 137
356 571
870 717
141 926
87 505
895 500
343 201
858 45
797 903
776 644
792 210
111 26
166 202
938 314
766 349
984 883
127 901
644 506
406 728
347 29
4 951
569 24
542 567
524 572
796 955
279 763
610 231
161 910
169 975
300 951
503 774
950 455
603 735
675 865
210 200
176 149
997 898
154 630
168 635
678 389
205 899
118 979
207 90
538 363
360 409
492 966
763 100
123 644
162 335
921 314
433 574
309 126
913 427
10 429
390 427
702 342
530 497
724 469
952 690
578 329
857 976
532 613
370 248
775 939
996 179
463 108
995 864
209 601
752 536
465 78
343 353
710 137
330 388
105 119
275 128
666 104
742 76
347 326
677 952
731 914
874 981
764 287
673 400
173 333
234 884
64 215
627 101
101 957
893 133
438 203
107 98
713 320
414 926
129 344
123 966
453 723
2 188
848 132
33 749
431 650
832 996
102 282
131 189
595 267
683 963
209 104
485 106
271 10
113 205
687 820
668 273
95 813
351 904
779 777
845 432
337 641
849 642
907 518
430 843
9 970
645 437
572 823
346 599
252 269
287 17
900 401
664 282
296 160
390 34
414 520
228 72
922 792
613 572
200 611
492 214
974 18
826 150
207 62
659 849
865 786
497 91
400 167
560 591
881 869
336 937
216 761
103 813
714 649
100 284
347 258
717 438
842 235
506 771
320 103
559 321
845 471
878 338
171 198
499 10
305 491
430 565
81 18
693 15
394 939
511 186
78 770
906 164
669 37
493 558
937 241
767 230
888 342
62 221
493 142
113 874
184 106
271 902
361 677
334 686
920 23
325 900
192 395
713 870
760 921
996 758
865 157
841 112
859 334
946 855
975 912
842 328
918 530
99 517
281 441
418 947
134 435
510 324
186 429
4 974
586 262
646 403
312 273
959 767
492 359
849 173
272 939
679 674
459 276
299 112
991 902
673 669
972 569
426 153
851 17
467 764
923 724
555 117
135 751
536 108
477 674
19 257
241 7
71 946
656 679
582 321
942 21
148 948
264 264
618 436
451 726
844 758
75 756
875 173
996 766
28 974
973 949
232 434
512 244
858 63
908 947
748 952
683 68
394 305
852 697
453 563
122 564
873 630
707 188
911 978
617 983
796 989
861 266
296 960
839 419
56 378
671 168
69 907
984 117
883 946
615 762
451 8
256 843
465 243
145 374
190 572
54 496
303 113
843 33
828 812
173 475
682 865
810 615
618 348
891 192
687 681
817 733
676 114
422 923
348 69
944 498
368 875
377 931
485 651
81 208
643 60
450 996
719 814
715 607
353 914
887 555
343 21
915 202
241 18
731 501
211 749
701 222
470 808
788 823
222 49
574 545
621 242
159 151
407 304
260 736
36 413
417 88
618 663
548 783
912 174
975 752
212 409
153 716
78 850
438 621
931 950
451 667
91 126
659 650
306 616
348 770
163 502
787 134
688 358
588 566
892 136
890 965
185 828
685 35
178 209
599 155
235 543
310 454
347 806
494 743
89 76
532 198
404 908
427 325
186 497
67 437
250 711
677 778
970 115
216 35
569 486
976 195
454 573
153 59
535 140
872 565
283 478
571 522
113 463
860 182
670 59
417 367
884 916
623 25
453 263
115 292
660 471
367 332
444 449
123 377
159 711
930 141
984 30
841 857
105 7
99 591
998 177
311 609
488 877
672 617
204 337
220 559
449 782
366 543
990 874
469 488
441 551
546 398
952 386
270 400
108 629
793 450
226 885
452 237
744 20
41 482
726 368
597 435
266 786
941 986
682 833
621 168
127 332
338 327
612 268
506 360
339 855
743 887
480 38
104 834
372 32
200 61
243 44
93 656
686 220
530 391
946 780
245 314
176 471
586 859
371 650
150 274
941 687
892 652
650 124
284 80
154 10
463 761
724 702
485 863
326 922
119 53
70 621
316 172
108 407
152 311
949 591
113 205
10 821
753 323
727 863
559 535
836 656
581 822
183 773
859 414
8 910
731 53
132 387
803 216
723 268
814 485
890 504
563 194
738 871
260 923
415 32
713 40
593 380
251 300
894 593
601 967
30 808
542 685
718 14
417 262
662 855
787 972
427 855
421 607
678 655
407 644
210 990
258 826
906 357
903 500
721 290
934 194
960 518
776 671
587 695
741 652
964 999
495 396
15 130
749 750
276 788
345 175
913 617
59 437
469 659
859 804
158 912
170 205
620 626
154 506
827 309
298 28
701 468
227 781
590 220
53 54
558 478
347 434
883 50
514 625
188 983
103 143
767 700
110 602
900 131
971 95
95 376
853 397
98 94
454 416
712 58
268 544
476 118
675 567
968 271
817 439
862 520
273 2
131 741
777 632
71 953
731 500
630 24
32 727
978 333
368 420
206 174
731 170
620 291
979 710
993 618
296 510
948 422
467 702
234 787
627 535
405 164
139 443
272 638
177 843
628 810
937 713
647 671
825 630
712 229
26 349
412 883
997 726
548 569
700 404
573 7
348 527
974 61
114 499
5 849
395 32
699 252
354 616
27 885
670 771
55 884
41 366
563 496
290 223
576 922
380 691
314 736
77 561
731 59
360 253
526 585
795 518
372 683
506 855
418 816
426 9
801 297
582 768
469 3
222 962
551 576
171 356
723 270
549 636
131 494
933 535
74 134
947 181
961 920
145 656
189 153
493 617
351 346
371 443
475 443
561 94
121 483
754 949
456 633
476 456
974 566
681 923
577 849
802 965
129 577
455 954
707 423
792 122
928 177
367 440
339 104
900 107
839 3
520 632
911 673
874 390
700 428
573 984
555 224
808 103
508 256
660 814
700 514
210 292
300 182
347 661
143 474
902 609
400 89
277 588
282 551
448 877
734 215
112 135
705 294
125 10
467 85
921 186
905 114
603 703
131 567
269 492
279 378
39 737
700 548
737 753
696 66
796 76
555 935
962 870
57 848
42 374
812 430
437 608
408 736
228 460
894 510
495 541
441 959
151 978
283 716
821 872
785 427
120 710
299 84
116 423
269 151
358 292
305 133
441 968
627 987
619 146
699 474
376 294
695 521
86 348
62 41
408 144
758 832
908 904
78 247
45 177
485 724
873 667
986 929
651 280
689 539
770 89
948 283
49 273
624 57
293 368
756 604
506 73
957 51
782 444
917 783
629 693
167 366
587 955
613 682
597 594
275 160
152 625
449 34
648 205
628 965
875 68
525 76
860 947
840 891
32 73
31 700
388 721
573 894
725 68
324 801
934 525
255 907
350 355
464 590
679 170
251 7
88 610
129 617
716 599
223 928
105 919
524 343
418 903
814 370
358 183
382 156
606 801
567 955
843 630
403 839
981 217
710 894
613 361
281 179
940 11
536 883
698 455
973 766
360 646
571 108
630 218
931 749
542 982
706 608
167 274
137 61
411 840
68 451
697 898
124 731
331 193
533 546
705 503
736 659
149 135
362 283
565 271
787 44
421 173
249 738
554 327
610 521
207 993
317 325
604 747
586 664
42 601
741 927
928 705
71 221
89 520
261 639
996 630
383 239
443 573
522 442
268 278
927 793
987 236
98 236
86 694
699 722
871 993
280 514
822 396
369 989
29 147
139 169
130 389
230 608
576 222
559 775
958 222
679 976
78 623
545 440
167 898
248 185
644 331
847 881
811 249
607 458
687 639
940 312
239 302
800 126
437 177
383 441
655 383
938 827
465 820
772 993
32 280
640 222
433 38
944 222
912 791
687 139
961 269
689 4
83 736
62 81
744 420
43 8
199 129
696 483
146 162
714 488
880 446
803 944
508 355
581 288
796 406
27 259
507 283
537 973
103 987
278 641
251 273
881 317
159 893
305 721
483 593
812 308
576 502
233 991
607 504
606 927
247 822
194 415
747 211
788 172
666 288
506 103
630 695
187 695
413 489
294 492
259 554
377 5
38 728
923 355
897 687
673 948
185 471
717 985
539 556
898 448
876 558
786 522
335 7
288 982
819 527
814 372
291 931
808 100
636 42
352 229
938 303
8 381
971 2
330 200
538 175
484 449
901 669
28 706
8 55
569 786
72 311
554 818
641 286
100 103
49 30
672 915
690 880
450 164
796 974
843 100
176 666
728 719
478 165
970 600
472 161
764 876
189 943
112 405
71 547
402 600
373 58
539 904
130 355
559 801
412 459
344 181
694 943
153 843
182 14
235 931
815 189
179 91
17 17
162 429
644 864
596 294
81 865
890 73
753 687
496 146
267 450
279 60
226 565
100 227
845 977
927 731
78 697
709 159
700 204
367 330
264 135
265 826
267 192
779 944
607 284
500 57
930 761
170 432
270 541
610 778
636 333
623 944
612 263
971 592
94 617
319 757
580 983
777 699
613 433
17 339
340 794
283 93
144 442
528 329
194 221
292 13
1 890
49 586
585 614
603 727
727 454
699 981
351 760
300 928
23 851
937 669
329 34
413 62
157 229
553 759
196 975
49 725
958 433
615 26
965 70
447 571
256 997
618 962
385 355
539 540
55 558
820 923
133 954
98 525
913 464
69 3
542 986
354 11
138 129
104 983
457 831
598 508
936 125
692 404
610 870
413 148
151 450
139 358
352 332
163 817
909 885
277 596
255 623
77 198
134 538
381 729
747 986
361 386
159 783
833 435
811 779
650 786
70 976
37 911
307 144
583 2
879 523
984 490
375 36
300 239
632 548
189 369
222 334
406 790
406 873
785 680
51 826
499 685
148 615
979 13
604 980
150 408
241 474
174 798
807 227
758 276
770 288
912 213
415 235
607 439
851 733
965 610
290 833
46 725
946 79
915 1
917 498
249 491
259 938
319 158
453 627
755 559
795 364
342 55
95 105
987 333
624 466
524 634
648 386
237 546
751 264
607 825
605 681
215 380
195 964
244 364
299 173
236 391
68 642
79 919
175 121
283 24
716 272
198 262
742 268
599 85
691 275
198 79
973 441
552 922
923 431
76 799
473 775
816 420
275 442
540 403
246 746
845 769
136 504
164 840
35 911
837 221
398 959
177 610
315 19
588 917
466 875
759 464
37 211
959 863
890 818
652 749
917 356
891 767
691 57
917 911
527 140
694 58
792 556
62 779
337 54
803 878
337 761
877 381
113 816
537 207
248 292
231 756
898 776
380 482
813 707
81 539
626 305
98 421
18 274
863 488
247 106
38 492
430 575
143 904
500 223
343 876
582 455
86 280
327 732
785 419
974 630
440 749
781 408
665 92
627 130
707 747
11 311
788 503
707 799
372 32
958 30
416 566
354 755
975 626
587 922
496 576
38 667
395 124
159 9
803 569
187 939
139 435
927 246
957 87
623 505
460 382
263 311
100 542
494 265
852 776
950 338
723 603
742 297
448 552
864 242
289 716
131 717
661 561
202 990
714 916
690 75
720 865
464 465
699 763
865 408
485 628
281 482
385 963
845 112
217 577
200 493
578 107
882 529
355 259
788 287
370 31
973 359
190 264
768 613
830 645
244 312
16 294
11 20
603 569
483 368
446 55
944 641
966 16
496 509
540 867
221 369
973 23
543 156
864 454
159 225
307 756
277 745
447 668
820 959
199 27
1 138
285 283
111 382
29 714
589 83
328 616
470 109
699 868
752 722
837 232
814 111
428 593
926 155
497 392
340 483
951 51
997 925
568 708
373 420
936 393
450 466
240 43
374 329
332 999
448 969
526 392
596 62
105 234
687 551
766 465
556 344
354 296
17 737
102 187
370 372
454 21
829 995
19 18
893 639
233 311
808 58
753 317
137 143
544 922
662 124
79 151
618 543
593 43
708 966
311 62
623 965
607 735
520 572
529 847
611 511
289 732
167 916
184 975
397 360
3 286
5 555
610 554
472 575
90 234
711 645
132 479
803 423
412 606
131 671
634 673
401 39
372 302
797 439
26 206
672 387
873 887
730 346
417 163
510 488
511 431
233 804
212 461
198 491
91 738
244 107
415 905
974 153
91 438
546 980
552 307
643 439
178 870
752 467
91 89
442 74
663 313
674 422
199 536
816 288
398 820
517 345
87 437
338 772
813 282
727 538
49 85
621 21
567 394
588 733
41 164
406 622
619 577
402 472
621 489
394 494
549 522
669 871
250 31
910 248
514 228
275 128
284 796
270 667
399 372
576 264
2 685
825 27
153 477
9 619
775 87
755 397
566 382
76 319
680 286
832 334
562 428
446 769
500 984
703 491
258 98
931 445
238 19
427 265
443 167
88 216
683 746
203 893
11 639
363 488
106 834
10 141
629 256
408 810
926 26
455 892
312 46
517 442
29 870
445 545
112 614
678 710
811 778
298 983
379 286
296 259
447 260
955 933
460 530
658 525
644 433
654 815
618 407
14 26
759 46
710 849
729 779
939 662
631 479
665 154
534 362
806 430
959 35
948 862
798 497
994 921
845 981
868 898
831 877
175 74
485 259
198 811
588 484
560 70
821 298
719 190
588 331
266 747
338 735
276 41
851 157
986 86
609 247
673 751
479 705
271 579
358 638
973 734
915 227
931 368
271 194
324 588
198 425
669 498
865 248
722 69
964 495
658 517
56 829
614 581
346 170
30 558
770 910
284 331
53 815
518 619
740 704
720 491
163 796
344 113
203 391
321 370
992 981
440 140
779 793
386 525
473 464
780 330
818 43
745 937
995 41
200 440
300 938
804 419
83 805
482 58
368 219
382 544
415 841
734 525
73 362
941 501
346 475
602 895
980 870
870 232
443 631
202 621
144 394
951 572
607 803
779 212
888 748
27 903
969 395
139 559
426 265
360 207
735 308
359 78
218 485
675 624
455 99
939 260
783 927
313 158
965 662
860 351
740 426
535 216
806 985
416 491
30 388
330 34
984 674
315 350
572 346
174 81
838 236
651 780
409 665
58 762
719 751
436 723
514 134
642 474
599 101
563 952
702 685
155 175
499 901
246 847
936 997
785 292
1 923
386 413
70 57
507 271
76 708
707 657
125 383
60 758
699 974
6 598
505 644
355 340
186 893
345 177
128 380
467 352
790 46
824 352
391 166
35 133
701 319
545 312
850 557
870 714
146 228
48 125
607 423
58 875
988 291
403 557
267 177
644 245
63 383
702 44
986 624
794 813
937 63
30 792
171 264
831 824
973 16
305 677
600 104
969 123
810 829
436 641
17 267
333 803
267 781
139 185
545 567
992 22
311 677
939 281
630 257
743 31
619 673
490 343
949 46
919 957
754 446
236 879
827 266
605 339
203 153
583 207
676 595
110 112
882 624
287 812
957 599
758 295
108 231
994 58
605 97
12 399
222 851
836 383
663 855
572 36
125 298
347 375
761 925
371 523
791 279
259 224
296 34
389 449
736 738
777 94
304 641
57 755
917 645
99 319
503 688
754 846
267 919
501 656
338 668
103 791
392 581
565 917
733 562
243 772
167 722
535 396
599 95
292 616
543 501
745 305
50 87
272 626
76 67
279 42
902 497
426 421
916 911
743 507
94 592
16 64
186 416
245 834
800 994
631 663
493 530
518 628
345 228
37 390
393 27
304 77
253 930
909 492
539 175
88 883
650 955
573 813
960 27
130 570
949 658
842 462
926 325
323 488
211 645
705 804
776 505
361 554
128 473
486 348
773 732
872 388
402 491
936 732
385 267
606 60
901 223
163 743
50 876
143 294
88 772
996 155
171 651
49 352
518 821
256 358
515 630
112 38
588 832
379 995
62 793
425 902
249 802
924 1
569 953
250 501
72 960
806 820
913 780
24 223
543 366
960 177
180 597
14 129
322 179
877 997
182 812
556 266
791 58
868 237
524 595
773 901
67 73
496 798
859 929
86 47
299 677
928 149
760 210
276 518
323 139
887 567
489 620
390 671
265 263
19 537
290 218
646 910
794 695
449 192
511 228
715 265
922 425
614 258
552 412
162 500
488 320
264 466
799 73
455 397
662 89
170 903
939 175
303 80
772 235
778 325
727 259
344 523
949 314
277 976
906 227
502 715
719 354
15 247
969 907
887 612
239 897
599 758
151 697
719 460
801 580
641 866
474 41
540 424
851 160
954 848
680 904
650 876
426 202
687 981
965 51
7 213
691 630
92 774
782 488
647 169
682 306
72 369
689 707
943 525
237 179
351 881
121 633
677 637
288 550
325 213
109 752
685 119
577 560
513 624
881 860
685 855
21 318
230 281
402 99
82 155
537 420
618 443
918 104
999 192
625 993
899 429
169 978
739 250
948 1000
716 115
695 166
859 879
572 639
939 410
831 152
227 339
585 578
958 79
910 253
449 820
214 736
368 39
551 82
225 583
537 644
895 119
609 245
304 384
519 789
624 108
959 850
244 900
604 318
40 764
673 334
434 394
182 133
132 778
857 871
733 172
850 238
89 284
349 745
117 538
988 744
716 376
875 697
724 663
634 910
594 698
791 565
202 288
289 654
903 494
854 705
993 355
278 125
394 675
437 10
720 693
309 648
927 957
690 454
284 498
244 572
866 353
888 857
569 192
599 773
786 868
14 96
428 948
541 690
291 619
336 49
579 586
657 30
537 763
859 728
819 535
537 927
522 377
381 130
935 889
561 378
844 227
978 509
39 133
687 356
18 676
798 76
293 839
840 961
739 187
233 199
473 605
217 743
714 51
117 568
861 228
958 27
141 395
48 750
72 576
37 970
937 742
832 630
199 390
426 105
587 731
825 675
574 701
596 581
120 222
88 508
954 431
646 266
469 940
194 549
129 156
238 967
479 394
669 948
151 375
272 983
371 565
805 541
266 605
858 128
566 794
238 109
230 244
729 62
125 575
472 442
73 889
418 1000
749 551
141 143
103 312
89 801
483 344
915 348
782 407
132 128
667 448
200 931
546 370
768 96
292 618
520 315
640 735
913 631
202 285
880 968
382 171
845 897
617 389
774 784
609 690
609 797
448 551
781 751
333 738
10 310
690 711
108 874
423 167
796 123
334 716
287 582
157 399
549 951
279 626
443 825
651 118
274 536
531 519
229 55
887 187
615 250
272 590
59 566
53 968
2 188
497 165
793 786
394 604
312 417
540 369
244 584
21 132
173 39
334 16
185 645
512 596
567 683
916 325
501 287
498 850
43 658
595 55
798 170
983 35
302 217
656 730
783 876
533 499
244 572
480 954
271 848
97 248
251 882
840 134
723 510
126 302
503 926
821 562
726 752
492 91
647 662
572 427
871 717
965 899
214 183
386 102
209 201
128 900
170 173
275 864
939 897
42 843
815 887
486 350
890 579
599 756
227 624
783 686
137 875
628 468
443 846
594 75
399 895
551 698
836 926
358 676
207 562
477 536
898 949
326 228
968 979
698 286
227 528
369 354
991 911
355 775
844 555
898 201
695 322
854 233
217 988
648 384
679 609
495 8
992 1000
302 419
370 457
451 753
686 204
314 887
375 408
265 667
807 293
849 825
419 634
939 449
314 536
857 478
953 972
384 824
538 97
173 603
520 44
429 686
500 734
619 373
468 966
694 656
87 564
24 242
66 271
976 482
62 608
361 885
655 693
993 906
534 743
579 516
672 372
965 132
854 493
674 5
235 257
794 790
145 417
493 676
724 218
972 725
789 766
824 405
840 739
353 157
318 474
568 567
932 809
509 548
906 986
730 966
222 762
133 358
486 939
706 215
393 858
383 793
479 161
999 143
180 958
128 977
457 323
780 659
603 524
636 252
890 860
624 888
283 552
832 879
367 642
446 571
2 967
842 734
501 874
205 562
332 7
118 223
672 920
96 832
566 564
978 518
318 843
77 876
645 339
778 777
883 78
842 889
710 50
67 84
277 567
2 950
702 284
476 989
153 291
347 110
187 945
431 89
348 759
586 320
41 443
915 356
826 888
964 376
565 73
948 204
922 378
350 987
428 7
696 373
62 963
669 766
460 755
84 461
54 160
350 734
665 649
628 777
93 254
950 736
448 758
565 965
521 394
834 498
718 280
44 886
422 873
111 239
744 307
848 611
979 623
674 845
331 740
723 15
235 26
455 962
797 792
524 183
531 607
165 561
794 421
8 465
434 395
848 865
743 871
259 793
443 259
668 62
578 532
834 262
188 908
88 893
86 704
811 82
305 162
151 322
922 704
986 669
497 987
488 884
922 42
429 705
726 4
630 743
691 497
104 526
112 826
711 209
698 445
169 543
330 442
937 925
645 712
844 362
946 600
575 513
320 369
503 891
741 683
727 666
264 132
182 240
800 582
110 222
170 158
230 37
335 31
201 488
315 213
341 128
248 139
37 863
921 741
104 397
839 319
375 519
327 444
811 66
818 847
740 164
596 366
715 220
462 737
233 389
477 848
654 615
520 443
27 854
805 951
984 137
180 584
607 60
515 913
95 814
288 501
266 676
50 842
319 804
17 17
536 707
689 736
669 928
196 511
944 6
621 678
119 838
69 838
294 827
425 163
962 12
210 649
246 885
908 572
906 774
375 582
599 27
929 277
308 786
139 706
604 40
303 907
774 332
57 9
868 171
3 587
620 490
630 506
994 863
328 907
652 921
337 320
348 235
525 863
714 861
645 233
936 171
629 476
892 604
352 730
865 28
904 136
430 146
718 288
69 987
640 207
877 109
141 663
641 109
195 982
535 322
418 894
250 55
559 611
705 709
562 456
918 750
296 386
175 635
97 451
472 680
955 384
910 739
957 108
974 608
93 315
68 991
267 936
732 404
427 95
717 455
927 99
761 370
59 137
319 398
735 676
745 174
641 711
374 649
784 62
969 772
866 853
136 838
823 311
78 547
691 56
801 906
680 52
972 503
778 678
775 337
249 705
138 805
426 379
254 289
687 645
188 626
882 420
603 535
678 51
462 803
878 543
708 95
476 193
911 165
268 432
853 702
38 716
106 269
159 572
996 450
720 17
766 401
750 513
533 944
88 813
990 732
261 699
278 748
283 860
600 228
313 511
691 92
830 509
745 935
255 371
618 517
653 691
887 769
748 875
183 3
318 596
605 918
566 900
455 299
926 317
753 173
553 500
680 740
697 178
520 930
914 998
999 864
917 306
887 50
750 818
104 679
503 592
763 674
707 642
624 356
387 226
265 527
957 197
37 804
416 293
86 38
537 735
635 893
456 14
151 213
788 974
648 876
955 297
313 511
251 6
440 725
420 117
312 442
780 644
433 542
833 469
475 452
826 854
895 147
175 495
878 328
948 463
919 466
570 880
925 253
30 199
799 368
65 525
95 535
686 800
284 849
222 298
127 963
695 457
737 979
633 694
852 837
456 310
694 650
717 268
889 644
69 277
837 148
560 738
93 724
835 602
406 733
559 261
435 275
143 458
595 267
118 490
889 44
367 922
772 491
27 85
637 885
271 320
883 137
843 237
330 571
972 784
999 83
802 677
318 220
171 504
29 621
78 859
926 115
913 899
233 389
948 356
159 111
4 313
144 488
577 580
774 364
840 244
368 458
993 690
744 622
138 691
