1000 6700
878 760
117 345
150 862
180 655
195 85
451 714
472 650
904 712
54 773
781 789
711 587
495 702
13 676
896 215
353 894
486 157
444 896
233 933
433 336
664 11
281 558
149 244
310 495
996 877
544 482
120 665
275 870
191 438
695 755
585 880
839 436
700 549
306 987
323 896
669 701
146 567
224 314
868 485
236 758
630 784
3 115
649 788
600 741
459 566
827 828
279 729
558 518
200 397
98 850
234 27
179 509
410 818
472 777
528 677
420 818
900 923
800 983
647 878
326 327
549 60
559 57
898 305
759 186
882 211
276 819
750 77
634 273
822 61
897 772
194 853
933 296
384 261
774 38
418 207
430 860
876 314
877 273
82 705
8 146
576 401
86 592
200 406
554 264
264 630
684 801
33 644
264 241
57 271
341 297
530 800
134 612
481 64
773 956
632 679
939 949
244 590
18 320
383 510
547 434
151 135
664 162
685 394
411 750
896 295
69 383
95 464
32 872
122 900
509 651
10 821
72 708
797 282
758 348
3 206
670 655
507 79
429 854
767 880
24 150
635 471
494 576
522 328
764 271
457 184
759 349
266 650
165 838
979 758
333 26
372 501
850 759
5 574
468 174
325 317
38 34
604 318
985 716
402 542
72 49
653 587
186 250
232 855
980 434
974 945
140 652
331 539
359 443
907 589
107 424
769 689
318 528
370 93
685 499
55 788
30 86
303 157
663 210
410 786
364 59
935 907
69 641
239 921
597 954
727 387
500 678
74 588
126 530
893 82
138 262
890 305
317 935
397 582
100 365
978 245
437 134
21 348
231 218
8 501
925 764
57 1000
814 815
57 678
360 279
206 679
713 252
842 517
381 843
257 263
43 396
655 127
632 125
520 236
442 125
998 321
701 682
719 36
874 476
853 192
923 23
972 99
785 837
422 873
686 178
498 783
299 422
545 225
227 679
177 492
446 956
586 4
135 603
347 104
383 580
917 681
520 587
479 247
906 802
785 284
649 716
505 830
477 52
361 65
424 508
502 339
516 886
643 655
803 839
756 179
141 422
564 401
845 906
815 873
116 577
440 510
325 634
493 869
807 220
118 657
55 652
993 738
91 883
953 48
343 510
818 757
124 29
735 41
452 540
805 371
216 852
477 479
818 371
725 834
499 280
792 48
94 544
377 887
291 860
780 65
517 209
230 286
620 846
216 696
476 265
456 517
468 699
495 592
128 479
228 199
600 535
263 151
399 679
175 740
588 336
53 314
780 950
455 359
646 795
454 766
942 522
656 677
810 420
414 719
552 710
711 28
270 17
476 532
633 105
194 416
311 583
795 769
636 599
373 310
281 27
681 931
368 78
997 821
234 73
747 126
41 345
776 783
30 303
461 129
988 111
186 763
571 297
910 616
6 316
360 238
733 550
657 327
28 325
607 379
194 585
228 829
715 735
477 490
839 744
876 213
880 807
423 182
448 991
638 286
121 283
664 68
971 508
871 291
865 847
319 434
364 236
75 482
95 936
137 668
433 924
697 217
446 67
113 775
926 240
212 131
133 158
134 425
481 550
530 262
912 836
460 855
127 898
656 607
651 516
401 773
276 635
466 955
741 450
329 320
70 716
327 207
594 996
673 430
633 203
994 848
591 573
495 172
115 68
985 955
89 620
343 429
657 93
465 45
149 453
734 801
767 755
335 227
249 861
425 154
603 651
159 530
880 449
390 520
809 697
584 726
928 95
666 293
471 475
517 622
671 747
208 536
185 798
396 334
521 746
415 718
973 870
994 154
194 617
291 371
104 945
652 49
193 253
498 436
158 748
398 303
210 244
807 727
964 284
631 832
26 57
50 624
297 373
290 402
278 371
93 509
232 421
37 731
219 366
743 618
278 8
773 638
510 184
308 245
201 101
351 953
828 436
906 746
502 543
151 522
634 113
181 623
945 980
51 644
806 475
154 888
368 712
673 533
995 47
558 570
431 273
468 210
303 611
735 827
548 900
394 792
784 794
153 888
139 46
287 476
618 947
842 44
451 787
690 763
169 18
685 863
310 57
310 858
300 724
25 68
963 140
489 814
759 358
771 656
967 747
64 764
711 174
327 720
799 297
392 536
841 224
826 379
879 276
934 649
26 441
281 75
732 744
694 355
648 734
906 687
660 155
782 859
366 788
769 500
236 146
180 717
554 41
851 438
712 250
107 992
218 249
302 298
510 807
680 391
505 561
486 646
3 23
594 913
998 950
113 558
651 863
148 817
644 525
138 128
475 307
909 269
842 596
913 528
385 57
672 739
436 615
680 76
538 142
147 774
39 235
894 312
722 526
242 924
576 509
791 625
487 744
412 162
492 659
616 845
598 767
660 397
800 552
671 625
715 424
273 722
897 555
488 849
299 953
62 718
389 16
32 266
989 88
129 462
511 4
653 146
923 391
374 55
934 741
603 5
997 638
764 918
269 630
87 393
678 632
822 504
867 542
855 346
163 515
402 618
995 129
223 278
458 243
949 97
756 661
236 673
792 710
468 97
962 317
252 96
737 809
660 49
954 448
499 921
571 449
58 109
313 898
558 305
611 802
442 649
588 680
979 172
973 362
122 860
864 183
518 831
46 806
39 177
250 316
52 208
676 659
926 14
656 349
643 483
36 605
44 601
317 214
847 318
578 986
589 317
200 884
181 685
660 126
335 920
300 532
930 94
95 991
600 160
176 868
820 285
279 706
178 472
624 752
952 15
537 868
125 222
968 956
385 570
588 257
613 423
607 656
102 475
418 887
982 40
129 606
411 414
363 59
631 934
227 180
318 616
354 754
923 702
50 552
475 39
204 864
576 701
523 238
671 519
935 707
442 616
340 691
256 590
480 599
904 924
280 324
553 360
491 755
69 93
957 647
666 994
214 474
672 90
857 680
5 731
102 601
404 351
888 524
49 717
903 351
7 832
686 920
754 831
166 311
573 332
834 505
374 837
209 127
501 998
312 781
913 773
117 531
322 397
933 351
976 308
814 314
931 268
614 774
560 573
970 222
867 66
752 910
415 512
814 783
144 562
40 741
81 719
30 248
342 994
851 46
364 9
343 63
52 600
686 600
628 723
631 353
69 983
230 119
534 929
771 131
991 661
417 376
919 553
863 753
135 551
410 281
293 775
425 729
402 354
168 373
396 392
62 959
373 363
111 955
682 746
930 281
972 239
275 447
347 537
819 876
494 955
555 886
108 643
605 37
806 228
523 238
922 828
854 312
602 759
920 162
67 634
826 291
407 752
783 961
507 441
591 147
609 142
621 607
631 334
562 309
263 5
840 529
909 927
911 757
668 609
563 148
201 313
875 273
534 545
468 814
665 136
421 125
650 600
505 155
152 801
232 512
709 557
405 112
702 450
409 101
948 939
119 546
621 583
486 41
91 41
250 167
484 918
116 763
232 498
877 386
903 19
87 758
216 980
252 650
619 36
325 864
1000 989
300 371
238 301
386 861
421 776
746 898
612 196
316 11
316 883
243 325
882 709
863 599
145 67
340 351
558 37
777 638
194 893
914 135
228 650
215 668
860 774
963 489
153 520
549 367
196 723
498 202
875 589
601 132
591 681
285 688
318 246
911 863
746 877
402 439
447 774
365 862
505 340
381 195
316 796
104 902
802 819
10 699
465 949
52 276
866 462
368 212
387 269
159 396
950 428
139 337
872 202
861 228
171 465
568 177
884 144
972 361
229 889
676 448
836 276
952 271
883 99
60 355
550 748
31 812
168 194
517 135
934 836
630 765
890 965
396 234
665 10
289 622
526 463
295 935
685 611
166 813
344 359
969 845
246 242
57 911
223 520
393 848
233 894
944 521
230 192
874 949
204 340
255 71
963 188
523 834
787 752
524 263
443 266
471 355
963 720
476 62
315 397
925 453
233 816
419 904
248 259
57 653
403 309
679 611
246 505
792 176
806 493
420 460
355 244
471 19
189 268
216 31
372 153
467 596
575 672
408 875
230 781
577 631
896 333
320 594
78 261
575 321
934 545
685 52
785 261
176 664
901 64
518 68
83 756
370 23
602 456
798 488
130 542
795 373
426 613
402 741
260 959
486 486
179 972
856 111
235 126
138 943
354 115
397 557
487 639
507 453
874 111
485 121
36 646
678 470
522 324
533 547
678 138
696 373
6 607
764 862
715 454
45 985
684 806
861 880
296 752
141 959
687 741
957 718
858 366
722 530
855 490
522 172
110 43
170 512
702 409
881 688
697 133
426 239
219 951
110 583
207 674
199 491
482 258
623 821
894 741
55 785
361 935
664 256
331 252
957 671
891 314
159 173
835 868
496 264
391 600
128 321
579 458
348 891
282 887
441 152
871 459
237 76
256 755
535 224
573 140
442 768
590 306
326 670
963 650
327 837
329 880
532 286
924 633
881 14
799 475
998 70
845 512
117 234
20 415
679 163
173 907
408 973
6 50
671 417
24 855
295 844
368 392
777 670
354 704
632 949
353 190
347 519
385 557
902 451
230 522
601 121
922 617
848 5
67 721
249 512
762 307
41 623
925 246
407 234
117 574
56 374
449 721
617 76
66 249
88 464
685 540
796 178
196 71
936 408
125 439
196 826
697 494
284 797
942 996
199 353
782 308
65 707
38 738
745 452
40 548
732 503
49 622
912 711
699 684
442 839
636 412
729 288
14 337
664 278
397 921
416 235
716 192
419 531
200 891
730 55
907 350
833 434
987 855
62 567
80 560
805 944
89 217
926 472
968 755
853 747
657 814
562 801
647 796
799 295
800 316
253 917
996 672
991 320
841 759
868 882
418 820
825 677
939 284
573 516
191 956
868 915
75 586
869 58
968 31
604 181
732 507
840 718
377 305
638 522
245 6
948 784
489 310
423 718
106 56
590 387
491 341
100 214
201 364
258 606
573 649
130 943
974 346
389 779
444 537
14 159
846 29
989 458
789 80
278 961
847 106
951 718
877 700
957 284
469 711
335 893
680 723
506 452
229 296
819 923
309 376
264 95
757 282
144 591
183 993
318 256
689 155
634 220
236 83
775 54
342 528
198 887
737 244
338 397
714 349
963 207
490 319
339 298
633 255
643 39
838 170
807 794
264 532
686 620
816 938
147 563
892 121
15 333
510 636
940 416
803 329
3 989
973 621
815 256
497 52
536 290
346 761
170 31
316 44
947 153
961 111
88 963
688 401
344 702
889 347
271 991
482 365
285 207
141 242
365 258
224 719
742 129
795 552
509 376
646 580
457 400
672 612
766 134
713 152
371 890
281 401
308 137
158 488
1000 780
98 502
260 95
155 346
646 154
554 462
898 572
76 50
41 227
132 656
381 644
967 158
639 330
126 423
985 847
616 970
756 772
517 922
308 231
404 916
846 520
806 292
169 659
896 224
26 745
997 395
622 238
410 124
452 732
81 548
176 583
590 100
330 384
581 148
357 850
130 509
608 688
535 801
616 797
594 805
116 202
316 518
176 739
555 697
763 834
144 193
409 515
322 124
945 711
418 999
663 241
221 766
300 315
861 93
545 338
800 442
152 838
223 671
923 452
201 941
971 108
397 132
578 186
163 676
689 993
580 184
955 843
341 606
144 50
641 48
43 83
284 789
204 286
432 888
687 743
652 360
676 64
912 615
717 237
18 724
186 582
628 49
584 536
571 949
286 708
474 530
407 935
205 968
546 153
822 249
477 726
372 483
38 800
199 273
369 850
373 18
101 278
352 952
982 305
238 723
988 554
160 596
259 670
195 650
738 839
698 960
292 848
737 149
745 243
108 394
574 931
950 16
297 226
915 720
222 884
182 56
109 378
931 773
113 585
551 291
778 128
778 895
716 533
668 38
254 457
70 203
348 215
396 101
694 705
130 342
191 819
100 597
854 958
156 973
152 887
143 92
612 349
520 213
381 710
444 414
12 650
405 651
492 479
120 817
228 508
134 732
481 814
934 321
337 157
666 332
280 408
565 124
679 133
988 194
688 418
698 590
636 407
889 170
685 465
368 460
540 993
448 792
748 659
262 244
141 160
645 603
474 28
49 131
139 144
908 687
436 305
292 429
212 775
307 896
207 111
838 879
309 130
159 597
680 164
428 135
962 821
565 105
109 531
289 217
153 222
34 754
489 851
748 67
606 722
674 606
418 688
625 49
215 22
251 296
526 120
110 185
704 942
819 590
633 830
31 191
103 120
573 765
463 833
457 664
657 457
534 450
111 77
474 218
586 989
773 827
741 423
374 906
568 178
229 867
662 724
866 796
87 13
213 536
151 706
396 661
517 210
160 126
61 764
959 83
295 944
220 684
253 241
803 698
513 922
342 638
797 365
58 104
312 909
666 793
96 854
59 401
579 719
255 874
844 71
906 226
228 325
464 637
7 7
109 554
275 644
211 665
236 714
576 11
139 673
765 626
858 717
128 508
481 400
723 932
901 781
106 57
252 607
441 614
682 952
676 224
318 362
686 203
221 930
674 670
7 71
949 2
493 168
466 678
417 395
452 398
726 351
904 640
964 387
96 565
310 196
585 414
331 123
789 805
312 853
611 839
4 129
346 625
658 101
225 144
611 50
890 127
425 571
954 349
165 482
51 36
43 900
851 660
593 407
107 261
35 299
920 953
834 942
956 551
360 974
806 425
253 356
590 991
38 891
370 426
744 53
829 530
177 742
10 88
720 343
829 109
800 236
514 961
753 599
684 341
487 915
592 721
217 873
951 983
347 22
496 750
668 387
827 128
1 884
631 492
416 530
300 837
670 361
122 784
594 698
529 266
159 546
279 688
870 178
997 62
66 821
514 281
874 212
206 876
906 653
128 567
458 440
209 435
997 25
695 47
404 41
531 934
249 637
763 375
332 781
369 364
658 158
242 979
992 33
215 592
324 818
143 449
733 481
651 961
758 548
921 901
751 339
203 562
700 619
581 661
732 132
361 193
547 419
590 501
344 17
317 571
808 849
563 163
569 534
963 942
480 115
993 251
364 89
527 445
936 581
204 114
13 326
367 54
621 539
937 526
441 764
609 550
629 324
901 147
271 278
207 170
459 685
662 975
577 170
369 15
877 809
384 631
631 44
51 682
81 407
488 166
388 906
137 279
211 779
580 355
781 281
617 469
351 410
440 875
320 661
80 368
132 945
817 810
946 333
155 93
670 709
413 702
255 388
191 112
954 772
984 971
853 767
912 160
221 578
623 366
584 397
685 712
652 404
560 29
630 137
41 7
228 927
542 532
36 640
498 440
338 89
337 217
54 353
565 642
660 333
643 65
82 927
854 320
277 26
187 479
644 624
372 824
243 524
102 818
442 784
330 64
596 753
463 855
121 382
494 411
356 812
213 634
493 797
709 311
703 676
4 921
163 546
988 81
508 733
562 216
521 652
744 494
575 924
387 36
796 6
565 123
813 102
484 211
929 110
345 349
563 473
43 649
508 952
930 721
990 880
348 804
866 498
987 756
523 458
260 224
417 833
633 835
720 939
784 699
654 722
203 627
376 177
910 273
149 769
188 97
641 175
923 72
652 684
715 521
425 692
962 908
735 320
403 730
323 796
962 786
996 153
634 192
366 212
279 368
752 661
356 703
46 465
431 67
199 585
712 806
151 953
566 399
31 50
57 1000
696 336
945 441
788 644
821 820
245 427
917 895
676 77
818 245
819 143
168 773
675 177
938 729
247 641
510 281
383 807
773 14
535 663
461 599
789 130
999 575
686 380
489 276
313 367
316 10
482 599
63 486
577 677
378 628
193 717
4 730
57 639
78 970
142 617
950 284
47 107
125 697
392 930
505 121
768 973
812 654
762 843
43 815
136 860
479 270
155 379
791 250
996 571
533 718
23 582
204 992
11 687
57 995
459 58
751 93
967 367
105 586
4 618
372 975
72 950
498 296
135 29
504 954
969 610
824 929
289 303
952 156
351 127
722 932
735 781
378 17
33 923
835 541
567 477
594 790
313 747
929 1000
532 426
590 281
215 636
321 588
124 179
225 719
365 802
840 316
765 28
58 411
587 107
58 559
851 74
494 309
900 612
790 944
658 251
144 407
53 513
479 837
233 818
144 9
301 968
651 660
12 542
816 469
702 774
199 8
176 411
167 842
832 111
808 463
34 519
113 565
62 266
802 462
439 365
187 450
525 745
132 419
900 668
203 838
563 452
673 561
110 831
581 567
85 134
735 126
970 141
806 386
815 437
51 623
782 635
644 787
191 22
578 920
637 772
259 527
225 310
776 16
830 183
816 308
555 57
484 387
412 264
241 670
650 404
833 6
214 580
26 18
714 526
749 30
888 504
792 471
264 394
981 39
223 105
377 439
275 758
438 136
672 909
49 961
870 799
756 773
920 344
869 802
286 905
933 706
140 327
323 333
817 570
487 590
953 663
839 866
4 15
685 756
204 278
878 100
603 340
676 275
995 215
198 744
459 608
587 270
761 769
875 460
803 29
830 827
308 400
794 404
150 43
985 736
2 194
464 709
569 645
130 432
839 434
611 925
962 449
110 89
463 903
824 185
310 196
66 488
961 293
970 813
593 362
794 706
849 105
304 214
137 297
765 28
820 856
542 674
18 238
694 459
127 800
538 702
498 150
107 548
359 860
48 309
270 413
833 740
833 675
53 639
306 393
357 936
266 450
919 294
3 46
364 509
376 28
130 905
112 331
394 175
478 679
763 765
955 19
181 597
715 561
967 942
596 379
722 155
482 398
268 930
286 426
382 789
242 587
102 765
318 691
206 370
447 861
747 780
186 284
303 262
573 458
735 973
415 457
853 565
451 38
439 652
617 776
942 413
661 398
256 279
182 518
167 436
768 679
968 762
379 520
877 517
481 870
795 675
884 634
453 534
342 417
367 414
134 90
683 717
810 916
776 977
368 181
110 845
947 691
515 552
204 63
305 740
783 910
277 40
922 999
474 551
945 375
276 655
541 671
278 67
880 693
508 378
762 591
673 645
175 179
51 700
383 562
138 842
349 208
701 213
889 550
892 343
406 865
903 784
364 824
797 849
7 393
310 730
710 252
42 205
333 463
88 520
899 560
768 895
205 710
81 601
977 857
564 150
188 85
278 183
53 828
906 110
111 896
621 369
283 981
337 43
316 989
698 364
345 890
804 828
110 887
515 396
91 903
265 317
579 925
667 14
959 274
829 522
929 667
530 552
577 800
508 546
907 39
938 574
135 550
893 320
928 988
794 622
542 769
915 642
764 89
718 868
978 821
964 966
420 89
659 910
257 639
773 127
413 27
639 168
799 766
611 819
828 164
150 343
18 221
762 255
830 159
357 153
862 322
809 960
504 3
666 411
458 298
355 619
783 484
865 793
80 625
638 781
744 639
751 776
951 829
711 963
1 649
482 838
604 979
923 282
733 407
326 223
996 279
254 47
403 695
520 985
459 591
46 191
6 709
966 688
70 256
41 183
229 990
68 514
851 7
882 732
108 279
143 443
247 224
63 602
1000 302
317 64
278 761
652 696
110 870
850 287
862 998
416 193
115 78
187 149
971 294
950 204
852 210
382 286
851 964
876 669
518 263
975 423
139 654
903 368
670 403
419 606
199 280
276 67
753 610
544 615
341 416
632 252
205 432
762 304
305 627
663 710
549 749
894 805
305 22
232 975
624 723
66 188
786 141
206 21
802 104
58 201
816 462
687 651
575 354
635 881
368 526
712 671
910 653
466 954
688 257
533 94
51 502
333 49
381 589
437 749
475 666
873 266
996 503
779 17
395 183
377 938
416 939
637 335
792 281
684 511
249 887
416 684
239 724
758 509
306 384
345 221
549 64
725 722
737 219
108 87
904 479
77 58
434 412
856 934
83 263
755 594
827 425
520 129
37 726
260 896
256 135
810 204
321 72
358 321
575 58
307 595
182 18
646 305
861 512
648 69
416 898
727 485
942 110
901 461
171 931
808 51
800 921
825 66
854 772
69 24
263 757
631 535
37 905
260 511
465 488
709 307
773 359
248 384
834 695
616 289
851 275
905 557
384 574
93 351
309 915
601 293
976 555
528 346
630 835
55 765
54 347
911 488
908 352
55 177
536 42
848 236
349 519
191 495
90 182
262 596
908 349
42 827
394 500
246 45
304 800
744 274
965 905
623 212
444 467
675 362
143 993
541 910
311 453
650 743
45 586
28 176
533 651
425 423
118 888
658 687
443 280
837 246
116 658
428 96
910 611
284 10
359 579
487 999
139 943
314 863
738 217
832 795
735 947
277 130
362 992
939 272
551 868
376 409
629 118
766 810
865 773
539 489
992 616
790 848
536 533
656 262
823 19
784 725
594 911
286 469
584 531
489 624
285 290
393 860
344 750
598 572
284 467
158 311
267 945
19 512
934 613
395 716
566 976
919 687
575 775
60 655
615 265
237 71
468 140
710 670
595 529
291 422
418 275
471 173
775 820
437 631
694 841
347 194
54 337
2 552
509 865
71 81
672 627
685 62
276 194
649 351
40 319
941 494
760 584
405 370
308 604
557 245
734 136
817 134
360 621
875 728
724 279
1000 217
146 759
211 92
181 674
113 528
622 401
228 854
320 687
489 206
906 206
561 99
176 146
155 690
723 324
552 840
300 792
582 393
397 759
326 769
528 918
55 287
589 829
448 661
1 42
385 338
490 35
795 8
148 151
683 894
758 382
627 254
318 612
369 304
657 938
799 326
596 189
585 94
398 341
874 219
539 831
983 316
186 4
338 412
120 952
304 440
244 716
188 940
928 428
330 135
590 777
276 586
121 504
81 484
152 785
777 561
870 457
306 910
221 104
558 503
214 684
675 370
306 748
465 321
844 414
392 348
461 82
647 29
943 5
142 370
675 855
829 838
739 597
19 984
368 655
880 810
421 155
947 851
298 801
652 142
290 484
339 545
5 399
528 471
239 494
928 910
39 961
879 762
265 709
400 888
500 154
767 724
997 630
831 203
643 944
68 938
752 222
451 77
870 55
461 800
960 994
576 850
132 270
917 61
528 640
579 872
602 896
195 349
439 883
554 379
141 954
762 540
320 746
937 728
673 691
424 641
370 113
989 989
51 910
769 192
209 398
227 999
449 993
476 733
1 156
761 394
72 848
196 983
801 930
115 883
916 658
336 145
557 372
903 40
251 593
427 257
274 487
937 773
978 629
835 109
805 880
902 40
133 649
540 528
812 165
211 509
913 203
197 904
122 18
350 225
117 536
897 730
605 652
947 554
459 693
806 76
899 576
880 469
739 246
121 873
591 907
961 230
864 417
127 775
744 787
219 258
847 714
589 563
633 564
75 743
638 455
607 146
233 339
839 457
778 677
900 105
932 389
675 414
775 345
463 365
7 767
725 570
323 887
790 986
263 487
80 547
490 517
782 695
825 224
771 117
114 408
827 944
66 209
923 22
112 429
52 690
815 823
884 226
448 976
100 881
133 357
603 742
872 183
41 532
338 626
941 816
12 742
592 702
617 217
696 557
706 76
78 14
81 793
48 832
110 428
504 983
93 543
602 641
918 691
218 200
172 662
244 786
567 1000
714 668
106 165
258 515
525 462
53 569
796 912
138 934
278 147
328 525
607 620
983 218
326 107
856 483
312 886
64 748
459 540
874 337
676 667
994 424
705 139
554 612
448 1
304 411
6 245
526 441
161 172
697 307
375 606
171 997
316 361
706 261
32 652
606 997
575 877
638 365
599 76
68 630
525 237
324 728
152 954
729 469
877 215
673 756
241 84
244 199
586 439
304 437
391 271
944 552
443 994
456 576
598 944
891 247
956 941
110 644
804 99
490 872
34 38
533 691
821 982
906 272
554 936
300 84
975 854
487 51
921 930
72 427
734 631
312 752
180 680
964 854
192 311
544 394
192 760
727 50
226 211
45 264
290 965
462 547
264 479
636 21
311 142
676 510
632 281
857 559
85 295
744 337
814 662
339 756
39 893
982 144
904 51
829 215
124 917
588 760
914 724
157 638
327 516
78 351
362 351
864 326
247 632
217 818
949 937
19 237
424 661
547 589
487 758
315 654
103 480
616 397
422 804
172 111
617 974
605 336
566 568
140 613
547 781
536 507
821 622
816 413
338 465
964 393
216 645
69 668
923 559
489 546
971 791
208 302
539 156
529 856
740 636
534 66
320 789
843 810
111 415
307 660
749 232
203 413
602 566
709 969
929 480
831 565
993 278
281 93
215 604
307 888
570 259
580 951
382 688
420 970
442 60
603 130
290 738
279 568
365 707
267 309
455 285
962 336
177 720
976 227
220 512
58 230
386 638
712 659
669 879
426 968
806 627
80 72
431 527
129 658
417 732
981 385
223 437
899 826
425 685
420 601
682 503
646 708
931 28
969 918
822 937
973 854
283 958
963 877
382 136
383 268
111 31
941 971
545 481
825 123
219 821
573 614
330 81
31 857
957 629
304 697
624 718
502 579
986 252
851 794
54 796
571 884
438 310
306 166
603 944
196 380
774 385
779 857
827 495
805 397
784 522
108 218
27 190
100 463
337 133
536 365
16 19
781 332
942 784
868 503
551 314
877 516
635 32
823 253
269 480
329 889
301 993
356 811
15 58
743 930
106 249
346 48
658 413
875 548
47 333
180 224
852 711
354 587
216 882
968 879
432 836
994 44
891 612
819 828
445 681
479 269
469 761
977 770
46 747
111 650
130 846
329 727
298 167
389 105
167 903
710 745
541 907
280 262
306 538
38 795
716 563
589 135
848 756
966 539
156 700
167 872
725 106
43 727
322 291
413 550
887 296
897 882
931 781
244 375
787 708
879 850
220 264
128 176
941 674
808 556
66 480
206 117
11 577
578 973
346 570
115 643
393 244
850 346
122 43
901 712
365 520
373 368
549 904
936 272
907 564
655 932
858 663
817 577
849 67
975 755
356 172
470 847
803 947
568 609
114 196
667 840
264 872
192 21
360 60
349 624
242 593
596 859
355 266
634 844
880 377
280 247
32 545
22 42
295 701
667 368
180 224
934 855
348 491
808 562
284 259
456 327
731 777
717 633
349 24
303 671
89 681
631 19
500 970
787 485
612 779
915 86
46 304
894 941
73 114
646 661
585 846
519 589
549 156
596 615
216 905
67 33
627 605
788 191
658 718
165 351
699 916
985 267
618 43
604 147
264 452
993 720
671 171
612 714
992 26
849 115
797 581
659 50
839 525
101 497
897 237
261 640
859 80
700 344
904 41
623 832
352 464
161 522
471 252
311 831
196 692
146 735
155 645
865 59
51 359
420 99
529 496
634 352
859 831
708 115
326 242
367 516
969 545
518 460
208 968
254 611
745 81
521 651
394 416
748 2
441 581
760 92
499 581
876 343
302 138
313 558
334 22
133 711
548 236
369 709
138 327
75 694
936 889
261 133
170 886
780 945
744 518
561 877
525 30
732 198
281 775
132 616
935 542
408 818
199 811
273 77
309 82
941 304
304 453
614 519
556 527
193 224
433 202
976 620
489 531
600 76
550 745
708 482
617 465
800 803
476 773
62 76
666 832
13 986
977 11
861 896
439 724
580 765
226 498
396 955
239 34
202 370
156 37
833 138
213 199
837 588
978 922
425 506
760 513
49 619
540 253
184 584
899 468
876 882
933 101
301 897
981 429
177 766
115 261
667 466
410 353
847 517
994 842
248 552
615 749
291 3
952 331
65 408
249 271
145 214
17 955
811 631
765 451
238 906
99 63
251 337
360 30
511 500
619 742
45 437
655 853
50 754
221 139
823 199
191 213
971 521
278 964
591 35
542 220
160 357
509 349
576 120
239 14
156 579
53 413
815 681
337 400
742 33
899 583
427 725
911 7
91 11
397 160
167 111
848 536
78 711
960 511
90 742
856 41
255 89
208 487
31 373
588 622
784 791
115 22
532 866
248 556
200 453
821 776
797 386
259 736
507 873
964 875
769 619
730 927
662 471
844 364
179 120
664 815
207 28
3 80
626 351
443 420
874 574
270 683
793 125
424 235
724 729
313 379
310 919
517 577
755 971
778 741
957 730
5 676
499 1
85 925
165 123
623 511
417 902
520 82
633 790
622 569
107 41
592 678
767 58
865 574
253 951
497 425
797 123
20 51
908 316
841 646
357 614
620 590
278 78
4 83
495 967
197 723
663 345
792 653
407 453
46 438
164 898
545 56
185 499
244 390
139 455
901 90
99 240
738 352
744 236
473 88
602 799
950 367
952 367
81 86
587 279
69 858
553 492
483 322
507 139
357 621
167 937
979 873
486 153
825 709
255 386
927 888
450 479
208 463
150 141
779 915
429 768
525 617
114 462
877 384
138 554
615 550
344 611
954 756
958 498
490 253
931 824
830 411
760 701
579 610
394 98
807 859
851 728
967 563
185 327
329 281
454 976
939 515
446 491
794 434
28 354
236 849
341 692
39 266
451 579
575 465
739 190
540 311
672 360
225 968
350 591
263 205
63 150
552 3
874 507
492 339
543 74
167 360
740 712
81 628
219 368
404 698
929 522
530 821
97 15
293 168
463 382
445 805
574 283
150 487
794 762
943 511
351 528
547 394
416 931
900 753
560 5
163 183
989 269
393 455
415 829
234 468
398 93
341 975
506 559
469 917
944 913
675 222
620 526
529 295
377 45
584 89
731 184
843 136
85 343
650 988
987 155
912 363
650 499
190 773
307 274
230 815
628 46
56 569
502 915
560 624
152 654
110 372
994 483
20 467
555 112
236 669
292 447
408 37
507 376
1000 262
113 188
832 260
572 667
422 223
934 775
352 60
780 415
253 755
135 917
295 130
183 592
127 312
899 915
561 147
130 964
323 187
37 870
843 500
186 295
222 632
235 771
434 211
133 919
701 93
162 479
195 948
127 288
908 343
46 614
595 300
749 720
208 66
782 575
295 72
661 179
495 405
197 790
516 301
619 262
998 858
745 559
408 633
109 487
113 321
759 401
582 784
422 779
182 413
148 975
549 583
758 669
146 868
461 416
232 355
423 181
977 731
526 143
326 521
216 21
800 334
197 882
699 567
221 277
597 884
615 415
684 809
115 319
773 447
441 465
509 660
648 738
196 575
960 566
725 189
136 107
712 215
265 859
609 489
600 830
846 517
792 213
324 934
406 520
522 214
315 682
12 544
910 743
921 22
463 941
46 700
973 160
250 123
481 932
800 247
49 23
359 290
486 523
741 727
758 593
152 519
323 721
972 631
561 548
56 32
652 930
952 750
912 116
444 58
639 123
320 664
231 30
554 169
641 73
264 970
867 576
935 268
543 16
533 754
506 559
655 726
230 367
531 532
800 327
80 452
938 242
625 188
42 853
239 621
186 69
300 690
262 551
664 700
969 591
463 872
464 154
464 198
437 35
8 220
509 498
549 962
587 760
292 500
299 404
324 619
751 609
817 404
326 646
505 479
696 268
770 409
155 260
34 282
809 303
238 512
656 243
204 819
256 773
456 615
25 801
107 797
122 772
711 441
315 819
100 421
468 265
695 653
803 717
830 930
515 985
13 103
999 580
923 959
395 889
86 421
604 270
747 514
410 478
447 946
293 984
577 863
877 245
341 813
321 469
378 316
297 539
309 970
260 725
4 390
107 365
628 262
516 74
308 730
208 184
856 62
525 739
582 356
820 128
332 584
364 661
880 594
709 540
198 912
190 820
447 913
641 16
244 242
729 670
990 101
338 320
114 390
170 879
829 516
128 27
188 462
836 420
335 723
719 44
97 120
710 723
186 847
267 922
373 594
708 168
570 4
794 64
941 504
708 337
29 544
401 909
918 943
9 562
712 743
717 540
13 909
203 145
975 760
891 387
927 781
348 562
567 622
664 160
490 974
947 843
470 279
112 54
801 500
4 256
329 831
137 707
714 236
189 918
148 76
400 988
795 259
881 243
173 563
482 806
512 135
592 260
921 728
812 470
757 724
124 940
420 482
626 473
657 455
308 379
444 348
626 388
408 197
340 331
253 827
594 604
375 219
457 372
493 534
677 870
611 567
465 576
360 608
264 806
33 493
792 958
116 391
402 235
198 714
596 587
614 983
207 65
295 339
200 155
226 774
723 724
241 77
12 516
301 273
204 59
58 822
426 18
414 341
231 522
573 738
33 418
472 358
769 773
297 846
437 698
832 298
438 355
353 679
363 62
828 838
861 15
420 298
689 844
449 750
961 247
278 165
51 464
763 680
672 481
531 308
342 72
183 329
487 768
274 708
920 328
772 909
779 138
295 266
133 893
413 323
224 996
279 932
130 677
951 558
997 19
424 605
173 373
1000 99
589 596
589 724
322 633
685 16
270 116
988 861
183 318
826 18
725 888
867 789
815 410
29 366
543 541
981 714
713 361
74 617
32 776
329 143
322 1
151 687
847 750
410 299
869 398
737 942
359 700
879 498
297 886
196 50
662 671
884 850
595 533
798 641
785 235
301 766
358 720
43 704
292 815
577 669
289 285
297 780
158 934
908 291
224 881
92 145
578 783
35 389
393 608
250 29
687 942
620 360
160 119
8 949
576 23
722 289
666 820
874 629
434 416
995 6
277 803
910 628
420 951
253 211
693 258
608 325
505 903
227 373
295 909
254 245
224 862
980 281
569 810
348 586
180 802
283 405
719 133
320 609
499 558
639 628
494 155
623 583
554 184
580 421
20 146
557 768
925 661
919 452
925 367
856 362
283 50
437 943
6 678
692 202
551 356
475 89
916 740
111 397
727 992
54 473
685 647
462 839
256 491
659 107
5 995
61 790
567 666
887 252
2 966
657 814
961 849
167 553
232 524
1 158
978 383
57 304
780 266
56 41
472 320
88 501
860 430
555 364
32 489
355 861
916 5
472 438
383 230
278 549
377 195
428 162
34 110
341 978
176 181
195 494
469 692
535 802
455 289
946 942
967 527
616 192
610 44
536 640
267 306
861 227
863 585
168 17
207 740
859 719
570 504
119 470
384 392
199 674
280 675
523 963
555 716
86 775
238 145
289 14
116 941
902 381
986 927
869 652
50 993
882 408
984 25
741 706
984 771
304 21
518 757
141 100
996 121
174 306
744 886
619 48
195 176
431 474
675 748
419 938
121 789
530 92
844 690
35 936
245 709
259 788
313 733
240 607
610 229
383 943
334 659
854 988
414 514
931 218
145 512
883 923
14 400
892 939
141 850
132 602
607 942
567 358
465 661
148 302
278 272
385 472
802 118
43 52
511 763
759 262
204 843
756 72
345 331
894 533
708 233
773 632
375 383
156 339
607 668
594 648
967 738
444 652
75 473
761 823
13 723
413 269
548 198
254 207
120 773
50 731
751 743
759 664
115 47
698 963
866 234
17 14
405 484
601 99
521 763
816 813
233 122
827 991
138 96
490 146
429 887
607 324
816 149
83 956
726 54
529 463
442 664
537 286
384 597
126 790
181 365
9 422
458 489
564 956
516 793
639 745
719 399
558 976
766 946
584 995
93 100
698 806
648 100
243 378
585 53
605 227
157 565
938 459
615 631
997 157
932 649
765 634
318 607
557 751
914 694
519 301
497 114
740 376
58 48
517 201
703 677
998 564
3 21
933 683
451 748
80 969
962 113
100 327
298 678
78 498
26 874
238 915
299 583
775 54
258 324
713 931
146 811
63 809
863 724
594 582
363 593
843 952
20 88
173 847
580 228
561 192
200 692
455 444
138 835
116 382
744 294
382 505
914 241
130 432
775 82
655 996
865 765
425 570
356 102
430 218
859 810
460 337
539 350
449 720
839 430
962 874
954 208
197 554
416 446
246 107
485 704
758 230
948 800
855 552
233 884
129 801
695 799
785 701
980 880
453 503
576 713
513 314
714 201
404 542
243 219
156 649
752 173
166 699
316 178
367 256
812 912
638 202
337 531
711 141
705 656
545 913
399 427
713 636
991 89
229 389
99 958
842 738
808 113
239 915
193 243
551 492
667 228
339 847
912 190
654 104
324 520
815 175
683 108
562 994
505 9
863 584
920 537
546 887
686 604
761 118
28 708
186 644
368 455
770 295
796 721
30 614
140 447
38 552
524 764
765 27
160 488
499 494
211 660
667 910
529 391
949 525
348 884
365 734
234 458
434 699
277 194
664 783
746 261
190 661
859 356
673 831
917 118
879 71
146 949
917 289
513 865
130 783
985 739
266 676
321 659
435 810
771 211
323 164
37 522
872 324
575 59
350 510
487 243
725 467
400 766
361 288
278 402
928 588
515 314
415 205
86 220
158 964
935 684
375 652
36 759
763 679
856 729
741 89
118 135
685 155
786 750
166 169
848 498
160 981
171 799
15 594
472 956
266 449
520 651
165 823
330 803
719 469
574 910
133 183
651 435
925 862
826 837
636 342
336 290
672 608
104 684
199 617
535 132
807 73
550 882
739 622
44 126
60 958
449 347
838 992
4 518
511 644
638 459
347 694
125 489
666 183
770 937
969 812
659 346
189 5
18 32
307 767
484 113
779 723
786 87
784 541
275 632
289 565
288 545
628 297
759 87
622 273
242 268
171 594
605 24
396 244
802 917
700 652
104 434
883 107
520 42
339 84
63 418
198 458
416 710
229 376
463 348
706 759
598 743
424 611
204 653
765 510
160 498
263 404
291 371
76 854
676 628
488 87
745 147
587 298
868 666
768 745
444 905
968 423
56 329
965 944
976 482
615 76
124 518
810 40
258 692
510 4
380 358
350 933
616 651
994 141
374 685
37 534
918 76
247 51
983 578
300 136
169 181
82 364
588 857
519 726
887 603
226 885
634 815
221 23
420 802
2 339
333 328
826 903
653 991
559 146
628 347
59 251
456 336
703 528
962 155
430 208
24 226
303 82
733 503
774 4
389 337
779 653
802 594
41 618
873 810
328 93
165 890
789 753
779 763
893 368
589 85
573 629
184 72
973 930
181 70
552 283
555 142
893 713
955 667
281 833
155 139
347 50
356 449
895 227
252 460
980 402
237 726
238 70
556 477
788 782
883 197
859 759
63 515
73 330
162 836
458 523
546 916
231 811
672 720
458 351
683 277
60 248
587 998
512 777
942 305
157 236
782 90
455 501
280 8
174 165
318 307
389 272
318 748
340 776
490 333
711 144
686 132
246 625
501 285
547 152
309 661
334 518
622 744
196 311
174 491
740 972
944 138
113 977
896 756
619 607
241 522
757 35
63 180
344 29
805 403
543 898
697 448
570 819
571 724
35 204
130 518
659 917
534 992
214 892
79 842
179 138
37 462
765 73
517 330
268 653
11 201
621 640
978 690
494 467
549 392
683 356
890 592
300 458
58 366
780 211
659 24
492 168
190 721
885 867
329 464
266 599
509 542
484 568
561 476
131 671
837 266
820 175
256 169
214 35
387 787
524 390
820 821
374 345
68 588
223 320
729 645
352 509
685 187
668 292
597 932
642 517
210 509
951 894
147 234
633 294
746 62
429 339
419 145
689 797
1000 237
114 929
431 153
912 958
66 358
605 971
182 972
410 544
229 486
763 776
428 497
917 501
765 642
423 780
318 861
566 573
841 918
791 156
474 116
1 747
516 129
240 694
644 676
84 717
116 247
320 885
874 544
491 583
990 412
850 976
831 272
396 784
439 127
940 803
74 887
867 595
523 403
580 299
848 386
838 837
689 310
286 998
732 575
546 109
972 230
511 255
998 698
611 446
474 918
995 837
832 841
295 142
624 716
385 972
249 984
282 793
83 606
245 961
773 12
330 93
712 39
12 674
265 747
740 463
251 789
939 170
227 906
924 476
146 965
960 776
295 61
127 472
450 700
358 544
514 393
299 737
264 55
579 112
714 796
421 900
801 251
421 467
283 378
114 37
113 469
415 672
930 681
102 290
119 793
16 674
341 109
766 648
302 854
324 665
744 404
16 724
300 848
471 287
16 818
561 354
702 940
432 578
899 476
541 72
145 926
291 552
453 352
986 251
57 717
709 589
875 875
404 535
244 765
619 710
547 865
17 610
416 610
26 808
961 127
918 209
736 762
784 25
266 331
55 832
329 203
208 260
620 721
490 629
826 944
256 760
771 719
699 733
279 520
686 33
620 257
456 661
820 478
821 445
484 237
950 169
55 592
476 279
761 735
769 15
445 923
63 542
856 700
934 980
979 740
27 222
804 154
235 116
957 24
132 916
964 414
213 949
730 372
945 45
572 660
425 612
13 189
46 455
986 137
963 741
492 880
449 53
2 371
208 247
332 426
125 398
329 494
582 61
130 176
416 910
277 888
874 508
763 551
647 859
322 541
736 634
299 252
512 864
621 842
462 444
424 995
406 956
371 597
640 215
223 539
232 947
274 715
340 248
365 704
953 954
758 344
823 35
623 446
568 862
509 657
797 389
666 308
289 789
659 340
532 133
570 581
833 235
965 814
520 758
589 688
421 148
768 930
399 174
608 656
402 592
186 552
645 138
432 747
165 9
647 946
112 38
730 135
755 438
533 983
997 368
306 831
145 258
920 932
96 589
655 401
549 92
677 573
575 817
556 738
698 720
233 624
270 890
727 679
519 484
298 576
611 61
453 573
143 899
316 789
715 863
698 745
753 460
581 754
194 460
101 208
489 523
281 572
485 434
577 623
828 493
909 489
139 710
124 203
678 472
590 5
54 140
779 745
742 407
10 358
270 362
979 646
560 33
637 928
494 853
297 158
74 402
780 576
347 833
953 112
463 911
941 860
908 525
10 704
733 854
700 57
563 379
103 346
809 186
743 579
735 739
414 669
873 202
721 23
517 744
356 36
464 570
322 227
26 832
213 910
277 31
396 299
202 96
256 502
596 271
422 341
930 212
496 939
977 269
916 933
201 362
811 928
155 288
99 433
361 119
174 419
190 556
977 757
858 424
982 809
311 526
930 919
199 881
607 71
83 548
531 83
757 712
504 115
639 889
906 678
530 633
788 120
41 660
195 830
363 83
801 204
764 385
979 143
420 41
940 108
46 870
512 103
595 896
50 677
389 654
46 194
908 559
103 715
268 360
794 446
973 329
545 909
322 688
730 775
507 204
662 95
747 155
66 91
682 348
633 758
211 550
983 654
327 696
184 887
625 766
375 222
785 467
767 206
153 25
406 895
187 138
109 266
1000 67
505 934
610 116
445 230
115 537
134 865
532 516
85 41
447 1000
497 988
782 47
586 502
74 502
791 949
444 284
825 876
639 942
358 344
459 718
695 726
516 471
154 115
834 155
712 786
375 637
208 250
372 567
731 982
315 390
734 619
382 665
939 357
215 197
280 962
806 444
278 533
743 569
123 613
481 717
225 931
320 886
748 112
643 707
984 812
246 897
369 160
74 481
490 717
72 135
495 651
850 269
946 507
2 302
65 437
801 203
382 147
194 97
382 804
484 465
339 738
643 127
354 484
543 692
382 77
883 164
331 403
255 705
723 617
919 182
981 581
627 116
425 171
189 560
229 872
5 3
307 655
432 81
992 608
685 651
927 372
855 205
596 426
646 56
626 582
757 593
950 124
245 1000
193 345
737 970
505 939
672 568
640 740
223 558
988 987
868 709
918 466
468 209
27 305
485 635
854 698
93 560
44 299
281 176
318 767
335 808
770 357
173 184
747 751
999 998
709 853
933 634
66 904
162 224
855 599
30 457
807 901
173 105
623 48
471 290
400 468
726 992
825 798
570 508
211 594
184 770
819 950
55 66
43 164
978 802
112 876
361 426
357 575
7 974
32 181
93 464
64 432
46 492
413 71
817 571
816 68
139 552
982 38
546 318
721 480
74 159
407 360
60 342
745 25
34 343
389 793
117 882
69 212
495 651
30 559
225 925
738 910
302 314
814 686
486 116
885 331
701 496
371 236
225 462
850 234
647 786
752 901
86 318
951 695
18 494
261 694
971 962
434 470
859 39
892 333
908 223
909 294
32 652
596 295
199 73
768 130
52 377
465 471
64 270
527 465
918 307
72 541
973 554
942 302
474 992
15 811
451 452
540 911
12 195
290 121
398 967
796 474
835 243
750 825
332 273
532 458
883 964
577 810
281 390
672 525
881 595
759 545
187 420
831 784
338 430
997 2
902 872
612 560
723 33
57 562
953 399
742 395
98 568
343 999
198 205
96 884
370 194
941 374
836 616
336 297
649 532
134 747
376 901
378 750
61 241
49 915
207 72
693 474
361 232
595 444
173 680
140 353
284 333
951 274
55 351
101 464
978 709
268 42
155 917
469 764
999 541
215 490
350 333
145 913
546 778
427 455
964 53
118 822
23 274
111 909
387 82
569 767
867 17
568 809
847 32
750 328
611 116
729 705
62 29
619 976
452 848
993 282
301 542
509 578
980 547
76 744
384 103
457 901
70 616
368 368
245 815
908 916
544 550
505 759
40 464
842 501
392 161
980 468
823 394
161 741
337 119
671 193
943 848
310 634
842 323
278 181
204 856
318 359
207 844
678 165
843 151
134 626
373 310
997 629
506 513
115 944
16 982
711 322
350 276
65 790
775 505
457 874
804 709
631 57
686 821
136 306
223 17
312 942
866 605
954 341
239 100
690 610
713 144
260 579
703 956
121 914
526 234
857 862
141 821
860 299
287 697
360 245
893 878
86 305
818 528
661 133
93 130
62 19
650 534
798 874
961 6
919 445
14 119
351 2
87 721
239 227
89 648
565 945
732 942
34 244
474 806
789 748
148 987
807 707
13 903
861 185
917 796
953 551
335 375
121 980
899 879
47 659
213 955
743 803
604 609
188 982
332 16
499 906
348 303
534 611
865 339
690 799
241 821
465 368
121 402
441 590
536 289
12 939
881 56
310 549
677 608
986 15
135 284
949 392
646 54
737 642
462 603
780 276
487 962
254 73
293 48
127 191
214 526
918 713
415 666
523 414
840 946
158 927
59 876
189 468
969 305
722 96
269 837
875 425
470 609
817 265
657 121
329 223
198 503
126 711
190 742
757 270
75 855
439 535
752 175
410 24
405 703
785 301
924 363
967 212
199 948
768 696
296 550
81 543
486 602
939 572
935 365
492 261
552 624
149 397
87 166
789 908
954 577
708 162
309 852
993 407
272 754
637 703
799 582
214 542
944 633
357 24
392 696
864 668
143 307
401 555
359 487
372 886
265 749
565 838
752 161
736 714
803 435
311 188
783 561
848 556
147 460
156 564
331 718
618 866
206 34
617 585
248 804
521 464
489 973
187 561
811 41
364 299
703 768
783 801
745 632
888 73
184 273
113 462
159 192
472 47
847 757
295 773
291 708
579 321
898 840
398 691
272 628
654 940
741 64
659 165
140 986
244 334
910 178
563 120
381 628
444 355
721 682
955 241
926 48
19 905
724 470
567 381
926 954
732 132
636 315
261 921
457 615
982 602
541 846
106 113
499 324
934 215
564 411
91 740
147 70
423 968
928 680
157 614
709 523
576 571
851 857
380 75
646 895
374 21
341 117
855 682
275 503
836 810
985 807
713 334
265 272
305 39
596 749
112 158
878 656
170 218
173 763
809 37
549 907
842 367
718 287
168 842
180 541
184 652
239 446
284 488
249 653
744 509
946 365
920 509
175 512
928 616
279 512
162 687
973 665
820 609
465 21
583 545
767 287
665 405
662 304
564 553
689 478
125 162
938 584
94 364
522 811
692 21
347 400
961 543
982 971
355 410
37 246
907 991
626 596
992 654
622 614
865 785
283 257
654 87
802 310
416 698
199 889
325 473
1000 323
477 247
137 593
951 290
330 594
733 868
951 884
99 974
479 495
956 760
703 616
229 482
580 312
56 847
828 531
243 148
846 682
134 622
893 433
865 25
17 721
659 625
165 271
740 29
578 587
348 383
475 91
737 885
831 309
854 787
235 528
582 815
285 516
237 4
314 261
648 480
344 612
463 565
981 870
370 331
782 627
809 525
993 256
219 864
740 237
392 775
923 200
351 521
998 657
1 329
616 180
564 453
337 298
544 304
789 408
253 673
4 798
244 482
48 161
858 489
185 49
464 370
252 860
749 394
72 977
242 790
648 830
597 370
548 923
775 171
559 181
206 78
186 116
724 70
552 604
805 434
904 576
957 356
999 418
488 283
307 509
264 66
544 756
211 271
63 495
811 341
322 853
476 178
690 373
937 857
473 244
87 586
264 250
479 509
666 396
161 707
527 500
476 53
922 404
303 634
84 367
755 126
607 1
631 797
931 985
675 860
788 518
973 993
546 407
695 798
103 642
494 50
541 694
341 615
614 512
336 661
258 770
730 494
948 559
735 176
813 345
314 30
248 876
985 959
332 392
596 902
342 962
401 480
164 187
747 289
938 672
814 607
905 504
181 597
595 129
173 322
785 836
447 592
717 468
761 917
592 691
726 125
677 614
522 846
876 556
22 754
328 946
170 713
577 210
430 20
803 487
504 379
557 242
657 136
444 657
432 266
421 466
821 603
982 525
687 562
677 47
495 42
855 104
907 41
635 550
412 98
109 775
272 923
427 484
336 696
595 976
259 942
515 789
770 985
624 167
898 606
640 983
837 290
24 193
633 505
902 86
751 511
631 155
621 691
499 336
661 927
156 579
820 418
523 690
155 790
987 460
586 506
516 857
768 920
761 317
612 848
402 641
615 324
27 938
704 306
667 600
950 685
902 312
242 780
756 139
858 58
664 709
735 964
313 127
920 318
364 237
316 774
40 256
357 40
224 956
615 368
941 180
45 835
770 90
701 342
454 951
191 213
797 129
425 454
823 559
750 851
912 511
514 836
806 801
72 819
55 794
884 670
392 290
506 888
382 766
85 328
793 942
320 208
412 344
897 55
127 651
841 128
773 373
885 321
502 62
896 133
910 115
191 242
900 844
59 380
636 110
419 728
182 649
871 850
461 778
390 111
40 35
329 531
116 487
861 293
280 654
877 862
719 391
742 614
426 841
74 647
316 264
926 960
716 343
339 91
406 256
40 631
298 45
886 158
76 179
379 856
162 194
64 215
273 798
67 857
753 121
990 50
916 855
310 951
227 128
724 27
209 217
152 54
670 787
185 113
85 875
798 515
790 88
168 951
277 313
389 612
441 540
975 19
270 408
147 773
179 132
195 707
277 829
52 948
122 76
521 626
703 542
782 61
259 274
277 750
953 175
365 93
106 827
670 972
817 709
454 474
485 60
367 226
378 293
558 393
680 769
774 483
987 196
635 246
105 960
24 93
111 384
193 214
717 637
369 477
781 724
318 831
136 390
528 928
41 111
597 445
375 224
936 155
95 998
726 174
760 656
423 986
886 812
427 22
112 146
602 212
2 792
99 51
596 996
230 381
232 901
850 561
416 299
208 762
701 378
93 662
345 644
148 575
407 932
690 702
709 859
888 99
257 358
133 998
945 718
338 154
801 767
924 220
633 505
925 1000
525 946
786 253
715 411
310 36
456 974
902 700
212 855
140 337
633 576
165 601
32 170
706 358
124 627
691 902
868 83
375 894
5 414
981 315
790 365
942 655
51 372
96 890
435 446
21 806
514 652
130 346
175 570
176 985
863 43
295 928
184 503
502 123
503 724
916 32
747 970
34 210
271 166
703 183
188 176
539 715
76 853
780 355
297 317
68 827
876 582
744 657
774 911
227 703
498 518
345 733
41 139
636 52
557 450
123 204
166 109
766 487
368 648
475 532
323 19
156 757
746 652
623 377
740 834
21 866
358 579
403 72
576 879
764 741
507 266
372 855
529 598
510 130
653 719
544 931
358 573
138 445
105 949
387 128
196 601
828 797
692 483
234 467
912 694
72 934
963 517
283 586
38 314
284 500
51 553
610 306
811 642
101 758
770 354
892 255
229 330
696 255
715 271
239 118
121 912
834 709
388 868
7 460
812 489
895 790
227 646
185 416
657 634
53 53
739 186
946 508
168 735
810 752
531 317
952 343
68 518
57 484
647 629
792 742
955 76
367 590
803 326
197 733
113 877
987 380
22 461
382 201
828 23
360 457
716 55
7 520
584 519
285 899
722 618
886 151
3 697
517 391
589 994
823 713
65 356
430 465
506 588
583 230
696 298
141 392
719 613
724 664
781 675
998 488
847 658
186 966
716 434
984 238
617 385
318 973
443 373
22 951
88 293
365 609
527 241
854 599
515 653
581 552
620 858
949 509
877 421
530 910
407 103
312 444
637 883
730 600
798 314
875 123
743 498
105 444
630 691
100 981
488 385
436 190
267 261
817 441
45 484
744 580
163 542
853 946
811 552
195 658
275 411
286 735
47 162
425 870
935 880
32 123
510 952
624 756
164 211
386 812
21 310
276 306
200 913
751 887
482 561
882 532
184 342
333 625
232 990
287 319
457 176
985 192
941 586
753 409
518 620
648 719
599 715
756 455
903 767
207 348
162 165
150 868
263 813
18 940
282 189
747 912
652 508
192 83
510 864
152 301
738 849
252 576
914 955
34 75
847 256
948 783
467 516
127 812
919 47
461 677
886 534
867 527
800 339
915 95
656 888
675 41
887 800
933 537
951 343
885 894
312 940
310 34
598 78
317 172
736 116
956 461
387 164
561 310
518 197
68 921
316 364
365 492
261 539
643 682
636 821
222 241
506 980
638 364
290 148
649 178
571 141
241 173
361 492
884 645
645 274
810 563
976 732
315 6
572 153
982 777
115 712
139 195
590 71
890 237
519 573
218 296
7 409
587 412
721 928
908 90
389 587
742 172
758 614
438 687
524 107
311 296
563 285
870 764
802 485
20 38
869 641
896 501
36 16
698 811
674 599
329 679
430 359
478 132
341 356
151 136
198 919
325 254
909 357
486 644
360 911
220 414
725 360
307 537
290 802
823 960
220 73
180 763
177 902
60 27
741 669
461 784
393 943
424 83
119 361
715 820
824 52
664 77
406 763
300 236
426 223
825 45
903 550
716 230
973 656
231 794
799 881
880 607
653 314
41 191
259 32
870 707
912 251
658 691
560 649
562 767
515 768
960 441
411 511
537 641
170 358
728 320
954 665
401 389
275 633
38 915
736 771
742 825
106 423
185 905
60 866
853 553
229 244
548 293
313 987
964 499
80 287
237 69
686 819
703 779
425 75
385 822
295 240
547 814
37 405
309 821
808 86
581 250
208 556
942 159
848 970
179 116
952 571
56 721
259 842
58 928
497 751
641 368
214 529
573 187
65 359
999 865
774 414
459 963
13 110
380 217
640 77
896 540
425 122
368 629
874 691
730 52
435 624
375 538
887 269
829 919
135 692
277 989
829 945
822 202
139 36
793 210
378 58
299 155
643 805
390 728
834 823
831 791
645 507
642 987
201 732
274 506
742 164
721 7
558 631
702 473
978 845
506 491
13 603
186 986
310 58
360 426
139 247
802 66
1 346
905 635
717 839
948 108
510 8
170 969
824 416
515 216
898 345
216 146
889 591
655 56
107 668
936 708
157 330
98 667
22 148
191 794
409 253
563 342
7 934
33 794
843 445
894 405
812 201
996 385
478 935
409 85
425 816
773 732
712 920
111 652
380 505
889 344
543 502
648 503
897 344
693 938
191 733
206 66
950 492
605 79
876 618
96 258
520 511
648 60
597 58
906 389
243 769
265 710
406 778
433 903
789 669
758 858
140 712
363 118
747 66
235 989
772 48
116 454
905 394
863 667
267 271
58 244
476 877
598 27
431 322
504 398
186 126
660 345
99 526
566 817
464 35
559 49
109 65
478 729
834 992
652 706
587 615
935 811
918 44
536 151
776 765
965 61
793 18
911 7
499 632
541 387
855 751
400 149
791 45
701 59
277 498
134 336
611 770
241 81
137 286
31 587
667 171
814 675
360 433
400 84
516 781
2 677
222 759
590 112
179 765
249 221
33 774
541 548
557 712
360 47
718 59
284 702
655 756
493 384
785 19
558 777
574 13
20 566
911 458
73 75
8 720
611 813
239 782
762 769
752 506
205 947
67 772
822 32
325 201
705 492
315 672
201 404
218 512
356 886
850 184
730 324
670 982
705 485
477 409
892 220
916 919
463 495
322 560
805 761
803 712
979 160
422 329
986 872
367 895
248 718
301 682
175 533
189 63
269 269
517 72
539 855
330 647
863 378
227 719
513 433
763 539
777 723
451 69
368 682
781 545
842 116
962 7
43 357
197 676
342 27
622 409
791 385
705 363
867 156
388 673
155 713
292 162
181 773
448 948
931 283
309 166
913 138
112 495
883 901
911 412
213 481
809 110
425 274
97 834
917 70
783 959
186 576
831 739
870 519
703 799
275 92
813 246
598 232
776 330
824 795
186 111
905 126
700 446
112 898
114 308
444 111
987 56
910 206
18 640
764 175
208 180
88 316
799 538
951 604
952 497
867 489
142 190
418 610
761 378
820 114
181 569
968 695
344 132
672 68
551 616
312 423
433 389
627 212
466 33
478 120
490 18
227 758
940 791
592 382
615 224
237 625
432 345
290 990
806 812
702 336
269 691
217 774
860 34
19 170
583 139
706 995
85 39
497 187
587 724
699 889
527 434
116 343
134 93
208 781
358 654
554 500
500 506
495 877
216 73
136 16
693 128
164 701
234 808
459 118
67 101
332 555
808 279
600 92
924 692
876 691
959 420
715 544
509 828
882 634
789 492
147 525
979 569
402 126
479 323
987 281
60 192
978 108
489 871
745 801
275 974
750 608
961 957
282 850
519 937
307 135
812 458
170 705
452 893
278 191
430 146
1000 355
566 839
749 356
221 643
319 789
108 524
524 524
989 810
725 196
546 65
521 843
588 507
695 877
389 28
935 511
470 516
322 709
138 753
573 636
193 602
363 576
598 5
128 536
394 897
190 453
638 933
20 95
229 968
690 968
608 54
990 38
855 745
698 293
879 358
323 131
919 644
404 59
674 25
961 827
296 652
364 229
932 244
836 1
111 879
273 218
716 652
217 549
642 994
871 485
917 574
958 57
726 753
986 516
662 832
799 997
23 530
888 5
243 590
18 123
842 162
158 795
633 149
738 698
934 678
489 100
845 90
118 95
710 898
973 357
644 514
59 422
415 420
569 923
83 675
436 308
647 744
680 819
935 441
576 207
883 821
496 434
774 185
436 268
831 454
574 533
147 328
651 447
169 609
70 593
868 68
924 829
93 890
327 11
455 736
308 380
785 447
612 368
472 275
614 16
138 653
724 373
107 289
513 46
756 304
66 191
23 879
562 52
253 143
460 178
648 27
460 223
97 293
270 421
819 89
446 787
358 775
151 516
93 13
957 381
968 412
754 483
899 870
148 435
237 999
397 937
218 153
986 762
946 805
109 401
679 625
860 205
283 629
823 778
576 149
109 68
686 458
200 15
696 89
44 273
535 746
340 902
478 50
437 164
132 473
138 188
285 717
406 807
977 894
229 191
156 736
707 697
228 716
259 778
478 214
769 495
202 472
976 475
914 966
414 101
575 305
35 823
276 716
38 928
625 250
512 523
65 638
158 222
692 825
211 28
414 231
108 772
710 994
506 447
360 638
635 197
796 147
514 697
740 647
283 809
418 793
480 479
40 303
286 202
501 721
320 726
935 651
987 23
740 799
689 322
895 953
150 853
554 913
462 610
998 164
933 432
84 780
413 946
679 147
172 406
104 204
883 590
449 419
976 187
138 895
165 949
976 927
407 548
25 322
7 858
985 237
540 103
767 18
1000 164
728 827
39 664
124 851
3 974
372 797
858 637
691 955
542 599
889 776
660 874
89 134
310 498
989 826
497 181
260 355
959 717
867 726
119 594
577 325
136 142
105 819
673 879
308 321
788 984
948 893
591 784
243 286
682 953
690 985
787 250
530 999
237 254
886 524
212 515
303 218
730 700
895 388
910 103
654 387
672 968
185 5
14 908
541 681
827 815
440 756
882 615
153 903
487 542
707 30
702 403
70 330
834 674
382 648
448 296
482 185
97 576
62 192
580 688
433 623
937 308
768 338
783 370
633 1
703 909
577 899
238 555
751 54
159 63
798 88
247 743
927 513
783 942
965 870
398 580
927 696
20 673
777 515
616 749
579 528
331 564
705 995
651 826
665 101
977 107
352 259
363 182
981 421
979 236
861 288
142 590
93 469
725 261
123 423
543 336
646 633
101 785
665 998
861 408
540 943
113 974
403 841
429 404
997 156
556 618
998 357
850 936
117 460
363 40
591 735
68 649
322 374
77 494
923 884
93 629
665 180
957 449
287 610
340 265
894 574
393 694
448 685
549 161
366 639
991 578
532 506
421 554
552 109
873 122
534 478
930 202
502 245
671 515
436 87
336 349
960 116
949 282
164 72
532 713
273 862
87 772
98 544
788 114
422 208
427 278
714 299
708 334
533 713
318 764
51 982
833 225
891 84
717 269
241 383
649 608
