10000 2000
6761 1102
125 4647
8738 4359
3154 8704
2515 7474
4748 4015
6634 932
4804 9271
3308 1613
5192 766
1456 699
8185 2111
2466 2212
6189 6856
1696 8961
2701 3661
2864 7629
5800 1187
7800 9482
4895 1126
8053 3708
231 7411
53 7404
4202 2751
909 3750
9686 4446
1123 9467
6156 6348
9508 9120
1826 6312
9024 4509
4210 5876
9737 9712
7417 9063
6024 6887
8 859
4904 6873
1943 6095
4537 5470
4397 4389
8878 5122
7993 853
6367 7590
7692 3177
9672 6767
109 9807
5336 1685
4339 4474
5891 629
2447 9361
4577 4992
8991 8751
3181 9274
7068 433
3334 5132
8301 2571
1377 450
5457 4627
3301 2509
8506 469
365 5921
6508 8317
842 9081
5666 1312
5199 7775
8202 9155
8595 5060
7028 3026
8114 2670
2326 9035
700 4740
7435 8624
4373 1044
2751 617
6451 2382
2021 9936
5652 695
1825 2531
8709 6295
5935 8165
1995 2427
7562 8541
6094 8931
3477 3653
6137 4389
6374 2636
7852 2632
8726 3861
8122 5082
8562 3654
827 8891
6221 5226
2395 6064
3532 8303
3097 6577
8008 9401
1433 8347
6464 9677
5363 8798
228 8743
6610 2335
395 9428
1333 6440
990 5656
8769 6996
1034 4426
3821 435
690 4563
9876 348
8587 3123
9879 3206
4255 7788
9113 6893
3211 7957
6369 4068
3520 9272
3915 1309
8133 3652
3367 1538
2755 5371
5737 4464
5384 8245
39 135
9605 6732
3950 2139
2720 398
9742 2598
627 3727
7465 3780
9531 7988
8216 1877
1993 7832
214 910
2229 4619
2723 4632
566 3406
1538 6656
1083 5144
859 5973
6133 6244
266 270
714 4641
8014 353
7316 5872
7467 2653
9968 522
1432 6321
7216 8008
9618 5314
2841 7529
7831 6041
5382 5983
5708 2211
8195 6850
9704 6591
6290 5739
2134 2964
506 6378
2711 1992
5475 1889
78 2570
9883 1351
5506 5529
9908 359
1007 282
9987 2318
2853 7270
9747 2560
3592 4873
1232 4115
4926 4581
5741 7954
7876 7885
974 3211
5514 9610
7806 4578
354 1257
1819 9756
1493 1211
933 8901
5806 7204
5746 2074
7084 7565
3693 2816
9940 6787
7747 3595
573 4261
3556 2263
3619 537
936 6387
949 4183
8055 2945
3783 909
4784 2904
8129 9
6931 2562
2605 8978
5735 7518
3661 6816
5509 8735
5890 1919
490 1611
4294 577
7337 4284
1636 4793
7319 8995
2314 1056
845 1376
3454 803
8378 9227
9670 2579
559 2127
4750 1380
9745 5881
7270 9054
6490 301
8962 5631
6727 5026
5240 2328
6635 4641
4869 4043
9483 6089
6329 8676
5841 7950
3094 2781
6474 3830
21 503
8071 1755
8529 8216
9216 3979
89 1528
9884 6027
4162 2899
1706 3440
9187 7914
1515 2964
1000 4129
8373 8903
2096 8739
770 5147
7519 4761
3167 1383
6588 5223
2765 5206
708 5616
8788 789
7525 3132
299 2088
7444 2009
5185 3653
2312 2679
3623 2119
6748 5339
2564 6684
1217 4045
9280 2968
5353 714
5177 6880
6254 4466
977 2000
5561 3451
8413 9110
8427 2316
3528 372
5367 6483
2414 7330
7190 1744
4929 2697
9330 2567
456 9449
5083 3314
251 5380
4549 205
6104 369
4408 5816
1281 4122
8959 8473
4700 2686
8729 3831
8194 5103
1883 1024
6128 7829
7453 9588
105 3242
8792 3623
8529 7084
4238 2883
6819 4735
1922 6532
109 312
9643 3498
7727 754
5478 6490
3120 205
3601 3742
1305 9050
3073 384
9079 5904
3469 1331
8029 7643
7232 506
2400 5943
8571 383
873 25
4816 7982
1383 3815
3416 5799
8010 8171
7807 5839
8169 8852
4162 1647
4573 5652
1544 2548
164 9587
9734 9261
6927 3962
681 7137
2980 2185
6353 4726
7276 9475
4640 5755
998 733
2478 2591
3938 6834
568 9223
3367 3233
3197 5612
2463 9325
288 8746
7413 9804
2537 6083
6622 7961
6340 7434
3005 5891
6912 4201
9532 8203
2640 8379
8330 9482
6334 6338
5368 6617
8963 354
9995 7798
9361 1220
8717 502
7049 4676
6764 1149
9029 9092
2522 3352
7775 551
3403 3252
4072 1926
5002 740
6354 5263
292 1902
3926 5761
5035 6942
7807 7889
5140 2307
9197 343
2986 2509
4964 9106
2953 677
4426 7120
531 4837
1164 1735
7855 3051
6473 6431
6725 1179
1654 358
6995 9290
5736 4618
7163 4372
2397 658
754 118
7892 1238
4035 2452
8096 3666
3626 5077
8841 4647
4858 210
7018 4506
5447 9723
7956 6916
1549 6449
7514 4032
3351 1901
6915 8415
3448 8904
7212 6263
2726 9969
4995 8576
3337 4938
3501 7206
2193 2395
8736 858
2190 9534
2730 1857
9493 4353
376 387
7954 1543
2736 5165
9136 7079
2264 7440
3891 796
1036 8927
4334 3763
7692 5909
5117 2224
9643 5645
4029 217
8977 7176
3775 6073
9226 2571
8633 271
2853 238
7892 124
9399 4718
8079 6665
8373 2315
8122 5198
6813 1147
2540 5180
3742 9813
2158 2981
7066 1943
8990 414
3387 2481
4237 708
6268 1112
9361 5444
9660 5732
9972 7697
6031 6274
8275 4801
3932 4674
6975 9569
8319 1610
3136 3773
8745 7441
4157 8072
1467 6149
7685 4298
6207 4358
3065 4397
8927 8760
6399 16
1676 1461
545 9684
2600 9673
924 9585
28 8196
2130 8514
1971 6363
3720 7796
5629 8968
4152 5196
1181 309
5680 1358
7708 3573
1730 774
2260 3436
2306 1907
3957 4753
5451 5351
1731 3379
6762 4313
7717 3393
9089 8978
1416 9921
1894 6499
3739 8442
5713 8910
8433 7097
7810 2713
9106 9712
6728 1663
153 1954
1563 9550
1447 6537
259 1369
5791 1297
4478 4087
2024 7226
558 5138
4126 1081
9785 7754
7586 375
4855 8720
1765 7889
6776 1419
4449 3430
9483 3494
4800 5629
5544 1728
5251 4492
5031 6186
9388 6002
4215 3325
2404 8910
9208 6113
2822 1141
9073 8247
2498 6992
1755 2961
6811 1867
1987 1108
1545 4584
4300 2109
5336 6362
3259 5929
5047 3034
2745 3275
5034 1446
9301 7306
5209 8509
8943 2944
4431 9092
8686 8476
6123 7332
5691 9393
4322 4857
1860 293
9611 8596
7530 3971
2658 3930
467 9881
7717 3428
2105 2859
1258 3965
2408 5822
5559 791
1684 7437
5353 5990
2465 8408
494 5235
361 4000
5882 7674
314 8365
2134 6300
3989 872
9068 7966
3456 6721
1725 4249
5477 1850
7803 1784
7329 6697
559 236
3286 7882
6436 4411
9209 4715
2410 1757
3876 5983
1332 6638
2645 780
10 6847
8462 3404
8712 5845
1331 4304
7293 9400
3407 376
3245 6118
8719 8556
6768 5101
3893 6070
480 7620
838 6086
959 5939
7933 141
5487 790
5862 6882
552 9502
1251 8432
1333 1088
5131 9622
9783 3364
6390 1910
2705 6823
3682 614
7818 729
8113 4146
9166 1520
7497 680
4717 1188
5986 7610
9819 5440
1948 4208
8926 8648
4358 995
1156 8205
2072 9411
6538 5642
682 690
1205 7867
1162 4583
9917 2465
2203 3180
5629 95
5904 7153
2453 5440
5589 6150
3160 943
1751 9349
8462 4172
2486 5237
3011 494
3114 8008
9398 2972
2300 158
7547 6451
1848 1952
1018 1747
7969 7270
1709 8530
9677 7201
5270 8839
6101 802
5495 4544
9271 3953
2824 9645
9828 7463
1428 6434
3634 3956
3100 6121
9242 8538
7842 702
1819 9887
9648 2865
5142 271
3599 5063
9360 6664
9248 5850
6499 5885
1415 452
6988 9972
7338 5464
2095 9016
6278 7417
1983 8775
7051 5025
2326 7364
5691 5740
6835 1686
2095 5066
2231 7128
754 9440
3239 3511
8339 39
9773 6119
3304 3100
4375 4239
3382 2783
2294 8856
4762 1380
9969 1713
9859 9957
1391 4414
917 6733
2688 1653
2007 190
4517 559
934 1052
3364 3901
9664 8001
4053 6241
4602 8231
4247 8400
9115 2273
9164 9767
5518 1538
1768 5075
4292 9027
9574 1351
8448 4338
5763 2250
2633 1742
9985 4982
5019 4076
6566 9818
8470 837
7466 1001
6029 2437
5548 7993
4617 9326
46 597
5268 4547
4309 4460
1902 9181
9850 5663
3900 1754
475 3655
5395 8665
4250 2764
8705 9071
701 8991
1749 1380
9741 7953
4850 8919
1511 3946
8880 7606
9262 8323
9067 519
7478 92
2194 6434
1563 4439
5065 3733
8168 2971
9112 31
9824 1986
1193 9525
7609 5835
5854 3871
7548 8856
9416 3164
3319 2529
4897 7722
6587 1040
2292 7615
6349 5107
7071 3843
9433 6510
6904 723
6219 5622
9573 496
1236 5990
9922 4462
5515 9678
9199 2181
7785 1855
9056 8772
8748 5168
507 281
565 652
8653 7114
9274 2882
9542 9519
5028 8324
8776 2165
3090 6408
1132 1548
6517 3674
7020 4938
5570 8216
778 5095
3523 7285
4728 783
8598 8470
9214 4099
9340 9560
1448 504
5979 7704
1733 9782
4509 345
8281 5946
8863 4050
4171 8388
6595 2989
1544 2106
4574 3098
7262 3795
6282 4121
9010 4525
9045 3956
6923 6216
4177 3155
3684 2617
5346 8101
9742 4152
5139 4622
7067 3394
337 1507
5572 3655
5086 9968
1541 541
3632 2754
7516 8971
1503 8798
2621 5919
8010 7480
7952 8137
9827 9149
6114 3486
3966 6777
4016 9509
2038 8401
8927 7581
8537 8971
3255 7509
8167 6497
6211 7187
6486 4290
4770 4318
9537 3889
1369 5780
8788 2692
8463 5397
8098 390
9488 9125
4128 5621
6715 6238
8391 5029
420 1756
6453 6011
9554 7359
5756 8978
3586 4060
7410 4090
930 4781
1056 7156
2199 9660
4 4295
4024 8572
7902 78
9952 7520
1894 8424
2288 3794
2149 6935
2122 9902
7687 9233
4631 6388
7840 3874
6002 2825
3939 152
5723 3798
2028 3782
6422 200
5528 8065
5545 9278
4696 2230
1073 9599
1106 2
2461 4497
6432 4712
8114 2515
3038 8799
6229 2276
2880 6194
1492 5257
6730 3054
8894 4683
7974 2935
6790 807
1394 6067
7444 7052
5455 3693
3924 9616
3827 2356
5140 3756
6024 9513
5402 9387
43 3605
2253 8751
397 5888
807 8284
8310 7131
4009 5931
4141 71
2663 9289
225 6332
408 7861
2243 1315
6199 2005
5753 7388
7301 6081
8269 4473
1716 9383
2860 8529
5565 7238
7576 5598
8075 7907
2311 4895
6702 4711
6865 8007
6762 670
6469 9788
9093 3753
229 4713
5468 4125
8501 8796
702 4050
6496 697
5679 8694
1475 7525
9591 9815
4624 4827
7073 7820
1085 5035
5404 1261
9490 3366
9197 9670
1311 7811
6283 1961
7395 9021
9026 6424
758 1075
2833 6527
5056 2391
1820 5544
9359 7168
1882 5252
614 1272
4120 3257
4456 7022
8164 4351
1217 8916
4931 9250
6749 6930
9883 2739
4927 1393
8457 4583
2508 6882
6605 3238
1053 4821
5290 4589
7473 1122
5415 9341
2024 8979
1984 7258
3625 4472
517 8460
3773 97
5865 6689
2737 792
756 425
8344 2885
482 5001
5863 5703
1906 5641
2152 4914
7608 214
2247 5819
5612 9920
9608 2574
6073 8621
3503 345
1646 6324
3574 5806
4880 3139
5243 2485
4390 6762
6591 3511
3068 9182
7336 6148
3073 471
7295 5214
633 8562
7779 7292
4843 8207
6581 4680
2483 6628
1946 2273
7618 1992
6156 7146
6057 1657
8057 5353
3426 4295
274 825
6903 5382
6558 3752
4281 5824
1476 2954
5354 4545
9156 8788
9747 1065
7455 8050
9791 2990
3386 4577
7614 4791
8816 8133
9347 8450
6605 8501
2727 2622
8387 8170
9795 466
6601 68
9258 8005
2183 4197
525 6371
6859 7555
9476 8750
3863 2250
1484 8507
4336 5960
4372 2721
1745 3728
191 4494
3590 9032
6453 5377
2833 602
2833 8257
473 6102
6468 1204
1142 5951
2593 201
2598 4138
5231 5887
1836 7074
4314 3883
6683 3094
6051 1494
847 9113
187 5485
8692 178
4428 303
6701 6458
6192 7283
5279 7408
5511 6831
9491 392
2118 3794
6359 5975
9795 6603
8910 6441
4586 6863
1387 2412
2811 4887
4762 8994
2873 3263
7928 5635
4524 2681
6950 3752
6432 3768
681 6641
6708 8261
8077 6080
8492 2030
8509 444
7008 1490
125 671
6299 9046
9393 393
6444 9107
8163 1690
7688 6245
6112 2364
9654 9790
1563 3846
8337 5009
2585 1162
1338 1335
3796 3480
6292 1309
1785 7417
5414 3492
3977 2229
8045 5392
8763 3405
1751 5786
329 3506
2456 9678
4270 6059
9417 9533
7967 7092
1188 7548
8159 2137
8330 2260
9417 3935
5197 4064
2249 9804
1046 1698
3491 8570
2704 1118
7995 4664
6395 2236
6476 585
9994 2362
2434 1730
7013 5097
9695 8192
1896 7387
665 5728
9026 8588
3082 678
1143 3222
2415 6471
1007 2698
5210 8910
1844 6110
9537 234
1640 170
3708 223
6173 5098
618 7889
6763 6623
8141 1372
7405 798
6441 1310
8788 703
9305 9483
6179 9615
4186 265
8353 3230
6815 1617
218 2178
2091 6596
2558 2787
9706 9444
4993 9757
8872 1782
7177 9457
2920 7975
6147 8771
9790 7732
8479 5837
7573 2176
3727 9099
6619 5858
4796 1326
1872 4276
2657 1449
5307 1029
5198 5191
3061 7592
7254 8067
5483 7443
8289 7630
5728 1025
2155 6444
2473 3761
9363 167
6927 8980
3245 3115
2176 9618
2401 3080
1295 1958
7961 8420
7264 734
6295 3286
4349 1564
3661 4540
307 5175
3138 4070
9285 3419
3300 4744
1368 8196
4913 8572
8422 1143
5964 6558
7963 6026
6911 3742
8155 2487
4371 1249
8154 733
921 6161
6914 527
324 8840
5105 7363
7901 7673
312 5667
766 7464
1661 1600
2167 8012
7210 4842
5837 6260
3372 8137
8966 4399
6660 6679
7310 9554
8377 3188
3364 1815
197 9601
3149 4984
8004 1285
1809 9112
968 2683
9801 1370
6087 9314
5320 7224
4923 4684
3022 6205
6513 7327
9238 715
8363 5287
1690 6599
6750 7106
3065 3928
8804 3666
7192 9195
9036 2959
2206 8530
2437 771
3286 3728
1558 6364
4865 9214
9129 6333
8849 7434
1820 3693
3664 3603
8783 2150
7287 4702
1784 311
6231 1428
930 7763
2051 113
617 1232
756 727
9695 6505
7828 9097
6155 4332
8563 1568
6725 6557
9766 4554
5051 5169
1874 5990
2480 2964
9877 1289
5751 4756
8494 5084
5580 5827
1424 5899
8699 9400
2627 5079
7847 7567
4307 3829
2325 9701
367 2254
1022 7549
7483 1645
3121 845
1006 7220
4862 7681
6165 2743
1996 4375
9278 2526
244 1282
622 3976
6275 8696
9932 6083
5740 1028
9027 5637
308 6068
2004 1750
4548 155
8434 1539
7275 5969
820 1629
6921 4638
9302 120
5685 8690
5064 9629
6200 1521
8862 2664
2848 8479
7310 7930
3070 3576
8645 712
5832 4043
6146 4874
1176 1897
586 189
555 2203
162 9522
9682 1498
4824 8748
1588 8181
4635 7654
8650 7902
9566 9371
8146 877
5993 6588
926 2555
1672 9854
5106 841
7674 3641
6985 3255
1747 3706
9023 1357
5786 257
1448 1237
1516 6564
8553 254
9431 9275
5338 4747
1920 5649
5706 9026
3502 7161
1818 7902
220 6199
1505 5486
1771 6867
2182 8995
4701 4410
1594 6934
3339 7756
668 4239
6865 8111
9906 5887
2253 4170
8118 7367
2035 763
9095 1487
2523 1458
9348 2560
1169 5748
6437 1194
4437 265
9202 6543
9353 6589
9289 8054
1398 3795
6924 8505
8407 9581
1793 5127
795 5109
7312 9939
4039 8808
8249 979
8226 8758
6523 1377
9064 5683
3406 6606
5656 5289
4394 1034
3622 5332
814 4717
6969 5460
9946 9538
6142 7583
5125 2870
4915 3228
2119 6285
4685 1944
6992 1966
3283 9701
5392 4850
8832 4439
5677 9289
4437 5525
8656 372
3892 2894
9992 6940
9734 3393
7669 1978
2054 9939
7646 4013
6452 3485
9788 1863
4916 8956
8364 3776
1628 4816
945 770
7529 2653
2448 1099
2730 1420
1075 6574
3668 3787
3975 3858
5596 4841
4397 7121
6368 2907
5660 5227
9007 6762
9597 9361
220 7043
3278 1914
3391 8181
3520 3441
2531 3430
8617 548
4169 8751
7715 9255
6660 8667
1019 4959
8284 2364
7299 5144
3899 4198
5232 4128
258 9330
1276 9257
4693 6813
5781 9610
3723 7542
221 2975
655 8371
3320 389
8338 9645
897 4351
7014 2879
7269 8180
1876 1579
9222 9054
1191 2565
7369 7052
6127 8502
4744 6305
9552 4666
6113 3011
4704 8162
1286 4300
4780 7635
3659 9773
531 1526
5051 6454
8521 3910
7444 3503
5734 4501
2838 1859
3893 7095
7767 8959
597 9076
3858 9192
939 5178
4675 5874
7470 1914
8477 5577
7642 7639
7380 5420
3902 6442
6627 1789
1822 4864
6008 1650
4513 2762
5411 4071
5556 9996
3051 2634
8197 9998
8520 894
5800 958
6106 792
4998 2428
3153 6053
553 9725
6146 9922
9186 6025
5145 4675
7059 3069
2801 4381
869 6442
5709 427
4964 8100
3267 2588
2925 8307
9180 4083
1223 2405
3990 7062
1735 5066
1858 7664
6298 1703
2166 8128
5679 8580
3291 4888
1274 2142
2240 2030
5539 3429
8981 830
7557 4239
481 2277
1087 1396
4669 3016
7686 1696
8247 2635
2529 4419
16 8907
6588 3732
8846 4565
9542 9130
8331 812
2627 3762
4420 3607
7002 1692
4346 1856
4455 5838
2580 4438
5147 6703
9068 8348
8071 6381
4910 1544
2341 712
3148 1077
7999 1444
5612 6625
9462 8187
5912 7823
2588 745
3853 8727
3130 1406
6845 9409
2203 5952
9885 6622
5679 6086
3399 5167
9753 7646
9385 2235
7105 9256
3573 1150
691 7416
3471 3428
9055 5096
5858 5282
5223 3619
1835 5198
3187 7852
1532 6082
1424 853
3355 6989
3549 3528
5536 977
7468 8546
3338 8470
4615 6242
8731 2822
377 2335
8551 5983
577 6351
777 2964
3235 1201
8799 9692
5238 9124
5481 786
7478 3565
8974 1139
963 6342
3446 6515
2769 8297
5041 2984
9511 7193
9054 9709
7792 2489
9909 4721
6444 1970
2750 8662
8128 4946
4280 5250
9986 6152
1763 5633
2686 3001
3590 5121
6292 5534
8826 4468
327 6116
908 6018
6495 8618
6735 9844
5832 2342
3528 8138
3297 6177
2112 2374
2798 6070
9078 2271
8759 2759
3578 2927
2983 3512
4355 2613
1421 1778
2826 1300
446 4497
4845 1090
4609 1543
7453 5834
2769 3735
9792 2154
3439 4922
6655 5206
6782 9421
9497 8419
3653 7089
191 2397
9825 5306
5734 5569
7568 6929
3544 372
4886 146
7699 4122
9020 4175
6664 5103
9724 8507
4717 146
3958 4207
4140 245
3359 9736
770 6559
3693 5015
4897 1754
7724 560
8734 7269
6492 9819
8579 3426
656 1383
1518 3321
1168 4018
8400 9300
8936 466
6544 6993
7719 5775
2214 7331
6753 3958
7184 5521
7054 1176
9024 342
6744 8632
4859 9119
705 7953
6651 9584
3195 622
9343 7311
1453 1552
5142 9080
1317 4444
5000 3367
8753 2266
2093 6033
9332 6199
435 7595
9208 4660
5756 5057
3766 5748
2317 7953
2303 3234
6161 5949
3495 889
3876 7117
3348 2938
5209 587
5315 1034
1765 1989
1284 2560
17 1566
2633 3915
8347 7181
1947 1851
7045 6876
7749 7316
7333 8170
8807 2798
1732 8842
532 9751
7455 7842
9796 1631
9993 3837
9555 4890
2215 8489
64 6594
8450 6218
8143 3075
1113 9029
9976 6349
6028 8070
7957 102
1634 4666
8664 4933
1780 5813
7363 5336
3776 7646
2413 319
9927 2638
3652 494
4751 9221
3526 527
3681 5189
2198 3038
2252 741
9757 4619
3984 3935
2935 2204
8980 1362
6354 7944
1585 1680
9858 6541
9685 6641
384 3690
8273 7631
8198 8630
2059 2168
3348 9959
6125 8096
3967 6940
7764 2844
2365 3524
7970 6839
826 6213
6220 5280
3509 5078
7164 9803
2307 6436
5488 7820
6060 3841
3513 8991
1625 6912
3213 8899
5676 4395
9766 8265
6392 2717
7409 1082
7797 9705
272 2879
3966 3857
6088 1399
2578 2495
8276 7364
4758 7663
992 7118
4209 4291
1982 62
510 6254
1365 2836
3454 2538
9965 3058
1507 6258
6244 1279
486 7432
444 7318
9939 8704
9178 4180
3432 3731
2201 1997
281 2398
6821 5063
9311 4928
6017 8925
548 3311
2241 3437
9848 2084
7680 6635
8224 3978
9196 6716
9489 4963
1029 556
9881 8835
8274 9000
743 8403
1835 5909
6590 383
8528 6519
3510 4488
6368 8570
187 9859
2339 8573
956 8889
2625 354
7853 4421
7129 1296
5525 4889
8987 7649
3937 2041
2126 3220
4719 7150
6843 6620
116 7332
5520 9695
8039 2988
3261 4359
6803 5195
6378 6773
4537 6137
7024 5849
7884 4563
1371 1163
6931 3930
287 1510
6522 1810
6912 1431
5569 3924
1928 9426
4187 7500
9829 269
7313 7371
5096 8852
941 6902
5175 5603
6319 69
9355 8751
6924 2277
6035 8366
9065 3911
4352 6570
9812 9230
8855 8913
5516 5573
2802 2776
1556 2007
9311 7108
1636 9701
5919 543
4024 1716
3304 1689
7039 6780
2916 2788
7853 9722
8576 3079
7353 7134
8878 6349
1920 5646
9923 1139
5232 2338
4921 3373
5870 3782
1342 5361
1105 971
7860 2298
9844 3925
943 774
2456 1678
5450 6809
9727 8194
690 3256
8370 6226
3513 8959
7068 8817
2020 2028
7949 8026
6286 2033
777 8247
6355 4677
1894 9499
6342 7700
4513 1562
1611 8347
8842 8220
3725 1373
8835 1581
5017 2768
8101 6480
1650 8929
730 4039
5723 2556
4868 5565
7856 8036
4149 364
3357 2257
85 87
6661 1709
5296 4210
6908 3030
773 836
9838 3968
9864 4236
4086 8928
1200 7225
8759 2353
5274 897
4535 2739
4068 7675
3583 871
7939 9029
1916 5828
7613 3966
8721 2102
8864 6413
147 3065
7353 2504
6539 1474
2430 1678
1544 8951
7957 5614
4794 9746
3818 3773
1256 2081
589 8549
5371 5449
1250 4848
1665 7471
9407 4769
1243 1949
7793 1499
8047 3027
2375 2744
1590 7060
5 9747
1967 4181
7155 6702
1115 8689
396 173
8799 5239
3104 9
581 8394
7154 8815
4219 8416
2250 9902
3602 5428
1843 7101
1456 8885
2910 2978
9631 2452
2062 635
283 8362
6458 3513
2936 7424
783 6145
3514 1892
8123 8938
7612 8315
1379 7569
314 3321
3470 103
774 5387
3575 5905
7654 2477
5343 9560
2148 8421
1048 4679
2861 5990
9819 9760
7155 6765
4627 3063
3915 3145
8624 4965
8880 8778
5397 8230
4494 1913
267 6955
2263 9488
9836 5993
8306 5981
1864 5449
87 3172
1203 790
2804 2810
8053 6594
4443 1179
777 9201
6626 6180
7246 3659
5121 8665
4505 7375
4487 5761
5777 4955
7798 4197
3650 4501
8323 773
7803 3573
5095 5090
5888 5208
2736 4645
5240 399
7824 1447
5983 7374
7485 4119
1206 765
7472 4519
8958 9434
9862 9711
81 22
3634 2873
5929 9363
361 1011
7911 9084
996 4976
9837 8062
7186 3495
996 3655
3763 3923
2455 4846
6078 8577
278 9930
780 5989
8885 8857
7034 9813
5258 3131
2891 4428
930 4805
8212 5817
5772 1743
4702 7757
9532 7878
4360 3473
1386 3483
6195 7181
4881 3057
6612 2706
7472 9427
213 9569
8300 2108
7571 8466
9580 5517
8418 4335
9516 3018
5573 9541
7611 2829
6518 9274
524 3490
3060 1969
2073 8521
3376 9447
5195 24
3631 9211
2739 4406
3387 9133
6053 2977
7858 9030
1256 4393
2933 6832
9143 531
1098 378
3922 8102
8427 6293
8942 8321
6405 3881
6481 9427
1834 8289
1703 3650
911 8602
3184 8037
8975 5417
6671 8170
4774 7826
5692 1201
4390 1041
8819 622
7797 6485
1859 8331
4205 2416
