10000 2000
2889 9946
678 4125
7992 4624
5137 2692
6670 4360
5188 1055
6725 7366
2423 7188
1031 3363
3210 7711
7909 4285
1502 6494
6323 2421
7706 4421
8713 8831
6119 7035
5155 1061
7909 3083
9826 3749
2132 4340
5642 9118
8716 1866
8242 8487
1013 6995
1527 4921
5503 6202
1112 8287
2156 6287
8395 5741
7681 9924
2727 6614
3545 8962
4472 8373
5202 2482
623 21
365 645
7919 9385
818 1821
8289 8757
5754 2705
9921 578
2323 8381
5902 9262
6560 5823
7422 586
4342 4220
2648 2154
3249 7161
808 9481
8285 4786
1358 1266
2492 8838
1295 2344
263 2392
4851 9807
5877 1632
1045 2512
8485 7688
454 5561
4874 5232
3467 6107
8906 8651
9018 6282
5727 2720
2689 3201
2454 6057
495 3099
5074 3927
1497 1595
5977 1804
8470 789
5942 4735
5732 18
230 4412
1937 208
7739 3761
2178 2192
1500 9763
2607 1303
3619 8327
3285 749
5613 9929
8595 5473
1822 6312
5581 2738
4522 680
6493 9991
2845 2974
6365 3529
2420 2728
1645 980
4178 7411
5603 8938
4828 1187
3334 9743
5453 9998
9763 2190
5571 4625
3465 6514
1760 7658
5180 5806
5930 204
7621 5062
6683 3630
3488 7636
4081 8252
5260 1492
591 964
9199 3000
9163 4987
6720 4324
5950 8118
4715 6323
8663 929
3073 9152
6712 5867
7253 4430
663 7704
127 2673
3903 5086
7773 7075
9436 4504
3469 5664
6051 2038
405 2522
4583 4827
5724 4741
245 5566
5022 2732
6889 3050
2651 8106
4007 8461
1592 1298
6211 1516
3388 9368
4873 5246
4277 5638
1494 1069
9841 9544
2700 9416
181 4784
6866 132
9690 4850
2642 3846
8906 6089
6570 6778
2423 8625
6332 7232
2997 7659
6701 7433
7899 4396
6953 3006
1351 9501
2478 6570
6919 6397
572 811
1936 522
6268 2645
4218 5900
230 3567
9313 9067
8665 995
1782 3395
9767 7186
7357 8199
9398 942
1485 9531
7136 4447
8211 5673
3283 463
6750 1293
7378 5838
2836 2841
5363 7710
2348 8770
3055 7671
6035 4401
1030 9109
8583 5682
8024 2117
8350 9640
9404 1708
6000 503
5725 1392
4329 5401
6824 4028
409 5978
3007 3056
7955 9740
3865 3471
4097 7252
5359 5904
1182 9915
8641 3614
5147 3069
6783 9016
1707 8925
2033 5873
2806 8784
4576 3073
8554 4157
6330 3570
6165 2068
3282 7604
3548 4692
429 8153
8376 1330
6918 6201
6788 7273
6474 976
6800 101
5421 7195
5761 7591
4596 3871
5870 2516
7753 4098
4517 4582
9579 5296
5700 4889
8986 5447
9760 5455
5519 555
3409 6733
1090 3987
2372 2060
2770 4906
5256 2248
8577 6719
7393 9988
6277 8581
8537 5
2665 4676
2922 5314
7257 1926
3413 5931
8490 5979
7630 6223
7071 4821
4669 4356
2725 6429
990 5442
2792 8748
2354 8072
924 8531
9420 3542
4741 4307
5893 3970
4703 7574
4857 3331
1863 3188
8936 5817
3311 239
3349 9859
7070 3848
8058 8951
8702 2647
2531 8110
797 8135
7550 9604
8124 4023
8353 3948
9683 9866
916 1979
747 8824
1731 7177
9906 2251
6765 8307
4875 3843
7640 8107
6603 7234
3594 4694
1437 5457
4849 6045
5903 3721
6877 8221
9907 2539
2929 8855
4255 4233
9621 8752
9005 2586
6087 1378
4924 8554
4389 6842
9181 3655
740 9288
9798 6357
8525 1762
5859 7035
9690 1425
1552 7428
9677 2945
4896 5199
9930 8406
9785 9456
4153 7458
7190 701
357 1520
5060 9313
9151 3484
2165 9980
2267 1816
7472 3904
3905 7113
942 86
5246 9288
3871 3879
1553 4626
2515 980
8446 1976
882 1759
318 3584
1461 6943
9677 5202
3002 2704
1851 2699
8211 6273
8172 1982
6663 756
4824 9806
9472 9361
9979 1188
7164 2115
2662 9567
4509 1417
476 7408
4025 8039
326 6442
4554 7186
4880 7176
6062 8472
2185 8055
4888 6662
1447 5351
1917 7344
2721 7614
8409 2492
9027 2325
2200 6983
4509 5145
6253 5950
7316 5403
6798 7574
6608 8897
3701 7638
3741 2547
9169 9032
7818 2558
7635 59
9180 308
978 5603
2828 3658
1287 3352
8517 7993
9729 1843
2775 7806
3059 5332
215 6523
5313 79
9084 5043
6519 1433
3940 4673
5426 2304
7469 5026
84 5585
620 4662
6804 5264
3465 8083
2860 2115
6881 98
7241 983
1603 9440
7503 7178
9924 8863
4739 5599
539 5794
9023 9501
5157 468
8609 9904
178 1698
2619 6471
7398 4092
1717 9252
3545 9608
8839 2495
6408 9199
1456 9011
3649 4782
4994 6752
6891 4231
6242 6263
6924 4061
1421 1265
3857 8620
3806 8025
7785 9838
1401 8397
9498 6278
5284 8145
3275 3514
4136 7675
3288 7185
148 2392
7170 4585
6970 4454
5756 3683
8545 4360
7807 21
9857 8838
9255 4711
7690 9754
9123 8471
9693 6035
9481 2261
6513 7414
6463 5399
4960 3144
1923 4918
6599 1877
2325 2160
313 205
1000 4452
7901 4161
3508 665
252 3194
8295 7879
3940 8307
4879 9611
2903 2794
9857 9400
9244 9635
230 7489
9549 6901
1241 4864
7032 3034
7930 5394
4559 2755
6909 6649
3895 6691
4908 9065
5500 6127
6273 7483
7788 4820
349 3676
3640 4177
2244 5919
342 6536
7759 2455
9953 8962
2344 1886
6215 8200
7041 9042
1482 9802
3854 7938
3424 9036
9734 1829
9940 2852
4726 2947
4466 8014
4974 2938
2750 3976
8065 7850
1646 3846
505 3849
6331 575
4338 9185
8597 2750
9291 4365
5900 6978
5192 735
3991 9870
9602 4781
4849 8330
2933 1839
1799 5024
9344 5235
2011 5247
9641 410
5540 2044
1591 9592
4748 4716
694 8503
1025 2124
54 9333
3316 41
6732 449
2749 2888
6480 4274
5541 8207
5742 7088
6026 5978
9669 5625
2686 4535
2747 9597
5337 9130
9398 9075
8563 8218
5684 4370
6507 5730
3140 2664
5762 8817
8443 2887
2160 5898
4145 2515
1278 9669
4849 2421
5387 4780
9996 4059
3256 1855
4086 5126
8875 7648
6040 1866
2528 3832
6093 4369
8211 3232
5013 6793
5063 937
4100 529
9666 2709
1732 6544
4046 8091
9823 8974
6970 8887
8214 5897
7800 919
4477 4258
92 1855
3596 7053
451 2534
7039 3045
1001 2423
5927 5077
5506 6641
5640 1360
5138 8776
5929 217
2565 1777
3095 8764
2136 3802
6865 8836
8637 6751
9917 9922
1164 2918
3314 6045
284 1493
1708 8588
8334 3974
7068 9166
7843 7338
9365 1170
3744 4915
6352 6783
3601 7992
5497 6382
8404 8869
2319 4442
4522 9512
9128 39
9561 3845
3019 1049
4860 8323
4308 1144
8065 9373
9299 4114
3786 3171
2925 6345
781 8694
7146 1073
8324 2079
6469 6036
1982 6424
2015 3262
8620 1889
397 2736
5269 2605
2837 5793
8258 7762
8485 4696
2514 8173
796 5268
8600 556
6463 3684
4696 3746
3637 7119
2461 9654
2636 3710
2566 1316
9778 2205
805 4474
2684 9229
4383 5612
1874 261
9838 322
4545 7052
3394 3429
456 9537
8219 7253
4795 1908
9057 4469
9924 9642
6125 6061
7405 8748
4189 8360
678 968
7220 4340
7941 5743
5463 7972
2001 1622
2305 9313
4839 1269
7344 9813
9910 4235
9605 1054
8754 2071
9816 8801
3604 80
5906 389
2168 4047
9922 292
7117 3936
185 9357
5129 661
6557 4453
8755 8242
5402 9281
4823 5698
2284 93
3078 1393
9174 2488
5955 783
4638 3254
983 6531
318 5261
6525 4598
4565 9784
4567 8964
276 7399
1783 5823
6098 2221
2775 1883
7017 3361
146 4675
2742 6941
5976 1939
4684 1954
990 3099
7138 4658
3627 9459
736 2405
2381 1137
1590 2709
530 9492
6966 1953
7567 3597
3509 4190
6589 6097
5454 8161
4374 4440
734 1782
3484 4001
7929 6284
6403 7292
5316 9063
6754 4254
3401 1709
9911 4145
742 1978
4288 7297
5086 1916
9282 8128
1510 1415
9077 4050
2777 7649
9013 4562
9013 2215
5299 9708
1692 8231
6051 7969
5460 3684
9084 7686
695 2934
5371 132
7092 6567
8239 3882
6236 9174
4078 7078
710 6776
447 7248
6331 1346
1423 1504
4554 4432
7100 8035
3589 5266
5197 1705
3363 9785
2791 2570
9292 6718
7145 8284
7488 7708
3090 1535
1232 3729
8325 8593
9283 9201
8508 6538
931 8419
8546 5122
6205 2482
9000 3158
5109 9949
5841 3207
9232 9287
9109 3594
1511 3544
3218 6409
4394 9066
1030 5456
3899 6492
4662 5425
9519 9859
7643 497
9393 3796
5456 5656
5839 5740
2053 8165
7019 3640
4719 9112
2475 7453
4821 5846
5001 3169
1717 6025
1059 6240
9917 3661
4396 2440
4722 3044
4329 8589
4332 4051
4086 2982
2232 8547
3599 8926
1765 6593
647 1028
4231 8286
5348 6987
4552 4095
2544 4474
4706 9582
5578 2142
8134 6359
9283 1187
5992 9772
9666 2735
928 5202
112 4455
8266 4210
2909 6248
5895 2569
6169 223
7002 4472
7116 6881
3292 7444
4270 7540
2841 359
4895 5348
6273 909
593 1823
6888 8616
8665 1369
2469 5053
6401 5785
295 7637
3241 1098
3163 7933
6530 475
935 6774
5745 9008
4275 6949
7762 2734
7867 7460
2851 6771
1118 9231
20 6123
6258 3400
6030 6332
3469 4868
2841 9052
3373 4060
1252 8917
8546 7869
2432 8568
1263 1864
6869 2567
3340 5187
6157 5433
1527 7653
6692 1721
510 3662
1854 2648
950 5021
1425 5303
2808 6984
8630 702
5614 6440
796 5720
3547 1066
2405 1700
1344 7615
2296 5222
6472 9756
2525 8163
3965 1803
5316 6505
7376 7657
4110 9205
389 2214
690 9690
3396 7480
282 257
3418 8904
9651 3603
3862 1219
4337 5745
2492 5242
3096 2461
4485 2914
9092 6990
5389 2037
7202 9744
6164 4704
5733 7281
2462 5715
786 4102
9571 6868
7332 1588
5583 3516
5705 8407
9027 2536
2642 2366
7554 4505
1831 5436
9029 276
2529 9401
2088 1219
2511 8384
4650 4627
2385 6879
8545 2228
3776 6729
2532 8124
3396 8471
2143 916
5484 8115
962 9689
3786 8827
8338 2396
8548 3636
1255 9315
1733 4709
2669 6006
7161 4327
835 7410
8980 348
3662 4026
6300 9989
8039 2305
5851 6042
2185 5681
2702 8822
196 9863
1624 9657
9965 2052
9696 9668
3691 2174
5342 8864
3148 8525
3778 6872
6302 2446
8798 9962
3750 6931
2951 6905
1660 818
887 5886
7613 2578
2302 3491
8376 9393
1228 4343
7554 9488
7145 8237
8034 4501
4334 2508
9765 5880
1241 1040
4939 9302
9997 7112
4520 1729
6351 1142
7348 5599
3258 5810
364 359
8476 2423
2798 3607
6743 2181
1025 4752
9089 1917
2363 4008
9732 7608
6585 4583
2463 6145
8538 9578
8307 5766
1892 9652
470 9403
9646 2088
8020 6342
3796 656
5561 884
8327 4729
9192 7059
2410 9637
5607 2790
5622 4375
7841 9364
9303 9450
6578 25
7068 5355
1039 8740
3099 2506
9403 9239
7066 845
9395 2331
3767 3070
5459 4777
9554 4216
6687 81
1534 5965
6107 1111
4771 3603
579 2225
1439 674
1908 3467
7568 5416
4049 2451
9355 2133
9423 7997
5305 9663
4073 5455
773 2351
3852 614
4399 1283
7452 6048
2572 8362
926 8352
675 427
4988 5118
369 494
660 9508
3958 6593
6617 4466
1334 9684
1057 5146
7034 7245
421 1716
9324 2230
8372 5612
8238 7338
9968 9375
4532 7179
4495 5826
869 9615
9435 9691
2510 8430
67 1062
5743 4678
9416 2241
4491 3911
1745 7120
1949 8648
7511 7514
3518 7248
5689 1353
9200 9549
234 1182
1942 2721
1070 8188
1737 7375
2912 9256
2789 7891
5935 6335
4905 4055
4605 80
1483 4703
7183 7678
6770 9566
1839 2335
6922 7055
2877 4495
3683 4973
9290 1790
4850 9418
5131 910
7279 8476
8348 8726
1942 9739
9802 3970
5206 853
6168 3600
1893 5499
6747 1060
5609 8049
3582 6405
1296 6161
2111 6190
8377 665
1904 3262
8505 5688
9879 9128
7720 7269
7630 2532
5617 4072
1875 2588
7813 3999
3305 2688
1481 8651
8150 1858
5587 8064
7299 8843
5329 7208
2383 2980
9074 417
4140 3438
9898 1818
3777 5179
4419 4330
3254 3426
9463 218
139 4223
9447 2886
2465 9312
9255 7903
1839 4889
2815 8011
2718 9553
7899 4852
6974 2915
588 1733
511 1022
4550 3121
5737 9269
4624 5516
4340 2896
3031 1695
5408 3817
4154 9720
5391 400
1263 4360
5734 2008
909 51
3888 6919
1600 3011
5771 9210
9433 5590
4728 191
6363 747
943 5192
2943 7465
377 7055
8833 8441
2916 7453
5440 6039
4755 6913
9218 7284
3212 559
430 5831
6248 1534
9184 3959
9558 8057
6232 227
2296 7103
2171 5434
532 3636
1169 515
20 638
1461 1415
6 2840
9736 9858
1854 9378
1647 8901
3295 7023
2176 9671
4886 6373
2409 2255
6063 4385
8873 8556
4733 9856
9909 5006
6950 2423
3045 2362
9893 7165
9684 3977
9559 3307
2387 3593
6894 6627
6374 1227
5073 8902
9269 867
6154 3292
1405 2700
2422 8912
4717 4721
7097 5186
5257 9685
8184 819
9307 1180
3324 140
1037 3168
4358 1607
1167 5757
1637 1524
8215 2020
8769 1430
8764 412
852 4772
8043 4860
3580 2904
9491 9939
9435 8643
9064 8177
7207 5399
9539 1803
9482 7084
9392 4506
3154 4763
2894 9068
5010 6934
5587 5714
1568 4638
7702 3809
5909 3051
7395 6513
4288 5561
9563 7521
6115 4725
1089 6545
5492 2803
9982 7526
286 7291
9341 1625
5102 6344
8224 456
2726 3944
6665 1620
7277 9871
2786 3394
8316 1379
8326 2138
5954 4385
7669 6347
2498 231
9508 8837
4144 8632
4394 8957
2184 3211
5461 8140
5223 9068
5363 8849
9439 890
761 4906
7480 8807
6752 5119
3353 5388
1794 6168
3027 5874
6321 3377
6775 1353
9329 7517
2586 8101
1353 8032
6104 3148
7847 196
4703 6873
6681 629
6127 9740
7124 8533
5329 456
544 4745
9677 9828
6633 4265
5730 1499
112 9908
1954 6156
6713 1434
5203 842
2507 2192
1311 6492
5491 3120
8596 2734
7889 5622
4758 9247
5048 3092
4200 9298
7074 8734
9095 269
3995 3103
159 3468
4849 3603
5347 5519
8635 5803
5081 5927
5086 4844
4764 4461
2969 7024
1465 252
1355 7875
3570 8834
2327 1207
4110 851
6279 4577
2807 2198
7814 9289
9450 9958
53 8062
4138 674
1479 5920
8014 5245
3700 7012
4639 2014
8346 8388
2843 4513
4679 3868
3173 5045
7856 8686
3282 6653
5566 9439
7613 8463
2684 6920
3572 7575
7098 9109
888 6805
1053 4489
9009 4699
4844 9913
6776 5024
6021 4780
8492 1855
7574 1890
8638 7001
164 2634
2068 3263
8743 6233
5433 2904
6956 2234
1339 5553
6370 5513
3740 5224
6093 8119
7314 6417
103 4777
2312 8193
6698 969
8363 2549
7127 4899
6605 1292
1426 2793
1060 3529
4355 7904
5548 978
8518 2737
2577 1956
7356 8313
6343 7724
2680 2681
6370 5967
2195 3990
7454 7971
2633 7626
7912 8340
2474 657
3410 5200
8906 8397
3331 4987
3600 691
6357 332
7979 2460
1430 4814
5464 6325
3127 1120
2269 9215
5920 3685
6514 6815
2922 7573
899 7103
5731 8970
6319 588
8318 8820
7548 9958
4224 2534
5232 7411
8884 5158
3817 4379
3448 9489
2471 3261
5214 6804
1037 6105
7996 612
6291 3157
7052 8200
2327 1129
205 9529
4023 6466
4704 3353
9864 658
699 1369
7587 3502
3610 8449
1986 6031
7353 2172
4056 5458
9563 5897
4886 3416
7862 3003
7287 2871
437 5882
5285 9078
4917 2720
8417 3685
2680 3565
6847 8755
7541 5268
4759 9558
677 9260
5078 4423
8392 3519
3035 6883
3870 7918
6266 7179
8863 1019
604 4181
3268 7229
4669 6936
9403 2480
8285 3540
4662 1826
9936 104
3116 9319
2910 3514
1911 8550
3171 6579
2213 4811
4000 2496
3336 9795
7368 3122
9238 66
5844 9679
5865 3376
464 543
3023 1591
4475 1823
1163 6839
379 3889
3218 435
6503 10
9744 4482
4171 8723
3137 7310
3479 9929
776 7704
4320 5886
3387 2946
446 773
4068 3347
1277 3769
2818 5639
2348 6871
5494 605
9248 1151
9607 951
7506 3463
9310 9133
1613 7816
8522 3898
2657 4271
7918 1566
1779 7805
6334 4762
3594 6840
1862 6055
5812 8616
4723 2063
7839 6474
9495 3698
5520 5313
6473 3555
79 7888
9731 8201
1401 8513
5474 3775
685 4817
9898 307
3696 9697
9504 2970
361 2183
6270 5227
101 203
2722 4144
8068 8122
4783 1336
6410 2679
1754 6152
7279 7349
6014 3589
8096 8574
2841 5371
1115 1951
3245 5769
2423 8361
1344 483
9466 1202
3852 4031
5809 5842
9439 2568
7211 2631
7052 4830
8510 721
425 2388
3793 1510
9839 2081
6960 5727
6509 9920
4892 2329
325 1952
376 934
8702 500
445 6361
9728 7763
2679 6878
1611 457
4741 5663
8080 5141
4541 1344
3174 9593
1749 7108
2375 6541
5451 53
9440 9005
8863 3408
7908 7222
5140 7334
4010 7245
8386 8013
5467 2744
1751 2669
7061 9554
1489 68
1178 1291
3461 8850
7473 6774
7996 1822
3620 1386
3857 9151
6769 6050
5332 6531
762 5133
9978 1163
3076 7230
4410 3805
6844 2045
3025 4545
8893 5204
9055 9781
2859 1954
1368 9609
7659 8444
101 9444
1368 4263
6320 1949
3456 6095
3211 5298
1749 6004
1722 3301
8957 1400
5588 5305
3827 2418
1846 5913
6611 717
5120 3826
3873 6922
1653 7797
547 8234
3424 582
4147 5924
7610 1103
5422 1685
1413 7533
3879 9563
5396 4898
2660 9305
4688 2898
2448 5367
6773 214
3736 7551
1282 8012
6782 9425
9613 9460
2729 9791
8557 69
6851 6690
3006 7398
90 6627
1968 6517
9263 8787
4472 3348
9098 6180
9102 3958
8644 1165
3742 151
2779 2985
6039 1154
7057 6185
4047 4936
7870 5902
5068 8527
7962 7072
2028 609
1652 3689
5246 8729
9997 5275
6375 474
9501 2310
1039 3079
2221 946
3713 4092
1852 2252
8878 5476
9627 6160
4763 8544
4368 6180
2254 6614
8871 7550
6485 1536
732 7912
559 3113
8690 3171
9824 7348
5391 1008
162 197
3598 5785
1247 4149
8091 4262
6040 9954
7355 3353
8561 8076
3649 3155
8770 570
5514 5068
8615 1843
8354 7599
8497 8742
2781 4763
5412 2418
7967 7491
5367 1934
276 6431
1127 2370
3913 3401
499 7644
5744 2801
2625 1053
6001 2218
6408 9769
6531 6394
4196 1979
7719 1214
3478 1870
2718 1059
6257 9093
7278 7598
1790 9428
5681 8934
5241 1604
1605 1668
5473 6147
9485 9258
6780 914
1774 5577
9953 6533
2675 7929
5068 9863
7146 4245
3709 1491
9829 8956
5545 7996
6938 930
8056 7958
5955 2556
1589 2682
6799 8776
2593 534
7199 4323
4673 2779
666 5808
8987 7261
857 3992
5965 6311
7467 6596
4774 6324
5267 4453
1035 6631
6357 317
7012 2132
237 8707
8236 4836
5831 6803
8052 3333
4824 4124
3920 8648
4340 5008
4152 5554
8197 2247
1977 3515
3947 1244
2898 5986
2406 6238
2775 1046
7806 3809
4530 5614
1020 3931
9421 6595
4158 1847
1785 8881
6231 9477
2761 7130
8076 8264
7560 4610
4008 2999
9359 1348
8745 1580
3312 5467
1520 8696
286 4074
1285 6493
7602 2021
4097 9986
2696 7318
2291 5347
1647 4729
1276 7967
4605 4799
3314 8312
7081 2207
6993 6710
7119 7936
4405 8788
3744 6785
1985 8946
9103 3954
5179 529
501 5144
8861 2298
1853 8460
6438 1640
1465 6877
7575 7961
2443 5049
8839 2017
877 8952
6352 3910
6410 5490
6767 4245
9330 5155
3767 9772
3706 9118
5103 702
9177 5031
63 6738
3453 2616
7767 9204
6884 3933
7113 195
6867 728
8666 9425
6899 365
4341 1014
2446 9735
5160 7774
4007 4754
3092 3494
4543 542
3265 5587
8417 7075
3192 7195
5767 4007
8359 5305
7426 1481
1345 5133
5926 8330
6923 9386
4923 3039
3504 6663
2221 8513
238 7679
9277 492
5751 9025
1551 6595
7953 9248
1978 7482
8710 6467
4555 8683
8261 3398
7522 2802
3279 3784
5106 1377
2315 3387
1493 5965
2418 7880
3511 4238
4659 6520
4998 83
1872 6731
3561 3836
3472 4245
7813 5662
6443 4860
2905 1587
7313 4860
3908 4375
9939 1619
3497 2652
9000 1237
6786 4487
5962 8489
3322 7040
2471 4841
6050 8166
2432 5718
7149 1929
6189 7843
5683 7358
8662 7093
3010 3023
6988 7417
7288 856
2622 270
4763 2363
5460 1334
1105 1661
2616 9002
8200 2695
5240 9987
2367 3174
6102 9298
2331 1403
4696 5096
9619 9915
4664 2574
9173 6464
1492 4223
4639 9046
3615 7337
4726 9391
9087 6960
1794 2992
8861 2267
3824 3121
56 4773
9487 2065
8802 5021
7556 2144
9953 3638
3574 340
5151 3320
7250 8052
3995 6429
8648 880
7750 7461
7420 3415
4695 4163
8598 6351
5848 7469
226 1008
8950 3535
1457 233
6980 8745
198 2170
665 4125
9082 4985
3901 6338
9865 4493
5216 2724
3603 7206
4036 8145
6924 2723
302 2861
3739 5418
1048 3967
7967 6051
9122 5442
1333 2797
9373 6629
6211 9704
5374 763
2481 4154
993 4316
4555 1275
4452 1282
4096 4776
535 4285
6310 7491
7971 9392
8579 8881
4048 9937
837 459
5421 8877
4428 7806
5644 2225
971 4187
1570 4002
3434 7927
2524 8454
8407 188
5413 7913
5152 6966
7409 4729
1994 9816
9798 8763
4974 4068
4461 6020
7238 5942
1029 2912
5477 6810
769 8830
9388 5697
3109 8017
9926 2049
9852 7089
3421 6978
9333 9560
6274 561
9025 7686
8297 9632
183 4558
9690 2980
1313 3222
3778 4406
4476 8251
4816 5267
2524 954
7768 8476
7493 8440
4691 1399
4099 4396
4573 8652
9651 9920
2598 600
7208 4643
9666 3053
3223 7209
8409 8272
8459 281
7767 2986
3890 8910
6413 8744
8653 9448
2510 2315
8644 5624
1363 1081
64 6631
280 7658
336 7087
348 1707
5445 1664
7765 9311
6421 3965
5482 4761
8491 9052
3223 355
8837 6458
6284 3930
1973 1413
2830 719
4913 9184
4885 7383
1604 2546
5917 9836
4266 3031
9813 5691
7191 1214
9170 2532
1249 5065
2189 8333
2690 736
4209 8719
3543 2046
7470 1783
2083 1762
1449 3607
8813 6720
4073 8946
2765 5630
2588 9059
6371 1159
2224 4951
6769 3099
8058 6046
7708 2173
3859 2094
1614 260
9829 4912
2295 8010
7042 2129
3368 1568
6414 3618
3894 344
4000 4537
4605 4458
2613 1726
4650 5456
3613 9775
3168 8809
1132 6668
8644 953
7242 9131
7009 1608
1988 8405
469 5103
1289 7559
18 7918
4413 4179
2094 313
3209 5516
1923 5414
4041 2557
4432 5136
8636 5315
5030 5239
4424 1630
5451 1054
2708 8740
4491 2140
9612 7071
2818 4156
9937 394
2083 4108
7686 5191
4068 3122
8724 7452
3776 8098
7687 2545
2867 5497
3582 5700
4402 1494
207 3477
1617 9707
1280 9642
7562 5440
4319 1612
9565 4481
6012 424
9466 3883
5242 6432
6744 8179
6465 8327
5858 415
6303 7913
949 5594
5234 9456
7332 8388
6543 9232
8388 4080
271 2780
7648 8117
7149 6798
5574 7470
9177 1539
6295 8330
2936 8717
5067 7436
2529 6447
2667 9051
6833 965
5509 9827
8536 9913
108 9491
1418 5359
3910 7230
6336 4874
476 5418
8484 7972
5565 9939
3896 2778
5787 1913
3136 9262
8812 4173
9203 9924
2810 5177
2206 4005
3732 5973
3809 8127
7915 3538
5904 7666
7206 6883
8883 6548
5790 7039
