10000 4000
5901 9630
4206 2632
1064 1638
837 8429
329 298
6546 8922
1134 3352
9308 3766
4406 881
2783 1295
6184 3259
8040 5123
4619 3839
586 7605
171 6396
8411 8207
4955 6530
6663 2954
1997 7304
2716 7015
7531 6695
7917 153
4562 2445
5216 8521
6162 9131
1424 2145
2639 7799
107 8465
2595 9419
740 3582
8714 420
2962 5022
3908 1316
2560 7693
6102 6752
5867 730
1369 8338
295 9594
6906 7160
8794 8677
9113 483
5904 804
986 3690
1909 7945
7126 3652
8846 4919
1659 5041
4464 6614
7944 3810
9095 2833
9506 6413
993 4519
6354 186
3089 3181
1157 2664
3564 6378
6938 8360
2495 4281
3288 561
231 3211
661 171
7927 3906
7136 9140
8694 8328
2712 5198
9806 1558
4498 9534
4238 2157
5687 3039
2617 9136
8611 7021
1013 8936
360 7371
573 1071
5593 5821
4640 7317
1103 8559
5231 1919
9047 5724
7251 7218
2418 4455
2788 4316
5300 7830
8307 2684
7318 4177
7617 1717
1365 6664
8982 3151
416 4251
2251 7606
6221 8239
8928 3049
1956 6512
5047 4012
1139 9065
4775 582
3720 8141
3642 6836
1242 4466
3023 4516
9921 7569
7128 1003
1001 3416
1485 1856
9412 4999
2952 9582
4245 3798
631 4246
6869 6878
7486 811
4881 2875
1938 4740
4682 8769
1486 525
3428 1828
978 3430
4807 8910
3087 3475
2753 3149
9596 5850
4835 3858
5156 7400
7967 8675
8630 9932
929 4761
6916 4779
4947 9251
292 1610
9270 5346
7762 6775
2976 7147
2604 3217
4825 1576
3956 5915
5085 9767
6482 685
5341 1033
7408 7811
5101 4500
2044 4476
4600 5010
8217 5020
2040 5040
6542 2410
4910 1280
6773 2435
2752 487
6077 917
2149 3215
1849 2277
6075 550
7263 3642
1362 414
7194 7839
4143 3691
7913 1237
7514 3464
174 1598
8560 8290
4623 6755
7569 6603
4168 7824
5123 952
6662 5635
3997 7988
7310 4944
4413 6155
5876 3135
1859 6144
9620 8492
3283 3015
9213 5511
6679 6123
2865 1330
4347 4121
3831 7494
2367 4724
6041 3070
1481 4223
2902 7209
2112 3222
7985 2620
5474 7093
1360 7822
5103 9583
4526 1995
5211 2920
9353 2562
2352 7084
4100 6919
3226 4102
9335 7425
9945 7561
6282 1213
8706 5451
3166 6073
2607 9013
1988 7738
9498 4356
4643 9975
4838 9339
246 459
9206 8735
3916 7399
5236 5209
5399 8493
6652 7448
6877 8694
2254 7372
2778 829
6991 3740
1116 2914
6984 5633
6502 617
4118 6361
1645 3432
3960 8965
2414 4236
5477 8987
8998 5156
7555 9156
2120 6308
49 6271
3339 7796
2670 9773
7497 2687
5711 3763
6114 2117
1933 6171
8247 5737
9764 3427
1647 7859
6166 7868
9125 2014
2710 2460
5591 6763
9774 2637
7513 5741
7209 5244
5968 1948
1305 4842
904 706
5090 8030
9807 3936
9053 8866
919 4890
7654 7762
9352 6375
9951 5712
3483 1282
1547 930
4208 1420
5411 850
7625 2215
741 6765
9917 1308
3280 741
1430 5974
7273 8415
1907 2581
9720 3062
5335 2157
5548 5302
5752 6612
9651 2417
1777 3063
2195 3182
7168 9621
1860 3797
7976 866
6948 6772
97 7030
593 7581
3443 9660
3202 4982
7231 9683
2991 8231
7334 6992
6996 4143
8399 3418
338 1712
709 3949
7550 5215
3687 9224
7825 7909
9111 1119
4726 6608
7564 5481
3054 5042
2623 755
6047 3537
6401 7595
3361 7830
4340 9541
6256 2126
7310 9194
1085 3628
5225 4820
7261 1381
2373 5284
7352 7666
3445 876
2795 914
3198 501
3575 7925
219 6875
5855 2082
9467 4267
3358 8402
4833 684
7039 1826
9220 1091
4499 1205
2701 2125
8591 5744
9771 2281
3259 957
3858 379
7732 6600
8631 1643
7674 3701
4678 1412
6163 5864
9357 8629
4982 9835
8878 8099
1009 7659
8577 613
3060 524
9359 9927
8532 2993
344 4840
8249 2516
2254 4540
1536 1076
4296 9466
5625 3538
3424 9806
2474 7555
6789 4600
1450 4145
9162 9084
8103 3370
6309 5633
3713 3119
4385 5698
7452 150
1436 3520
4386 2585
8474 8237
4047 1557
704 7474
6867 8700
9561 2970
5187 9651
149 597
7465 8085
8885 3014
5343 1374
81 7749
7624 7184
3570 7838
8408 8098
1576 2497
9254 2187
5668 2096
3281 4844
751 7635
9256 292
2898 7959
4337 7705
4364 9547
7123 8070
6112 5457
5339 1255
5555 6659
7323 1662
9314 2764
6967 642
5370 4635
1974 2395
6734 8244
631 887
8630 9134
713 1128
8602 6597
2049 9684
6410 1577
6552 2212
9833 7758
1403 7285
3613 2059
5273 1978
6626 5467
7481 5431
6324 286
3249 1816
7592 9145
6672 3736
3955 7474
9477 9738
2353 3253
1013 1828
8448 5858
7945 4463
5186 9420
8125 7801
9247 4283
4867 5826
9008 6251
3630 9858
6677 11
2375 5682
5024 2207
7084 7710
5080 3423
684 4874
167 8246
1580 2682
3789 8883
7829 4024
826 6955
883 6433
2903 4261
2727 2472
7502 2044
2070 6082
9070 2769
5049 4073
1240 8263
6395 7338
2596 3685
8318 3222
1693 9751
7478 3604
6849 2878
7500 1341
3522 8379
6908 1151
5671 8552
7207 8492
2972 4687
6034 9032
909 3568
2214 2957
5439 992
2334 3066
7992 9637
3211 5872
2818 5387
7427 6932
6220 4834
8814 4977
6264 3885
3752 1923
4590 692
5058 6028
1736 4483
8481 5554
6644 8633
910 3295
8038 6810
2196 4928
483 1438
8436 695
3766 7551
1476 2633
1326 7663
3052 9713
238 7680
3144 9931
1981 8217
7577 1466
8564 8952
6996 3970
1922 7819
3457 5934
8779 8821
5933 6939
853 5360
6280 9835
7049 2117
6456 6948
3240 1205
3525 5807
5156 4276
3451 3705
9042 2584
6011 2533
8607 6030
8489 4775
2968 8518
3903 7402
4000 2450
7721 5164
6190 3771
2104 2813
3996 4508
4015 2196
6153 1973
7097 1449
4952 8393
1825 6108
271 5168
4087 3245
3577 1158
6322 657
8372 714
8233 8788
3204 1216
8825 33
5550 1856
4082 1244
8846 4276
5466 9433
1761 7182
3880 5234
1148 1007
8218 6196
6035 3761
5136 274
4530 543
9550 7425
5960 5128
8718 8219
695 5151
876 6092
1270 8477
5496 4872
4287 6638
2023 1027
3649 2000
8403 7
639 4071
726 6546
8686 4828
7379 2693
8955 8297
909 7990
3315 9838
9454 4415
9258 2160
8946 1404
4405 9717
9545 6337
335 4024
3272 658
7560 7435
1688 2169
2385 4880
6822 5604
7489 4400
7730 2597
1443 4244
848 1744
518 6318
3226 9904
9164 1505
3515 5074
1115 9957
5365 392
9135 9844
6108 3671
5286 1440
5866 9257
6610 9771
1321 3852
2779 9484
2988 1266
9626 4097
5206 7279
3967 9928
480 4766
6221 4452
9576 7004
4121 2222
477 5483
1326 3602
4468 6881
4619 2254
2518 4822
2627 7734
943 9322
6108 8579
9089 5260
193 6239
511 724
4208 1418
8562 4394
877 2120
8936 8572
5357 5697
9824 6828
8348 2592
255 4816
472 261
4670 161
2851 4467
1945 9260
2820 9378
6705 884
4631 5358
9019 4622
889 1254
4128 739
6588 9582
3579 8401
4281 1805
2094 6987
5369 5984
7453 3749
1771 741
1968 7624
7586 9025
2838 5012
2564 5323
8397 4297
7996 2942
7467 6333
120 7163
6232 2681
7227 3237
1553 4876
8956 9891
9223 7510
1494 769
3246 9102
6438 4143
4750 8909
1120 4544
8982 7681
2459 3613
884 6827
7696 3280
9470 1585
6927 7961
9500 4125
5401 2957
5531 8875
4423 4209
5339 127
5330 259
5186 7933
665 7842
7000 9119
8750 8913
5529 787
5513 5224
2022 7578
2755 2803
7460 507
9708 8753
3067 4029
9927 8854
9160 5520
6153 9241
6091 7909
5645 9815
3466 3841
3794 7966
7500 5103
3611 1347
6655 9371
1438 2573
3139 5735
1286 9255
5405 2041
1954 5490
1669 363
6083 1728
5032 378
7538 7146
4934 728
8791 5131
565 7883
4035 6211
9772 3371
9047 966
4393 1624
4171 4602
380 8353
1736 8556
6106 6014
6606 1724
9658 1575
6159 1804
1499 8970
994 2773
9421 1081
7393 6449
355 1386
9771 930
2327 2581
6195 3450
9414 7946
8447 2625
5376 5416
5545 9843
7881 1111
5170 3519
6747 8303
3946 41
306 5471
6041 8744
8238 5415
7546 6873
2420 3709
5178 2394
9758 9596
3149 9680
5062 1281
9946 8177
3135 157
1034 891
188 277
6477 8683
5463 469
4004 9799
4012 536
8312 8341
3243 3538
306 3137
5001 6999
9329 171
1999 3537
3719 5287
9706 4621
2620 5963
6153 1070
4922 9460
4435 6985
7167 1361
7246 2968
6766 7926
7337 1416
4478 539
3315 5690
4617 2395
8721 7525
382 742
1804 5170
3008 9791
1361 9391
5110 4606
7791 8093
6265 6222
2748 1650
9752 6992
3473 9432
3799 7719
1145 9308
763 4058
7942 5408
9408 5334
4844 6601
8131 1161
2340 1809
8793 6328
7675 7590
710 6138
5088 8073
1703 7914
6457 817
2073 905
4047 9510
2879 3721
2909 4278
368 275
2645 7730
6854 2354
5435 5906
2464 1622
936 4893
6928 1538
9960 4866
5630 9279
3836 1971
4868 9127
3961 8500
1633 5226
4327 9024
1526 8124
5764 6724
1259 3973
5726 8210
6715 7296
9532 5616
9331 8492
8102 2791
4247 6046
536 3940
2510 861
5508 8217
481 9445
9821 301
7040 4165
8364 696
7165 9169
5246 5465
2030 3360
4980 9040
3711 9902
9985 6163
2670 5324
9728 6957
4046 2779
2092 8267
9716 533
3894 6621
9373 836
2435 1835
1974 5321
3051 2909
9778 9750
2475 1330
7048 5604
8420 7178
3555 7454
3610 892
7344 1652
7781 1169
5555 8490
2275 7159
1266 1046
5876 7199
2904 9733
3597 4158
5908 2454
6438 1680
4695 2653
428 7313
8746 3410
7967 1618
7686 5136
2821 5178
6777 1894
421 4626
8 4265
5661 200
3223 8544
7325 9261
4291 8535
9354 2375
8265 6333
1404 3984
7084 4373
2576 2229
8371 6825
3078 9831
3688 8674
1828 8061
3962 1649
2353 8689
1004 9978
603 9182
452 644
1234 9529
4028 6410
3130 5989
7589 3244
6749 5997
6687 9855
5047 8798
8067 9497
3400 4697
2009 870
4390 102
9554 7478
9736 3164
3071 4060
7068 7866
5623 2592
305 6946
869 6414
718 7208
9016 6309
2698 4983
770 1530
8177 6940
1978 1090
6805 6553
8186 2811
9803 2915
7409 3811
1018 7701
5073 4751
7456 7627
9986 550
7324 8168
446 7156
7525 7280
9459 3128
9457 6686
9316 3717
8719 5456
7848 5477
2798 6550
5290 2497
8723 3158
5047 634
3127 8683
6275 3876
7511 8625
4596 790
4418 4875
5749 123
5791 1886
3653 4035
3636 387
4133 3619
7152 3897
3998 7569
4930 8352
5705 169
1903 9855
8436 6010
7504 2846
3588 3850
9201 8381
9917 8718
1620 3100
4892 4531
2716 145
3054 3336
2403 3781
7766 4433
2260 4167
5595 1030
7249 6567
535 9041
4062 7356
5785 1524
548 3167
5828 5953
3071 3134
1326 6256
4705 6570
5570 5116
5709 3289
8590 6694
7644 8244
6854 2641
9851 4234
4399 2196
9211 5676
1701 2171
6752 31
4805 9735
6355 4589
5891 5929
2800 9860
9462 2555
3816 7445
4503 2455
8976 6310
6230 9981
7809 4337
3141 3346
6038 3315
6987 9356
5985 6509
3314 295
2950 6119
9144 9026
2621 6568
6002 995
4788 1759
3349 2383
9212 9325
4684 8259
8823 9817
3605 6750
4801 9947
147 1540
8756 4017
4429 7532
7761 4829
7358 1203
3790 8148
8979 3560
8707 9696
9040 6285
6972 3040
2443 956
3066 9811
5279 8336
3970 928
6571 1336
2652 7906
7617 3463
7317 3940
8039 8503
5117 1785
5257 5729
5530 4566
2629 7094
1508 1158
3309 7626
1447 2453
1993 4291
2308 9798
5170 638
239 2238
7528 2475
6114 3382
4478 7404
7497 9260
3944 2842
693 9890
6340 4784
2681 1166
5598 2606
7072 8569
5130 2231
1733 8944
5678 5875
8601 8934
757 8590
9184 608
3549 1335
7636 2103
7690 7682
497 8682
7297 1062
4343 8377
3533 3104
9244 3739
3886 6335
8167 8073
4773 9381
3974 8913
506 3276
9225 2292
774 4447
548 4295
1769 2508
2385 1622
4709 2409
9708 5197
9233 8028
3413 205
919 3922
2850 7933
5254 8649
9626 550
7776 7541
2522 2198
1277 6783
2116 478
4583 529
3660 2100
1116 5211
6889 242
271 658
6506 1173
9079 7275
9310 2350
735 6564
7546 4693
1252 7916
9736 6273
4842 5638
1202 9137
2168 6906
5195 4214
7719 916
3478 9350
4918 2867
6989 4731
7145 4331
5323 9938
5478 2516
7410 7597
599 9176
5047 49
7610 4681
9601 1833
3092 3641
9629 6481
2618 9423
5133 8843
6742 8265
7716 2494
9736 6389
3435 8242
1762 2294
9504 8357
8363 4053
7650 8553
157 9470
2294 5731
4856 3551
4997 2862
9837 6188
3867 3174
5587 8622
6474 1262
7157 5039
8389 5306
1409 6527
6101 2661
6555 8002
1464 5357
5832 3600
5037 8290
2564 3204
8057 5147
9548 7742
7541 4944
8468 3921
1757 7281
5155 6469
2210 1533
3986 262
601 9372
4369 4003
2923 2822
4546 2736
6835 10
6332 6580
8259 7816
9993 8668
3135 2695
3512 9926
5824 7328
4876 279
9010 336
6859 4038
5286 5018
6127 2030
9841 2227
8969 960
7947 4197
2969 4367
9425 3884
8839 498
5012 8108
1806 1141
5528 8713
6763 7400
7318 4605
9890 1950
4906 2069
4953 8304
6405 9604
3884 3784
3820 5887
1255 3990
5335 9616
8079 7998
2339 820
5385 5320
5137 3629
5793 7471
4356 4288
4885 7331
4967 7111
3336 2519
6005 9248
7967 6211
1263 7484
135 1091
5626 6561
8493 7030
7086 9449
2612 8816
5960 8145
1299 8504
9656 5483
4260 6939
516 4380
3271 9127
7428 9006
61 3489
9075 7647
8029 4639
5860 7857
1330 4463
6875 1064
746 7822
5744 9199
4857 8482
1440 419
6324 49
3707 422
3303 1575
3623 9165
8192 9908
43 1731
7825 7068
6101 4628
3953 8453
7861 2178
732 6876
3072 660
3647 3985
4494 5842
4013 6310
4843 7354
6124 8691
2138 9070
9640 2245
29 6564
5856 7899
1487 8901
1652 3752
2122 7630
5485 8932
5217 8658
7205 859
8584 4437
8682 6700
8438 3458
8528 1243
282 3975
4028 5919
1427 7812
3881 8357
6215 9872
7863 3211
6045 7812
2199 1654
1411 4669
2128 9036
1912 5150
6749 5947
8035 2268
3053 9824
2490 48
3954 8657
76 8729
7875 212
7096 2663
4169 9253
4147 1441
2885 8340
5862 752
7049 1316
9566 6946
27 1086
4763 2792
2581 7708
9441 2856
8423 558
8361 4171
1348 2264
6881 3728
1936 4514
1784 4024
7225 3207
147 216
859 2806
171 762
8618 3908
4605 8747
3020 7929
456 1775
5388 7710
9858 9049
9753 5621
1460 7507
9924 7329
1081 9004
4406 393
8003 8885
8823 5642
3958 5107
1064 1698
3419 9633
1738 8918
3871 4986
7845 1340
3217 5603
82 3714
1703 543
1681 6997
2138 7913
260 491
3653 3086
8546 7610
4378 928
565 1406
3917 6100
5324 1575
7559 1301
9050 5944
1540 2911
7685 4074
9749 8692
8712 6023
9279 8747
6625 1023
6683 4892
6884 6006
6452 9221
3766 1604
4156 6408
4754 7284
6215 7002
7352 3957
4269 4118
4601 844
6813 2968
1084 240
5365 8659
8621 7357
2987 7099
6360 4066
5031 4876
8818 6323
3958 4113
4977 2567
8665 8957
4895 3370
7828 8550
4395 6301
6239 6053
9047 4465
6488 7335
3675 8208
3839 8991
833 3604
3913 1410
3431 2078
1790 8665
512 4336
5771 6658
5171 5571
6833 3360
4122 8354
6404 9831
3829 6077
9756 8512
3589 3608
4295 5579
5137 9849
2277 600
4500 6589
5259 3229
8876 2291
241 8387
2445 1055
4500 265
684 4729
4821 7296
2821 1244
1351 9581
662 9943
1957 6906
7105 8991
2474 3396
3150 267
2774 1710
6294 8535
912 4429
9529 7026
5871 6763
6025 6575
2672 5829
8317 2280
5443 7245
9551 9814
3678 264
9071 2074
536 1536
7629 9960
8591 5363
5826 71
3027 4354
8584 8690
2088 6467
9981 1673
5576 496
6309 8209
399 8198
7109 528
1133 6215
2905 514
2808 3720
5374 4871
4583 260
200 8178
6104 8599
1134 7611
1451 3379
2937 7182
8388 6238
9961 4922
7341 3906
7088 6003
6545 1500
8132 1825
3027 942
8337 1567
7301 1838
2069 5628
4337 7172
6787 9293
3684 1952
6705 4969
4877 8401
2809 7932
8579 8927
5164 6805
44 5794
1530 9447
3911 664
8763 2716
1667 1443
3449 9981
7957 9545
6420 5131
6311 2338
8541 7786
3699 2558
7291 7024
7132 2509
4313 3787
3061 2436
9397 4536
1047 2719
1107 9389
8288 6297
4265 3055
8623 3013
8816 125
1849 7977
4281 2227
8487 7038
1045 3288
8070 7249
7196 4529
5557 4517
9224 5307
2682 5855
6983 1573
942 1336
4540 8211
9660 1535
7981 1165
86 1925
903 4845
8192 7966
1190 2101
5123 7750
6654 647
4251 6362
2549 7419
8186 3707
8246 9900
883 2863
8079 5275
3215 1216
2211 7355
6331 1306
1882 8547
7080 7617
6732 3455
682 7705
3018 7519
4442 1612
3301 4135
4548 7768
1637 7038
1146 8094
5843 9711
7567 7300
3983 1578
8940 2628
3691 8756
4974 5195
205 9187
7078 6603
4049 4931
4120 4441
9285 9475
7964 8175
9756 2185
9329 203
4668 858
3333 5567
335 7059
2254 7183
3334 1763
5172 6758
321 6254
1988 6785
72 667
8607 9826
3477 6647
1144 7726
5640 9585
5034 7344
2882 4779
9504 9412
8906 3007
7259 9404
6635 4408
6144 1279
9092 8837
4935 4757
7126 1529
4429 3468
9530 4477
6611 3814
7945 5885
124 777
7521 1207
8547 5533
2679 6751
8323 3282
7696 3246
7565 6231
5734 5150
1014 84
2137 2192
9510 2609
1835 582
9273 5997
6867 7897
8978 808
6795 3364
340 7192
9042 1495
5095 2072
1243 1477
9465 8197
5260 3382
3034 8368
8720 2694
2670 9486
582 1492
5103 1083
6975 7060
5753 6610
1699 5965
8876 3623
3661 7388
8878 2749
635 5823
2534 3648
9215 9899
6882 9117
8480 5639
7202 9813
5514 1039
2506 5614
2634 7489
7476 4577
4243 8499
2540 4989
5179 7243
6226 2467
3758 422
1004 1544
3834 5058
9505 3206
5762 9843
8351 7866
9484 3042
5 6504
1139 1513
8730 1123
5045 2312
7892 7749
309 7443
418 6733
6810 834
2659 828
2623 1664
6717 4327
65 8285
9543 5848
9012 2412
2958 1949
862 2197
3492 9400
7482 7460
5948 4157
5751 6168
656 7015
4775 8021
6427 8307
4592 179
4400 1138
4974 6012
1329 6876
9519 5682
6104 56
4613 7958
7553 5605
2776 7522
4606 2373
5842 769
1730 5388
5521 6625
9911 3317
2264 6984
4296 9213
414 2732
551 4358
9725 1690
4920 5430
8564 7136
5236 7733
6374 7314
7416 6387
7449 9225
7571 895
4040 1375
187 3265
6178 7812
4569 5713
1512 8348
4056 1213
4195 975
2666 5607
8107 7112
8003 1605
1777 9367
7148 6448
7862 9839
5745 9125
5650 4632
7443 6087
382 7358
360 2730
2730 704
2614 7738
2408 6098
9867 5970
6094 6491
248 6086
7401 8600
4801 617
9813 151
9647 3031
1221 1469
3982 5821
5169 2849
4303 8060
163 2206
9191 4874
2761 3877
2014 1856
5143 1064
1425 2701
7202 9681
4193 6209
2357 9593
5218 3411
6672 4305
6925 5500
8836 5420
9358 6298
3608 4419
9862 8814
6583 5136
7802 4494
80 2387
8354 3203
1909 192
8219 5644
1420 6207
2070 7354
1313 6011
2375 9010
8018 8644
9958 3486
2481 1101
673 9372
9606 9950
9272 5117
3547 1123
8608 4679
6366 7515
7713 180
866 4842
7496 7297
1358 7607
2038 8128
8332 111
3134 2118
3515 5600
3611 3998
1822 9071
2136 1556
9611 1730
3894 6874
2045 1271
6793 3366
1379 9195
2331 9202
7342 7524
8168 5419
7703 4008
4833 8771
631 4307
9385 3376
3468 4741
3435 2586
6202 9074
6769 448
6360 2176
6686 1956
5983 4684
7478 8794
4767 3701
2337 5101
6794 5968
1835 7547
6263 4242
1927 8724
5360 4969
5511 7438
5540 4564
566 8516
9542 3590
878 8370
428 9687
5442 5179
8113 4307
9446 6676
2067 5321
8097 9990
9877 4669
3634 8207
3774 7862
7848 8898
7913 9681
825 2082
1331 2044
5468 6939
177 7964
4255 4618
9719 1623
4737 3343
2545 1019
3305 8002
3854 6389
6349 5628
1392 6827
8076 7289
9997 3139
3013 1645
145 2841
7917 8636
2218 3149
8030 2095
1643 7650
7154 3350
3401 1841
172 8609
2753 4020
7183 2918
6128 9451
725 7343
5033 9642
5625 5416
883 217
573 5909
8312 9107
1093 9946
3832 583
9914 5105
3796 1002
6665 4952
9283 787
8785 8720
2016 3742
4969 3727
7385 3994
7127 4991
1186 8731
2522 5373
5616 7176
8224 922
5167 9582
7105 1294
4813 1643
7395 1840
3788 2788
8051 9135
3364 7279
5090 6940
7566 6394
6645 1261
282 4066
8117 6812
4714 925
3117 6854
5797 6481
7567 349
4037 1002
5007 2199
2153 7784
2438 4412
5380 6910
5936 9067
9980 9733
7791 9254
1900 3271
2150 9985
1602 2916
7006 711
3761 9040
7588 4869
97 2195
2185 893
8554 4439
8289 2261
8685 8366
8581 7093
1995 3786
8817 5501
1019 2499
4950 5836
2952 7253
3001 8218
4945 287
6226 9407
728 6756
5566 1177
7043 5550
5870 587
1534 7638
3046 4264
7799 4621
4910 7340
7185 6231
4100 3251
5730 5515
5209 6288
6276 7748
9583 1944
2791 6835
4993 5028
7630 8730
540 3683
9742 2370
6030 7989
5986 2054
1950 5217
873 8710
4851 5280
8710 421
8763 7007
7696 3548
198 1201
7984 8853
297 9307
4245 1504
60 7303
4819 1617
2732 7969
6815 8704
5082 3389
9605 5783
5593 3295
3011 888
7780 5761
3787 901
8646 737
8373 3638
6768 9200
122 9111
9574 4484
7178 9654
8450 5910
9815 8441
736 6741
872 471
6384 2674
9767 7978
4616 6130
3763 7411
4639 9119
9999 3782
531 2743
5073 329
8788 3035
5012 682
2631 9522
86 6998
819 9571
4331 3619
6359 7246
4488 4039
1490 4660
2536 1294
5466 8619
3899 5320
8806 1531
6290 9368
4340 7027
3493 5350
7300 8180
9069 2126
3562 5749
6202 6975
3872 3582
9645 4269
4162 5645
4703 4448
4256 6532
5993 2179
4607 328
8474 4613
6504 2884
1909 6923
2728 6116
9535 1708
2767 8171
5349 5908
6785 3085
8516 2738
1896 8981
8719 8825
1631 8688
6637 3619
6808 6913
8345 1513
3128 4347
576 7708
8550 986
8422 8048
8591 6826
8945 987
6517 7758
6989 4219
7211 8555
8422 5805
5051 698
6209 4774
4736 329
7235 7022
5900 4875
7272 4544
2787 7827
1486 9900
3262 701
1559 1622
426 982
2171 1988
4422 991
8755 3955
4072 4589
1759 7570
1801 4476
7681 5013
2500 344
3680 5475
2171 7826
6630 5113
9058 3089
19 118
578 8782
8839 1453
1255 4503
411 7670
7043 5117
9897 332
2777 8134
4672 6688
7506 5371
8081 3925
1676 1419
9108 5922
5221 5974
6788 8915
8868 8228
4255 5784
3409 4156
9047 6165
920 8717
147 7232
3931 5912
8574 8423
1229 1603
8647 1175
9383 8248
1008 2854
838 5012
4736 2633
5915 1912
5345 3038
1274 9628
5266 5780
9932 1991
6949 4862
3357 744
1138 3301
3966 7568
3027 1683
3652 2853
7654 4920
2327 1489
2398 6632
3508 9585
2931 890
7340 2455
1565 6459
403 3065
7148 1065
4865 4495
2723 6697
2580 5960
2521 7682
4860 7030
807 1408
9806 7565
2044 6337
4050 9576
6604 7659
7317 2197
4412 9188
9608 1652
408 6297
6751 8683
9886 5816
498 7989
7665 517
2863 3022
7222 4297
9510 1513
3114 9246
8764 218
7370 4420
4777 2813
6905 4928
842 1821
7742 7864
4511 813
3811 2392
7742 9635
119 1759
5182 4856
845 5171
4941 7641
1755 5161
3547 5865
2220 1182
7757 2093
4014 961
5962 798
7221 5446
545 2475
8486 1220
8258 1588
9085 5816
2064 3056
6375 6400
5637 1112
2345 8417
7182 2249
727 4178
9867 4102
7341 9567
4017 5556
9226 5174
8967 2077
7792 6061
6860 9181
8086 9338
1455 8488
3926 2441
5718 514
575 4187
6616 1237
1300 8785
2691 127
6010 7381
7990 3569
1054 1633
8280 9953
8397 6005
1680 361
2923 1285
6474 2934
8509 5145
4056 5945
5822 5676
8847 8809
6030 5070
6902 16
2062 3730
3643 4858
6325 8288
4205 3977
7806 6196
7362 7875
5960 7229
3075 9138
933 6671
9564 8051
9419 2210
3821 9432
2262 6752
363 3046
1476 9531
1759 1480
3383 9412
4950 874
7015 4549
3711 3134
125 6153
992 7050
8105 6158
3682 1208
9758 5770
2944 70
4656 275
5228 9748
6845 2389
9978 328
8833 9904
611 7309
7072 7032
4868 415
5904 6483
5148 1169
2748 2943
5377 3031
7634 9225
9548 9820
806 1942
1032 4110
5565 7054
4759 4589
6435 5276
1277 4671
6101 6272
7539 7871
6184 9677
4949 3737
6944 1499
4677 8768
2394 3174
6198 9257
418 8861
6945 7485
6765 4580
7043 379
9137 7442
9357 7795
7608 9364
6259 6028
1153 5576
9422 6895
8319 9971
5050 6937
4376 8908
472 5117
2647 2750
1165 7264
5306 1450
4113 3787
3364 8290
626 4669
748 9871
7022 4487
381 5165
7388 3645
5076 3386
6372 6379
1717 6570
1042 6574
8327 9558
647 391
9747 3832
6184 2332
6729 5632
6989 9959
3050 9026
8995 1605
9279 9638
6715 919
6865 5239
9225 9892
911 2805
3333 4294
6891 7411
1389 4584
1197 6793
4961 7151
5774 9843
6214 6462
3198 7328
2212 8512
9808 1459
6536 4674
4617 6534
6163 5781
3172 7250
9464 705
2192 8457
4626 6445
8304 2508
1932 5240
5514 5605
3767 6803
8969 8847
6919 8037
3084 2456
2534 7718
1556 6134
9648 1844
5689 4047
886 1041
9238 6575
1595 5170
9193 1830
1962 3442
7428 7128
4718 301
6719 4875
3031 133
1043 7004
3292 2945
3312 8650
5828 7017
1080 8378
1420 5931
6562 6801
5188 4137
6040 7101
1810 4121
777 5197
813 1683
6264 5732
2835 8327
7563 938
4979 4372
6476 5531
292 4594
8316 7206
8813 7097
9083 2158
3146 1496
3585 8077
4638 2815
3481 6892
5499 6981
1776 9165
3915 6467
4618 4129
8091 9894
9230 8114
5051 4049
7749 699
3167 5913
3406 3946
9649 6855
7453 1205
6524 138
1016 7698
6962 6162
3881 5677
7896 278
5871 5334
7013 3999
9676 9856
4998 7243
5112 3428
3981 6667
1037 2220
5565 4164
9049 824
1712 4882
1039 1196
2529 7345
1206 2336
2322 2754
9384 7727
3880 3324
468 3640
3514 9960
1037 1424
517 3348
9162 4110
7531 1713
4772 894
623 4086
6746 4943
5066 2314
8016 2293
154 5133
7595 6039
4270 4192
8375 6194
8411 9128
6801 8724
4090 8623
3982 9554
4327 8531
5410 3858
3891 1814
6618 9474
1988 6684
2691 1487
6096 3984
7120 8015
4421 3839
1575 328
7108 5483
4549 4822
993 1193
294 7209
2213 275
685 20
5004 4056
2066 3776
6872 2215
1407 7142
3196 5175
7651 7225
6753 1474
9455 1754
3828 1846
27 5858
8550 7011
5842 2491
8491 4239
2337 5895
4620 2277
2860 9560
7925 9201
3130 1830
5799 4166
8612 2349
2423 5848
3114 6764
3453 818
8622 4918
4374 8802
1030 2341
5651 9592
5470 5138
6808 8779
3428 3022
1662 5619
9131 9709
9329 4000
5800 5878
9986 8658
1960 4500
4630 9070
4616 4792
2325 4256
5819 3236
2220 7171
5096 673
5515 9483
4954 2250
2552 5947
7454 6399
8907 9023
2728 211
128 692
2830 6975
4376 4875
3051 4573
8135 8074
7022 2637
1159 1946
9528 8611
4116 4026
1250 7351
5887 7146
9845 6963
3707 3777
8527 7305
3507 4472
5013 1595
5970 3277
2699 4753
169 7249
910 1062
4812 1642
4523 2219
8773 3378
7429 8627
5408 7398
7363 3061
1998 1799
4303 1150
6914 4253
2664 2588
3175 9231
2993 3092
5159 2428
1648 5948
4309 1141
6607 6210
8341 2016
47 4835
6623 3735
6944 7221
2975 8823
6986 2014
6696 1170
4712 9626
4684 3021
9800 4601
5157 1842
2620 6622
7056 7407
9579 1473
4365 2646
4384 6334
7168 8459
8442 7604
9587 4841
3467 7783
5442 8397
5418 9375
2365 5865
3793 2871
8553 3027
2831 254
320 835
9478 8041
716 8616
8110 5663
7552 36
6337 2988
4335 6987
7165 1918
6419 8617
2853 1339
5127 7385
5392 7433
1101 7166
8473 9285
842 2654
1069 6813
5397 1073
4192 9030
3771 2551
7624 8710
9182 399
3584 7962
1841 7793
9783 1858
2510 9445
4430 5920
3584 2682
1198 8365
6585 4960
3808 5540
5837 2526
6626 7397
533 2509
1161 5155
8046 9130
8361 1367
551 4232
2399 5179
3639 2060
408 2287
3780 9455
4935 6311
5084 7728
5091 8986
8368 2639
6854 3093
1620 4675
7007 1015
5137 6469
1169 6627
3204 6883
242 8000
4076 3646
5709 1036
495 9052
9008 4645
1669 3783
6447 6447
7132 8251
8527 881
7331 3756
4444 2119
4831 4814
3171 5697
6936 8683
6824 3699
685 737
498 6083
4076 9601
6714 3663
2091 161
6720 8212
6418 6203
3894 1799
7902 1084
6866 2928
8144 9286
5632 2826
2972 5630
574 9429
7243 3998
5119 356
2585 3348
2377 1888
2791 5042
1015 1714
3978 4844
695 8813
8874 9197
3740 2946
3444 7954
957 8649
8841 1229
3205 6879
3565 8835
5553 6434
632 7455
1829 3015
1832 8925
1335 9509
6654 2719
6770 2072
5964 9340
9189 3118
8861 6252
8322 5965
749 6525
1231 4891
6205 7921
7256 9461
4625 9902
1419 7785
2545 6492
762 8731
6427 6747
7581 804
7087 42
8909 6398
7522 7121
2042 4297
9212 1720
7014 5002
5002 8045
9896 5863
6332 2579
6507 6716
8744 3949
44 1000
4725 615
1759 1425
5777 6990
5882 8812
4812 5474
2504 2166
3803 9579
9479 734
8646 7409
8091 8136
7993 5347
5625 1611
6983 4465
8572 3956
2706 2450
1556 3409
1813 6783
3650 8903
6330 1734
9902 3709
3028 2232
6337 9678
4215 2075
1419 2683
6827 3032
2654 9623
9628 8654
9345 1593
1341 7117
4430 3709
816 9452
6372 4131
751 6821
421 3375
7447 8531
4249 6567
24 2986
4858 7881
9062 4303
7174 2530
9755 7036
8432 7847
4786 6910
1295 2128
8366 391
7310 1160
6193 7932
1866 6687
5573 3575
743 6632
7655 1254
4972 9563
9718 6202
5762 3236
7097 8970
1592 6930
8374 4173
4082 3289
300 7043
8214 5584
6666 3597
2334 6180
6757 5969
3944 1859
8214 8247
2697 1170
3690 4510
8005 6424
4080 8215
8201 6785
6414 1129
5474 5915
1629 6524
739 7788
8232 3438
8995 2490
2321 481
9948 9105
7117 7755
7262 4561
531 4996
5273 6942
3424 8347
5975 5278
1957 1922
2752 4734
328 1005
4499 6334
9583 5320
9492 9056
9416 8366
8296 6605
6196 7810
4811 7984
3943 2938
5258 3785
3034 9966
9801 8875
8505 7214
6687 7678
9830 954
7109 2750
6020 3383
795 6266
3164 8257
707 7302
2603 9507
6436 2905
914 9488
4696 7376
5237 6350
9102 3065
1821 678
4473 5865
2486 5926
5550 5975
5841 7487
8154 5918
5891 3878
9483 7327
741 8807
1170 8588
9826 6909
3079 5278
2540 2908
3108 401
6982 3784
7785 1027
5083 2155
7175 4040
1766 3971
7253 2408
6408 4065
9615 9600
7238 4747
4529 9309
6568 234
768 6404
4811 877
4097 9053
864 1109
3520 1939
4219 3927
2123 2582
9028 8957
3221 8921
9609 325
6483 1156
4939 1056
2706 6498
9068 2036
6959 7380
2855 7675
8621 93
4360 1682
5043 8901
8464 6891
6379 8982
3331 2459
3317 1602
1081 7036
5538 8090
6736 3788
8313 3832
1336 8957
3317 1079
5894 6595
8756 53
562 2889
3754 1464
5864 6300
2812 4518
235 4510
3670 939
8045 6228
8086 2695
7353 3417
6366 5165
4874 681
7653 2550
8481 9559
5687 7244
2722 1159
1137 9023
9095 7892
342 339
4844 3756
1084 9824
5217 2239
3167 6529
1628 5507
8926 3942
6580 947
5113 7666
9863 5531
6057 621
1541 7918
9688 5011
7042 7376
6500 6387
4360 1005
3585 5152
7410 6624
2036 884
4051 3836
9688 904
8669 8519
797 2686
6602 5082
1844 4855
4439 6274
9060 4205
7236 8994
616 7402
885 6591
831 9151
9316 2578
2603 6655
8252 9434
6451 4209
5311 3111
9936 1825
8658 3744
1571 7919
9964 8574
7118 3774
746 1343
4695 4567
3182 2932
2904 52
5595 4403
1633 293
1963 7173
421 8734
1961 505
1048 3943
6824 8800
328 2651
7722 8591
4353 457
8041 3296
3655 6198
2241 6305
3856 6265
9012 563
9447 334
4645 5004
1643 9012
1773 310
7053 9343
4074 6094
3254 8886
987 2853
6494 998
8757 2162
2838 8637
497 3679
5679 3264
315 8168
6593 2053
3077 351
373 6746
5874 7834
347 652
9915 2483
2421 7457
1901 7703
2506 3935
5193 3640
7364 9250
1187 8171
194 6682
4052 5611
263 8026
4392 7908
8217 5338
9009 4648
4339 2566
3314 1870
2739 8366
1300 2990
2061 2196
2260 6566
1446 2976
6979 3208
313 2335
2949 3754
8278 3424
963 3060
8910 9478
1849 6725
1208 7689
1464 4559
9920 3701
9093 9895
8354 1752
3224 9558
1043 1192
494 5210
4873 3372
8680 1365
9358 734
1370 7149
5489 9519
7821 8395
1236 5043
9405 3100
431 6385
7851 1651
1452 7268
44 5029
633 7228
7912 2651
1929 3966
8268 7284
4899 4064
888 448
6705 6830
5106 9030
6739 2616
2498 6479
3530 337
4180 472
8893 7794
5225 4116
6423 9221
8198 5608
8854 810
8115 7326
8878 7941
2924 6754
7972 1070
7876 8120
4676 15
4814 6868
8812 3114
8818 5232
8590 9297
8670 714
7234 8092
9122 1379
1105 5190
9075 7713
4875 1648
4041 4221
6898 5645
3984 4550
5213 6580
2843 1917
8406 1778
4060 6599
4716 1845
1406 5326
7170 3330
3916 5248
2510 2943
5782 3022
8443 7210
1443 7294
8231 7568
3754 4858
7238 6230
3127 815
7069 4548
333 1471
9720 2198
9678 2335
1940 3497
309 4570
9525 4212
4924 5900
2898 5020
8486 2263
1700 3550
8646 2226
2267 8153
5974 8117
6281 1105
4674 4174
8468 6750
7882 127
6264 9707
3811 4301
8243 8375
199 4723
4744 8583
9056 1341
5037 5522
3905 2509
8508 7284
9101 7866
2821 9803
558 460
3195 1597
4415 5409
7587 4624
2547 603
2872 8065
7580 4160
3754 9006
3892 2841
4938 1180
7864 6259
6799 6625
9447 3185
9588 4266
5271 135
4967 9415
9201 3553
5084 9658
5296 7066
4313 4892
5894 7925
5623 7928
6040 5320
9399 5918
5373 7740
874 4801
8242 7055
4152 4426
6697 7041
2987 8547
5029 1546
2033 6956
7183 2803
8237 8169
7525 24
149 7537
2325 7837
3830 4049
7047 2518
8380 9288
3920 7229
4987 6312
7328 1887
6281 7115
4245 9039
3425 5820
3813 6242
2545 2314
5241 1538
780 5624
7452 6972
8394 7696
2112 6273
1587 2171
2361 4472
4552 5594
6272 5723
8714 9105
4097 6181
7936 2742
909 8827
3062 7670
1065 8384
6473 2401
1117 6910
8971 2713
2055 7012
9493 1959
4805 8675
9024 342
8334 8688
9515 7318
6474 582
985 6074
421 1505
704 2315
7440 6611
7418 7554
5680 7266
8871 8882
7149 8728
890 4796
9220 8242
1160 9800
7590 1826
4044 4403
7495 2014
2374 4123
9488 2654
887 9573
7613 1297
6502 1800
6943 9337
8910 5631
4010 3338
6190 603
4329 3679
1575 5151
1398 7717
7858 7490
9714 5246
9464 4097
9171 2256
983 8298
3248 100
6900 1473
503 7095
2147 5727
6808 8524
9857 7374
6328 5271
6331 6270
7007 4355
1780 9556
7658 5182
7731 8118
1993 6472
7122 7264
2610 6392
9216 2337
8556 2646
4640 1982
7573 4210
6056 7343
413 8412
9331 6061
3001 7145
6512 1675
1585 5989
1152 8122
946 2267
7035 4770
1436 9567
2108 896
388 9541
6625 6786
8916 1303
9516 3021
6183 6386
6772 7288
4781 5465
2309 8734
3997 9345
5692 9440
6702 5540
27 3313
9820 222
7115 4920
698 7891
5173 9041
1738 8503
9704 4476
2790 4836
5239 5197
9803 9656
2712 8970
4937 8772
4981 7536
8916 6366
1695 5951
7814 112
790 5897
3979 1894
8786 8023
51 9828
414 5956
6947 6750
2311 2368
9860 1455
7217 1262
3843 4242
6850 9446
8511 3116
3013 9812
6143 2656
4505 2759
9 4505
5808 883
6364 3556
1936 8479
8663 835
6277 8392
511 4539
5501 1948
1037 1014
842 1808
2542 1970
3828 3515
5041 1601
4085 6520
7021 1815
7515 6824
5224 1295
217 2590
241 1430
7414 6801
6663 9214
844 8557
8687 5165
5578 7602
3586 1371
2291 9860
4604 7448
6061 1577
6447 7459
275 7950
1678 4004
7380 4707
1474 7267
3713 3482
1224 8446
3314 1164
7265 5272
1586 1876
1505 2564
1295 9937
5793 9038
9003 3673
558 1074
9134 6081
583 9699
3105 6805
2322 2374
9924 8535
6631 5028
9609 2279
9828 6235
1942 7568
5127 1486
5976 539
1351 7393
2651 3802
5404 9245
8802 847
3458 9346
1109 1601
7739 3360
2334 9502
6314 2301
8299 5828
680 6258
7376 6518
5330 7230
4402 3741
4505 9825
5884 8932
6769 8466
1406 6156
8962 7610
6537 4038
4154 2391
2596 9755
330 5370
1354 23
7348 1129
2218 9690
9716 7614
4326 6406
2980 7797
7220 8836
901 2530
9648 7903
733 8905
2104 3190
1108 5012
9070 8382
8278 1905
8250 7983
1908 7697
4150 4930
1170 299
7520 4393
6906 8342
8107 6487
1432 5010
6734 2388
8349 8288
3267 8906
8157 2517
3465 4891
1952 3228
627 9832
4260 4049
6119 5467
4345 7622
9536 8750
2772 6513
3309 2946
621 6652
5871 4986
3953 4037
6879 445
7344 6059
4965 647
1392 9719
3666 1160
936 7712
9767 7923
1366 3894
4220 4033
5418 1464
8074 6236
5144 5966
5377 8804
5994 5392
6963 5261
7948 3212
4983 7711
9630 6036
7831 1541
6870 222
8962 8863
5739 754
4379 9056
331 1120
4392 3168
6758 7095
9060 794
5328 7999
2317 9599
1619 6720
1366 6306
1099 6921
9734 8299
6600 1786
4968 1140
5391 7530
6201 591
6313 3761
2894 9853
1987 7247
3019 7752
2429 3700
2380 7610
7419 2661
656 7572
2151 4750
8793 1288
7980 6522
333 2032
8349 8173
4776 9141
8284 3307
6776 1640
3507 4958
2223 7948
1247 4867
6005 7081
5871 8253
36 6747
3562 6305
7642 1458
3446 6217
6394 6368
6674 7378
5579 6750
2397 3565
6839 4886
3452 1953
2862 9386
168 4167
5361 6892
221 9165
5655 8308
5965 9540
5883 8238
4987 562
7659 7545
8737 7793
1707 1465
7082 6590
3488 7749
7816 8363
4454 5865
383 3149
4939 5190
9544 9214
2913 7021
5935 7628
9248 3256
422 9304
2913 2129
7792 1129
5092 9321
8006 7783
5291 9139
5702 896
2637 342
6190 4709
2868 2158
6662 2830
3519 7355
3379 3362
1585 8400
8661 2560
288 6261
1898 3626
3879 7702
9336 4244
5524 2659
3319 9161
9274 6782
6052 6118
1424 2575
3504 6718
785 8787
8591 4740
7403 4857
9018 4596
4272 6740
6157 3162
2151 1436
9689 4409
7003 7900
8275 6341
9499 6613
5827 3369
1017 842
2551 2547
4075 290
6717 1571
4237 778
8716 7551
1821 2128
1212 994
5662 1977
3177 6233
758 5052
9988 3396
2223 4180
6418 7755
9993 6641
203 9366
6455 7320
8716 3108
7006 3711
3142 789
1113 2194
28 6464
279 5009
377 6414
1707 9375
8472 7085
3691 4628
7754 8990
7379 8556
9908 4886
159 7351
1726 3857
9092 5095
3557 971
7863 4580
8985 9365
9828 6667
2880 5702
1273 6699
3521 8615
968 1415
2730 9510
2809 2727
6795 7508
4645 2294
8729 2615
8172 5125
8076 393
176 855
3617 6439
4664 5395
6504 5202
5550 6230
8726 8657
1569 3214
5141 6414
6196 3168
128 3396
8685 4626
5608 8440
9495 6017
2817 9917
2592 3517
6757 2238
7884 6648
4160 1112
4496 6331
8146 892
5959 2321
3168 9794
4721 362
2948 9041
9103 3434
9032 9736
3432 567
9007 1033
2744 8862
7437 3960
2572 6462
6425 5328
5814 2587
1954 6190
959 7389
2679 772
6048 5102
4638 407
648 6976
6654 946
2554 5573
3476 8465
8059 1989
2306 4231
5128 1099
3547 4840
8542 88
729 6879
4816 6783
6936 2922
9845 8359
4024 4409
9640 3149
350 6658
4486 3823
6483 1520
3939 3873
9748 2175
3717 2252
9600 1698
8183 6970
1102 4622
3032 6684
1988 8140
5866 4708
1153 7467
8787 9691
9860 7499
9919 6924
9922 6227
7996 3431
2164 2763
9708 9439
6582 2547
9143 4941
5194 4523
1462 6058
7699 8761
8041 6857
9722 3478
4114 8955
6829 5457
1256 72
1339 6106
3589 5821
8809 5864
8472 6872
8656 8964
3140 3630
9244 5740
9263 6822
1150 6849
5524 1324
4811 6553
1330 1791
1260 9005
2250 9474
3884 2748
1156 5759
5965 5047
8907 4255
9571 691
4141 5155
1575 9034
6924 1359
2629 7674
6351 153
254 4868
7713 8222
3383 6814
8593 478
1976 6994
4353 4059
6479 9901
3224 4446
8842 6929
5840 3794
1328 7747
9896 8647
7433 3933
7890 512
3665 2077
8710 9733
4585 900
3598 5810
5126 5033
8200 4886
7456 2436
8903 9749
2053 4499
8786 2487
4547 9528
4052 6887
5681 6184
5466 2164
8055 3421
856 2211
8257 3510
3365 7867
6512 9346
5002 5911
4953 3032
9382 1176
4596 3859
2557 5265
1598 2174
8372 3161
1959 5164
2855 9996
6901 5474
3252 7323
5088 5163
7773 7335
3875 7523
906 4314
321 7037
3365 8750
9214 366
6348 2371
4658 8447
8930 8158
3098 6158
2142 7748
663 8957
1402 6179
7388 9714
8165 666
7172 454
4738 5356
4969 3206
7319 4434
702 9125
4351 2469
7815 136
6552 9767
108 5800
1750 4203
9418 9604
5278 2377
6113 9484
3868 9100
2807 4695
3245 3491
7091 9502
118 2435
9283 9359
1291 3923
7959 3579
6824 5166
5475 1815
7996 7845
993 2703
7209 5979
7501 8959
5094 2407
8263 744
381 9333
4612 3889
6877 9397
7118 5843
969 1371
9647 3052
2486 3245
8986 5213
5745 4488
402 9836
1063 6012
2369 5715
1932 6907
4435 6511
3509 158
184 1138
8877 4928
1749 737
3588 2417
2179 9942
7835 1956
5119 4239
6889 6641
265 7565
5017 548
6581 5382
2234 1004
8317 2116
2686 9357
7516 7348
1547 8270
9188 5368
3277 2364
6633 1573
802 8533
6885 4630
9500 4494
8658 2775
6755 2142
9987 9162
9360 3008
4251 8166
6403 3317
6755 4723
4415 8912
2153 8447
5512 8600
4300 8876
7564 8681
5425 5695
5655 2003
9585 2819
1069 1306
2904 9716
1588 8772
4888 9109
7767 7182
4708 6938
2020 9512
6341 3422
5823 7108
1993 287
333 2795
4334 6845
5242 2232
4620 7951
7347 8970
3240 4221
9341 5046
5650 9527
9628 1636
3128 8956
1661 1997
7600 2676
8060 3459
8514 4119
8174 7945
8764 3860
9337 3415
1117 3307
4439 951
6922 5491
7959 6955
8059 2053
6108 3109
9455 2942
6316 8748
8484 4433
1794 1566
2960 931
844 4920
4747 766
3213 6240
9538 8158
5212 7980
4262 1015
532 5608
8587 5165
4178 5156
3113 9146
5866 4404
2719 2907
9795 1502
5867 2947
6214 239
7491 4120
5826 4247
7967 9745
2987 3640
5260 4142
6887 8635
8618 6288
9824 9787
5775 1820
4005 5511
3907 3100
5416 5972
9250 1262
241 3577
7069 1443
7081 2898
3145 9889
960 1166
3934 8338
7177 9361
2137 9459
5960 4403
7258 5718
5355 3854
9383 9408
30 6419
823 7195
9205 8230
5880 5301
3126 9294
5130 2624
5740 3862
8498 7824
5446 3983
712 5264
1733 3980
7401 9085
7713 1860
1269 9865
3077 7859
5106 9897
4591 8345
4727 9240
6689 9737
8722 9538
7555 1404
3939 4505
5678 9004
1550 2308
994 5897
2269 4603
2801 6967
5484 956
3810 8510
3611 5033
303 9353
5648 4456
8247 2616
1554 6354
61 94
7599 1236
9030 435
5639 5889
2799 2146
1870 2413
2134 1148
7870 468
268 1652
5907 6785
9177 722
1037 5127
6136 4048
2209 3772
4998 8687
7049 4297
9495 5043
6447 6971
9234 1747
294 5173
7376 634
625 3628
5792 8969
7786 4233
5670 1058
7325 459
4808 3918
7034 5538
3360 3993
4854 1061
1517 3441
8986 2157
5681 2938
4419 3240
7492 4284
4848 87
5200 8835
472 9024
8147 4127
2209 2796
8528 4418
8730 5850
4686 8821
8562 3179
7319 5042
2174 9220
9178 8507
6967 1631
954 6690
7834 9978
2653 8607
6518 1158
1086 8078
8385 3065
9692 670
4340 4108
5513 4307
9674 9022
8107 8452
3525 1904
3278 5917
6745 5639
3503 7999
6335 9614
131 3659
8404 9201
7198 5067
599 4482
8461 2937
1422 6503
4845 774
3393 1450
1201 2260
5838 2888
5615 7036
9316 2499
916 3034
8216 9856
716 8764
6963 4570
4138 1190
6561 621
2550 5552
7555 3115
9434 6390
4462 2955
597 6007
8458 6197
3512 5048
7973 2599
5147 9230
2941 179
2969 1383
7353 9230
6703 5458
5345 7171
657 8338
2353 9550
2854 4959
6331 4626
1207 8036
9297 2516
9844 3394
8991 7293
5199 2636
6735 6331
6846 5417
4626 8576
461 2022
1502 6658
2842 8177
5051 2410
1464 2143
7749 2725
620 9366
8781 8358
7027 9860
6232 4082
8346 118
1438 706
5572 2514
6828 8596
72 1982
9891 539
8177 4614
2727 6875
4348 5434
8928 8269
9469 4813
8668 577
9770 3927
6299 6183
8046 3732
8498 773
3800 5076
4953 5060
7881 5977
4877 6755
1930 2203
2158 1923
4004 7959
130 3545
2101 4956
1616 6415
8466 8061
3862 6258
9311 3538
2436 8053
6265 1958
3247 8157
829 4714
2399 9652
5022 1553
8897 7927
834 1442
2053 1656
4086 874
1697 8204
8246 6615
6540 413
758 9933
3348 8105
9836 1605
2281 7153
1042 7673
6175 1611
4601 7770
8288 7873
3585 4202
7736 4080
2946 2450
5335 3946
7639 1005
2883 1204
2814 1787
1235 9849
2361 5983
8437 3589
1855 7554
4744 6058
8715 2638
2979 30
9660 2659
1341 411
1684 6389
5074 78
1898 5900
5796 7769
3080 2818
5976 2610
7741 265
181 5505
3435 1843
4169 5110
2890 7944
2019 336
2852 7955
4058 5143
4551 7141
8868 5651
5366 7185
7024 5874
536 7486
829 9814
247 5385
7936 4437
3715 8496
1826 4648
5277 6071
5344 9132
9148 3239
5849 1396
3371 8026
5764 5428
4249 9169
1927 5096
4871 9918
7025 1787
5886 5978
321 8208
6327 7344
9820 2685
896 3024
699 3547
5582 9293
3482 7047
5637 8463
7707 6900
8226 4578
5297 8199
7538 117
3989 2202
6120 2845
8101 1977
1339 8511
