10000 4000
9325 8475
4760 2110
317 7711
7012 9313
7188 4480
5498 8665
3928 9785
3823 1684
4833 1143
6209 5536
9932 6844
5549 9506
8476 9855
4807 9762
2996 6666
7637 8477
350 9963
1476 4850
9431 7379
9954 2934
3632 4810
994 4608
8559 825
2027 61
4076 302
7241 1197
5732 9324
299 8404
4186 6040
787 1386
2417 8333
9593 2299
8643 2681
345 3816
701 4078
416 6325
4384 850
9170 8025
3362 7743
1639 1185
8667 2835
7530 5628
521 6849
1177 7888
4876 575
5784 9332
3162 5510
3374 7812
7052 9958
741 2449
6287 2687
8686 414
277 3256
8987 3652
8481 443
6948 6654
3503 1911
5523 46
7737 909
3895 2166
3763 7652
325 4240
2608 7830
6050 5143
6010 7920
4058 1164
6398 3382
2285 3058
6365 6556
2076 1905
6381 5774
9520 9239
9014 3641
8052 9058
5270 7840
358 8039
7629 3160
714 9151
7138 732
7639 484
3708 6969
840 5705
7801 4371
2459 8047
9466 9823
5766 9761
5 6727
3101 2265
1762 2697
3405 6680
7039 4520
9589 3746
5164 2089
9047 9999
1376 1832
2220 6588
2050 1985
2749 4488
6640 2183
8746 727
8492 1040
9959 7587
7289 2038
7178 7126
4131 5640
5999 3408
2580 2151
7828 647
8896 6825
3869 8482
1722 3994
6337 2366
4876 4006
1131 8905
2836 9616
4170 3130
6657 2031
2913 7527
2218 7387
4936 2460
9575 9172
1913 3659
182 4204
5075 1047
7383 5144
8779 6104
3633 4498
9910 3450
4123 1594
2417 9133
4307 272
7321 3846
2011 5068
3747 109
5750 7207
789 2526
5376 15
3627 1032
4084 8071
99 3456
4515 2228
1665 511
6419 6833
1868 7680
3646 124
6079 8691
8335 5895
2489 8653
1337 5160
3005 2182
6143 6201
6131 3369
5517 7704
8373 7559
1358 7688
3411 6308
3123 5615
528 3673
66 4902
2082 2624
6805 3100
1461 4764
1399 1523
9225 9758
6155 8609
8208 6272
7237 1521
7457 5023
3774 6944
7480 2137
2404 9728
7747 3395
1639 1080
1446 5829
3886 577
6376 587
8048 7867
7956 2422
5868 3286
9993 8937
3169 250
1643 2254
4390 31
3391 6398
6787 6709
6307 2428
7750 1934
1508 7547
9392 2095
7029 9811
565 9875
9343 384
4640 6567
139 1923
5724 1615
5722 8335
220 8960
1390 285
4452 6324
3710 1609
7501 4281
4870 5122
1077 226
8372 8014
8365 516
1612 4947
5417 826
245 2031
5588 3842
3578 5682
2633 1262
171 6767
699 9140
1353 1710
5822 5631
2909 3037
3707 3723
5265 7210
5936 1948
9861 1771
9742 5160
9644 9286
7129 4328
8588 3833
1948 9052
3794 3763
5138 2404
9324 9785
6606 647
8013 4530
8212 9200
7132 7996
4925 5692
1573 501
6935 6285
9862 9778
6403 2026
3507 6251
2486 9373
7924 5933
2072 5523
2018 5367
8152 880
4861 5773
4661 8280
6872 8408
3318 4407
3755 2260
7364 4330
161 817
2363 4068
9304 9539
9309 5370
9427 3570
7582 7079
6235 3691
7753 3945
9754 8444
2761 3554
6350 5004
8321 3560
3900 5617
5333 4565
267 872
2911 3111
9269 7984
9067 5553
4409 767
3274 6633
4124 1756
8163 3960
5875 1299
8190 6125
3242 9908
5671 7386
8560 8101
1153 4421
6889 5835
592 6361
9211 901
4542 9362
993 7377
2999 8277
59 2341
2476 3573
3084 391
4820 5887
5115 7781
5015 2639
4066 7871
1889 2985
3570 6232
2005 9745
1005 6088
6807 8547
491 8141
1073 572
3910 5525
4431 3534
6509 7621
9683 8976
1221 8837
3937 9132
7459 4754
4004 6528
3 4235
8184 909
6677 9781
9805 7643
4842 3591
3195 3763
6107 2382
6824 1155
2835 9434
3411 9182
3760 4591
3853 3098
1734 3142
6203 192
5419 1529
5718 6431
2332 2794
938 9736
9927 3213
7594 723
9535 5609
2330 1594
7964 8475
3460 9353
8008 1298
8180 3476
1314 836
2140 3137
1167 8696
4641 4489
3172 6458
9307 8972
7293 4203
4841 6362
7674 3934
4395 9194
1773 6156
758 3751
1293 2769
7300 989
6789 3580
2049 4833
2357 7523
3087 2343
3344 589
5907 6393
5501 86
6326 5623
1703 2910
4036 4401
8573 1690
4064 2527
1762 3490
6446 4586
3614 3570
6600 48
6043 9465
1450 6003
5320 5948
1414 5115
4618 4308
1761 3792
9990 2764
292 2736
441 5460
604 5231
2000 3841
1946 8978
7392 938
7987 5811
3247 3708
4385 4272
8889 7592
8304 7692
5836 896
5058 1981
3004 7773
8924 6284
5920 9372
9606 4808
6707 1004
1487 3347
5252 2129
8935 2883
646 949
3332 8579
1697 5682
7117 3391
6751 3800
6530 7116
9728 6045
4210 9341
3382 1449
8083 9567
7033 502
29 1758
3365 8566
3215 6269
6935 6812
9961 6515
9396 17
5137 1912
2498 897
4478 3404
9965 5788
3776 9665
5699 9973
4118 5372
7096 5158
4886 2872
2147 6442
9016 9266
5983 3458
5531 5230
7467 3889
2015 1521
6187 1744
650 389
997 4475
3956 2600
9748 7233
3562 3213
7736 664
8638 3849
1123 6646
9669 9095
9470 2889
6232 1813
7746 689
2692 9733
1728 3360
6090 2189
1578 5889
3071 5479
119 6606
9309 5634
5779 7913
4368 5647
4188 3348
5531 7412
9382 4408
3009 6764
7400 6210
5659 5382
8109 6705
4440 1970
2868 6122
3400 6551
8673 932
561 7888
1865 6861
8603 8665
522 8035
3043 4919
9153 6427
1307 7710
4673 8749
8744 6728
5555 5173
1043 6501
8304 9092
8857 7797
2729 1470
5339 3232
2336 8346
1711 2078
6924 7637
8973 2016
6745 7071
7234 2197
4502 4108
5648 4389
5861 1316
4588 9994
2638 7491
6991 8530
6300 3258
1782 9455
5998 6108
6131 5175
9608 6306
2345 708
9727 3560
9987 4436
3665 6397
5197 6970
6171 8071
7658 7179
1088 4445
6461 2450
7017 5803
5296 6989
3584 6913
2048 5950
2707 484
7310 3196
743 6044
767 4335
9795 1876
6317 3799
2785 638
6261 7029
4624 460
6983 4847
8820 5640
7113 5761
9524 9709
7844 2679
5052 8715
5269 3525
3289 983
3550 2479
7935 3752
8018 8513
7094 9756
3340 199
2345 9137
2345 4726
6230 4780
5945 5842
3024 9829
6754 9718
2320 5449
4381 3951
8688 7431
5095 8017
8959 7012
1394 9568
7504 4439
3457 1128
2378 5309
4591 1079
777 3734
8745 7821
5260 5718
303 6371
9669 8357
7431 9009
9212 847
746 38
8636 1301
1269 2691
7925 6891
4618 8928
6920 1976
6572 9142
4510 601
9190 3828
4498 6525
3157 2043
9282 5130
6345 4098
3202 7943
9241 3618
2568 7904
1020 2714
8481 662
4448 9980
5179 7052
8310 7982
9657 9675
212 6283
6275 8718
1266 6512
8851 535
6670 2527
7144 3384
9544 3711
7847 3243
2630 3625
1797 5371
4769 7549
1374 3865
7446 1419
9297 1368
5623 6987
2930 4992
2567 9445
1095 7919
1906 9338
7708 243
1362 4281
6463 4897
4283 5418
7380 1026
8464 487
7218 8032
459 3310
579 4142
5385 6081
6488 4333
3836 5077
3299 1784
9415 7654
4844 1993
8246 5986
7069 4369
1235 7226
4134 356
9058 5988
4745 9546
8886 1243
6990 960
4793 9101
3569 2357
2152 6236
6511 4525
4821 1166
9213 626
3876 6253
6561 7614
3582 1096
5943 6177
273 2112
3181 7569
7229 3804
151 6437
7208 6997
9308 634
2012 1019
4663 8270
1268 7630
3175 6360
9810 7333
6399 8030
7612 5659
6278 1772
5994 973
7977 3092
6698 9277
2404 1753
3517 2530
6413 9107
1255 5734
9113 2910
9794 6358
7045 2810
6363 7510
3118 9964
7236 4267
5353 6956
9601 206
4988 1110
3803 5616
7267 5865
1904 3024
4380 4554
8976 839
3467 4034
8594 4365
4407 7580
1037 5616
6395 3048
4943 356
8694 587
7162 4046
155 1917
7938 8728
8082 2233
1552 8545
7781 7424
578 4362
3684 7638
1240 4249
5825 3876
9817 2698
6149 6548
4012 953
4745 905
4719 8553
5342 2164
9316 7264
646 7535
8111 3880
7400 5047
2425 3344
5984 7130
9728 569
1308 301
8469 4106
5264 1416
2748 3933
3283 3047
8431 7727
4576 7227
9356 3460
4918 7623
7330 5216
7368 6949
5048 6431
7998 1390
1863 2078
5714 6309
8987 7743
9844 6221
1813 6377
5751 9150
812 8278
5409 20
5911 6404
9775 6384
3524 6837
8975 6165
4405 3278
4772 3132
8318 2491
8101 5569
40 7594
2110 1619
9025 8011
1085 4136
538 5175
5686 4550
1879 4486
5568 8331
3283 8471
5734 551
185 476
5111 525
4092 2379
6487 5766
5328 990
9836 4173
8814 8324
7233 3235
6548 3070
7894 45
6019 8899
9118 3633
5232 3244
7727 2093
5283 2072
5126 720
2058 9865
8704 2687
9015 2710
82 8561
7838 8391
5619 308
7769 6892
9053 9894
1668 6615
9695 1324
3824 1405
4381 2750
340 2024
558 8169
631 9480
1965 4828
6568 781
7706 5291
7799 2687
5526 111
9513 2727
8698 3748
1623 3907
6064 9306
7295 2405
7000 9573
9954 4021
3093 4285
4148 7883
1630 8735
64 4678
1245 1945
5729 183
8499 9426
7626 2614
4850 7792
6719 2844
1890 3216
2186 9320
9709 1121
7127 8107
1826 2201
1768 8939
6293 1871
7921 5187
4766 431
2877 7394
9430 4138
2119 8680
3597 563
7746 7468
7735 130
9106 9000
618 9301
1073 1579
5281 8474
1867 1670
8092 9127
9826 3888
4462 7363
8634 5810
9566 1737
2878 5212
5350 9612
6682 9870
9319 750
3294 512
7443 3911
4929 538
4290 8437
252 1468
4686 3046
3083 8216
2374 255
7680 4899
5870 3720
3584 5016
6670 8926
9715 3476
8223 6016
4328 8427
3841 6627
4271 9394
4712 798
4141 6275
8330 5742
4844 5932
4578 4115
9624 3776
6945 210
7827 1988
4375 6753
4833 3875
2350 2989
5437 5323
4944 2039
2915 8142
9244 2659
3779 6978
5109 3544
1205 3089
4675 5011
2223 6570
2704 3555
6560 350
5195 9518
9129 6596
4329 1451
9967 9301
3039 5782
9819 9872
6425 5888
7833 8999
55 4588
2588 5905
1242 6483
2441 2566
8043 3793
3943 6246
965 2918
6261 946
8918 8085
6916 8017
9938 9752
5785 829
5648 3770
3869 995
8747 8459
3213 23
898 4240
5817 7309
8968 8833
4057 5329
6804 3450
1283 6288
8179 3498
7927 5901
4481 1558
8276 3597
8324 2343
4943 6411
6369 6280
1443 437
4820 6073
5884 5197
1309 7519
1499 3560
2622 1057
4277 8163
4830 9692
5188 7081
6184 385
3476 1918
6253 1218
4951 7399
7614 3784
530 7632
2947 1600
4046 1365
214 5049
6936 3001
1176 8839
8545 5986
8204 5668
4814 5578
1623 3674
6073 7504
1463 3529
7150 2917
7032 8407
4367 5456
5200 8844
193 5850
5156 4898
733 4419
3793 4123
2111 1051
1412 4090
7930 5225
8274 2168
7011 1592
8577 5281
5058 1669
8733 6469
6324 2370
7236 1895
2315 8583
1306 7969
7420 6667
134 8446
704 6719
5235 5295
8004 7460
8672 1735
8713 3215
1137 5231
4708 412
8331 2675
6671 4104
3724 7586
8886 4646
240 226
3931 8491
6237 4489
2083 6131
8472 7845
2055 9465
7774 2390
4820 3106
2973 3807
6443 2131
3383 2008
7345 5591
8294 3230
832 2090
5618 802
6805 5904
6765 918
6432 8639
7640 7443
3383 8928
5931 822
3059 5682
2529 2526
1441 903
1657 3056
4658 3462
5622 4947
8043 775
2480 3941
2374 5114
6657 820
3328 4976
441 3525
9497 6096
8395 8592
8343 468
3950 5441
4947 5705
3484 5001
2025 5843
5350 5196
1869 3910
8478 5809
7041 1886
3611 6485
8368 3208
3433 5640
2423 9607
5638 7710
8598 8944
7030 9231
323 2302
6033 2183
6743 5934
1344 6087
3983 6356
4275 1810
2044 6693
1757 2337
7267 3627
6790 6608
2574 4052
8984 1326
5210 6979
3891 9617
9111 4302
538 1056
7595 7374
8036 6151
9871 5362
4795 4998
1264 5228
8592 2130
5183 4690
917 3139
6642 5518
8545 2116
8241 2447
512 2839
5177 4630
9905 4462
4173 1178
5158 7091
9376 1188
3815 5313
6988 6260
511 8344
1310 5770
7902 4909
4471 845
9157 4167
1948 6840
4109 3524
999 6264
7504 2114
7237 4687
4158 7974
7894 7220
6666 7624
1184 1873
1259 6805
5020 3748
6108 6716
8024 8878
1787 5954
8835 8279
4749 7998
2691 9224
2185 6173
2690 6687
5721 5583
4205 6479
8540 1224
4260 4349
551 5936
9085 8964
6255 4451
306 5490
64 8674
8638 8585
9785 3729
6099 7391
3598 6167
7751 8558
6069 273
9842 293
2393 6638
9201 7589
1467 1588
1207 1924
2795 4970
8215 4477
3235 6076
1259 8335
5037 763
2976 4874
7400 2874
1415 1157
1383 4338
7670 6826
8929 4030
7717 2056
6130 9024
4882 8832
3449 1691
7677 9049
2808 8006
2892 29
6648 943
8472 1193
9330 886
2815 1057
8582 9086
3200 8393
1992 2015
9762 2749
5774 6343
8461 8186
7843 5076
6303 9443
8088 2475
2136 2413
1838 9173
6446 3091
1708 2012
2714 1890
5263 3555
2170 1246
8965 1755
141 8988
7153 3711
3162 4758
5419 9017
8697 5146
2861 234
376 203
2982 4502
8983 5694
843 405
8940 4447
257 8180
352 2266
1397 5058
225 5362
1652 6611
3822 4381
4819 353
9150 6149
9288 6854
1017 4985
6270 1618
9597 7226
4694 1771
2938 2062
65 6216
727 3313
9030 2406
2251 8063
2322 7571
5476 5195
3235 3830
4036 2604
8717 4021
9374 3434
1029 7772
8126 2389
9288 2765
4142 5567
7861 2267
1234 9581
3695 6270
2957 8905
684 4962
1817 9507
3784 3719
3060 7451
3427 882
7165 585
9103 667
9739 3686
9955 7118
2086 7936
4650 8874
9180 3594
6965 2532
8046 6089
8597 8309
3200 3336
2434 2312
5724 5445
4967 2781
304 8530
1683 2489
5067 9925
1705 1380
1556 4456
8433 4121
6515 6153
6997 4185
4054 459
8629 6792
1070 5492
8627 9871
7119 7437
6872 3544
7299 7253
9917 5190
72 3982
1363 3914
6765 8462
9755 303
5081 5392
143 4479
8596 5185
7223 8379
8716 5555
8709 6727
9010 7133
2058 1275
3354 4520
4302 6595
9071 324
556 544
3004 6881
6019 454
8756 6119
3686 8028
1419 7390
8861 7566
2570 4374
9970 1710
5823 4529
7109 3775
6459 3540
7609 2393
6194 6298
4 6376
6350 2352
7507 4765
5261 314
7139 6203
1358 989
5513 2523
24 9155
1932 1257
9636 9562
7509 1764
2782 4645
486 1138
7127 1609
6928 9241
6342 9522
939 7
9858 1147
3170 6668
3130 8921
6852 507
3421 5121
373 7325
6642 7230
602 7293
1922 3420
2417 9596
7001 1007
8183 6687
2584 6093
7583 7292
9478 5088
3090 2817
8554 6069
2202 9261
6355 3103
8021 9237
7248 132
4344 7952
72 7359
6682 8220
1780 6077
7092 2087
3696 6144
1240 1654
5406 1935
2775 2721
466 9076
7561 2709
4775 7916
9673 3537
4040 459
2855 5481
4584 5749
6852 4630
6635 9702
7257 1860
3930 2171
5392 323
7971 4039
9081 1591
823 8623
2087 7288
2779 6910
17 1651
1847 8978
7697 1991
8746 477
6296 8456
2964 2405
2360 3743
5802 8260
2488 6984
5909 7736
1156 8098
5779 7876
5595 1475
5765 6398
1967 1538
7248 9071
7640 219
8620 5686
8914 8719
7288 661
5642 2257
6899 9154
5396 9033
2309 1016
2312 5797
2164 979
9361 5907
8783 616
4541 6041
8535 5658
8816 1086
1697 6518
6896 9981
7029 56
1434 6633
322 5844
6716 9956
4984 398
569 7302
6156 2786
4696 1997
4039 6125
4565 1255
1751 5393
4911 793
1293 2981
2376 7212
1902 3395
9897 4458
5315 697
6715 2229
9704 4808
2734 5121
3968 5752
2102 613
8447 3570
3209 2110
2031 9796
1346 5292
1916 6545
4081 3348
2648 8543
5817 9276
6168 3847
1521 8193
4324 6984
6868 2196
9755 7236
9601 1129
9853 7121
2171 8023
2015 9017
9417 4283
1531 5210
1447 916
1997 8071
5684 4616
3719 9926
626 3758
7709 7088
3450 7506
2954 5
8965 6357
3066 3637
9843 442
3662 3223
3080 8778
6075 9510
8618 7265
3802 5502
2517 7423
5306 5796
7959 9303
8362 572
2596 6067
5375 4720
5523 8014
5732 1152
1454 824
5077 6412
1366 7382
5171 4284
4574 7376
867 9641
8251 5874
415 433
1546 8939
4227 6038
5066 4320
8081 5776
6798 1274
6094 5159
2812 7764
3202 5545
6368 7646
7660 4858
7642 4077
4140 9775
5819 6008
7639 7762
9117 1004
4039 3426
3960 3498
664 6623
8765 2564
6108 834
5903 8691
4584 7379
3957 4516
7941 9345
7578 998
8752 1438
8445 6829
3178 2192
6833 5635
7672 1058
2622 4354
1332 496
7646 9755
7978 4127
3297 3313
9004 3714
2682 4559
1679 1782
8959 462
8524 8375
6716 1472
2768 6569
1601 3752
6604 9872
672 5391
8293 2600
848 5505
4309 1694
9549 8702
5688 3748
501 9049
4992 977
2844 9676
8434 63
2873 8627
1159 2939
807 1820
1516 7945
2821 5389
8514 846
182 4398
4254 7172
1858 7147
9546 4681
7059 9923
7139 5808
3433 7660
89 9438
6647 9564
4786 1294
7171 3313
8310 5710
9082 1707
9012 2544
9433 8093
7260 1130
2309 6927
6516 678
9412 9246
4612 3555
4018 667
4281 4882
3694 2456
9205 793
5738 175
2909 644
4174 9818
810 511
7845 7707
8393 1037
4190 8774
7483 5524
7340 9666
6533 6319
7799 2301
5425 3834
265 1349
8780 5946
3634 4831
3430 7139
7397 6867
9061 2271
2552 1310
3698 14
4360 430
9370 112
3795 5770
9006 7197
9484 200
643 270
5818 3205
2371 6881
7033 6193
4299 5752
9847 1248
1467 7690
9816 5338
9305 4481
6819 8203
6382 7307
1939 2820
4151 874
1304 6504
4053 5316
2803 1792
6462 2387
2893 7896
5834 9573
6176 7855
646 9853
2844 8667
8468 7760
5604 4467
7897 2554
9375 6307
174 7959
6871 1803
2896 5578
7677 8432
1489 9545
9859 3258
4212 9934
4464 9860
612 536
9664 6224
5054 536
7666 5104
1330 7285
7816 8206
518 7048
2650 5333
9859 4896
5315 9925
4870 1888
5746 1875
2080 188
1739 5190
8327 240
9252 4316
3811 9465
8760 4211
3937 4025
8343 6496
5972 2023
5396 9499
975 9149
1334 7105
2252 7592
2615 1089
40 6300
3320 4720
8196 4510
7995 4469
8854 2871
8920 6397
6246 6024
57 2280
5617 8784
4125 10
6602 7592
104 2219
2868 2296
1906 6984
6201 3071
9572 6319
9206 782
2478 7591
2268 8573
9044 3142
4065 1558
3772 5001
7677 5429
273 5807
3358 3582
1027 1934
3092 7463
2709 9309
5957 9065
3566 776
5418 7043
4937 4736
3792 2999
4516 104
1801 2123
6693 2473
4904 5610
2080 6302
3000 8625
4786 6425
2870 7074
7578 6061
5970 4356
6442 2129
4531 8400
3370 7987
9888 7174
2566 5283
4679 9798
5371 6532
9801 2808
1902 2382
6716 5285
8821 1983
5016 4843
7483 661
3403 4060
1600 4053
3173 6031
983 4472
1116 4206
6567 1657
4714 615
3707 4280
8954 4252
242 1833
9470 4370
1039 5878
4172 453
8042 5529
3628 2931
7085 1363
6540 2685
8967 7832
5820 5785
2861 3168
5875 2498
1652 3272
5656 7062
5032 1151
8137 7031
5305 777
7783 4299
3577 592
216 7100
7487 3918
9636 41
4486 2611
1529 9283
4110 9205
264 9265
3706 5963
4981 7084
9025 1202
9114 5300
7214 4537
7716 5577
480 2420
3093 9954
6250 8780
6209 6602
884 9228
1857 734
3336 2838
1587 4976
2086 2717
2599 9623
2880 2745
4259 1933
4351 5126
7617 8607
316 4708
828 641
3816 8872
2838 7608
1364 9226
2149 2029
2506 9590
418 6705
3122 2507
6328 7875
4157 8718
2955 9804
4831 5368
8718 7460
5932 356
7692 7849
6082 2610
9344 2975
3631 8919
2972 683
5895 3259
3782 727
7231 4665
4903 8626
9413 6754
5418 4749
9253 4266
451 8174
197 4074
2741 8625
5434 3421
9739 6434
1921 8003
5472 9140
8775 6448
9239 477
7681 1438
8019 7303
5573 6647
8256 8241
3231 6124
2985 3564
4734 1265
6895 3167
6868 5918
6585 4132
5193 2783
8702 8984
824 2069
7916 2559
576 740
4245 813
4740 6131
7949 4142
844 8638
9053 6383
5410 2647
7139 1970
5638 5665
1408 5486
3435 7332
9464 3805
7111 588
6022 29
551 3226
8245 8064
7480 1601
5976 6827
4239 5290
2115 234
50 7905
735 1739
7117 1445
8362 2767
3215 2300
1605 2796
4666 8284
4644 9709
5590 4804
6033 5584
4014 177
3354 3687
2225 3641
6543 8984
9426 8212
5397 9341
1945 2285
7861 4869
7121 9189
9101 401
7351 2129
3022 9832
7457 9511
2588 2531
8901 9541
3282 8241
2333 4026
4619 2293
986 3227
4954 8019
2190 7215
131 1206
3120 2820
8671 4765
6700 9960
9276 2202
1921 3616
523 6690
2577 7012
1376 7647
8548 369
598 4913
5541 4230
1208 5880
2915 8231
8377 1068
4530 366
1901 4886
5448 5652
9086 1844
4144 3756
9144 7497
3354 5721
2492 1018
9881 6115
1697 594
7203 8231
5806 911
2469 3188
7970 8770
8013 2750
3069 9491
6030 5646
7764 9387
8879 3504
8464 9577
7292 2979
2863 7966
8500 3693
6098 9344
2825 85
4622 2826
4611 8055
6891 6667
8957 548
1912 7779
2679 5855
4229 9945
5138 4832
4679 5159
8391 2917
3399 252
5008 8316
3875 5097
9886 3307
2924 6501
6321 2489
3959 8601
4371 7602
3244 5397
8478 1622
3130 3849
8321 3802
6321 2141
5759 8805
7254 329
6191 1733
691 4237
3693 4584
9732 8539
1608 931
235 7032
7666 2927
172 5647
9107 5606
482 6525
7431 1354
6104 2166
8603 4111
2993 9983
755 9484
161 9858
615 1278
3522 813
162 8598
7680 2035
2914 1494
6125 4665
9995 5799
4574 6602
3684 9221
2843 9732
5720 513
7555 9529
549 3135
9894 2095
3633 2774
4201 9104
2048 1875
7190 747
9343 7781
377 3185
2125 8594
180 8121
188 817
9116 1228
2836 7071
4841 6585
8321 6074
4442 6546
2800 4104
3983 5182
9910 8369
7293 4293
9065 4561
4814 5303
6260 3096
462 5109
3800 8633
6415 8902
3734 6206
102 9124
2325 546
459 2892
3218 4646
5821 5234
7611 9101
9820 2074
5379 6047
2493 4112
7378 2202
4490 6305
5138 1372
7007 9552
3411 6394
4798 530
1751 3165
6156 2290
8935 1536
8690 4846
5484 7379
6300 5864
7398 5003
2141 2710
1881 8383
9482 6994
9019 8989
7770 2522
8216 9795
4621 7905
9694 54
5186 1148
1745 4414
1071 1143
8552 5944
5612 110
1886 9267
3368 1508
2770 1475
6979 7791
4519 6946
594 8873
693 3370
1599 881
1558 3836
2663 3848
9818 3980
8954 261
1299 4818
9533 2689
730 4186
1483 780
8312 2501
1728 8758
2510 4678
1597 8342
2254 8870
8871 2695
5167 4097
3224 4678
1884 6535
2397 9862
566 1931
8374 3148
5678 1607
712 5538
3836 455
6958 1560
1835 6121
6388 7327
3290 6819
6747 5260
7484 6925
4841 3403
6057 8915
6533 8217
5979 2868
8431 2073
882 742
7638 8881
897 1167
4336 1370
7534 4765
9142 1987
6197 5904
1781 1245
9878 4667
3854 1360
7779 198
710 758
6723 2959
3495 2411
418 5028
8509 4419
5822 3834
8954 3076
8011 3898
5955 1783
9488 1758
5457 5755
4504 9096
8689 2978
5027 9404
1364 1795
2146 3137
4784 9926
2270 3061
2205 3403
4689 7126
4472 9779
6987 5929
6707 8533
5999 7030
531 2395
1811 5514
4913 1922
148 6531
8186 4302
8687 4984
9327 7811
2169 2527
7750 733
953 6885
3927 4569
8168 2714
9951 9866
2664 6370
9456 2901
1098 7397
5871 5973
8406 9487
7557 7960
4583 801
5375 79
5388 9390
4718 7362
3337 1071
136 874
6644 10000
5397 7926
4232 9952
466 1702
2341 8469
3890 9411
4766 1334
7496 1733
6057 7487
6222 9259
211 8448
17 4455
1498 2494
6882 4063
8945 5089
5974 5774
3967 2261
6743 9296
8128 2041
3746 7865
1922 2514
8903 8111
3770 9817
9036 1788
8733 9081
3754 4141
8631 7666
7918 9045
4823 3353
249 2875
961 6421
4225 7287
2443 7508
750 8185
9792 292
4078 1522
5360 986
1809 8970
94 7758
4205 248
3745 5645
6459 5741
2771 7974
392 8921
7349 2462
101 7236
5609 1820
7512 6039
6278 9725
5033 7184
2328 4081
6214 2018
5598 9596
2335 6818
9466 6646
8730 6619
7748 9340
7184 1131
2920 1116
2206 4116
6675 317
8726 1564
122 8965
8091 3181
4403 8113
5960 3398
9769 7248
1946 4584
7612 3672
8209 6825
4191 2272
3219 8484
5401 4500
873 9880
4324 2549
4497 4853
1905 8806
7482 8338
2434 8224
2987 2377
4383 5727
5772 4681
2370 3362
2746 1924
3083 7087
8712 7614
7964 6508
3401 4836
3517 1287
3943 9890
8697 7136
751 5420
8544 234
1939 3478
7875 9949
8278 5292
3467 5559
211 5867
2547 3014
4631 8198
7833 7503
2483 50
3057 1995
7915 7210
626 7397
7177 5883
7831 3277
6410 6777
8239 8375
8592 7161
3261 7805
4974 133
9448 2905
5983 9387
4156 7948
7216 4990
9128 4010
450 4612
7406 187
9305 9430
1607 5980
8431 691
9084 956
3841 8317
2398 1232
3457 8330
2286 8959
5122 5828
4485 4886
2368 3594
5262 6629
4629 8317
8439 5823
8581 6051
7668 446
6595 4760
3100 8638
1001 1128
10 3390
7141 3254
4413 6322
2230 4473
9288 1923
9123 6745
4163 8701
7124 9942
1800 1983
5271 226
3159 9439
348 3410
1074 8964
6634 7056
2001 8794
5576 428
8240 5665
6228 7351
4716 2702
6112 2710
7818 4809
7824 3285
2832 3358
2909 3809
4474 4332
6997 4253
9558 4025
344 4606
6424 3451
6333 5167
3399 4112
1915 7278
4702 3623
5504 1517
3740 1733
7438 8402
2708 9314
185 8135
5998 9097
1482 5258
8164 9307
879 1934
6310 7580
2088 7609
2887 1605
9468 3460
717 8433
210 5630
709 4736
9352 345
5948 9030
6256 9564
4391 7005
8286 2767
9660 671
2779 2210
2663 1693
1157 9558
7542 7499
7517 7106
941 5041
6695 9951
9139 9387
7405 3133
4227 9066
8717 7612
8556 434
1814 6756
4274 5002
5983 3597
715 1423
1185 5351
6754 3936
9367 2308
3303 595
6085 7097
9052 4863
4462 6081
1258 816
9853 730
842 8743
2077 7461
4141 9975
8145 8634
2373 969
4829 8434
6105 4073
6570 5275
2533 2086
5430 1624
8215 8070
1074 9806
3220 4176
9122 9097
2273 48
8753 1973
5466 2230
6938 5364
8478 7927
7648 4895
864 3755
1415 4333
5592 2829
3368 6509
8864 6398
7505 1170
136 851
1187 9954
9939 2770
5794 1911
2488 2281
2201 9982
7425 1959
5619 8010
2527 1969
5907 3777
5828 2062
1325 2334
9479 876
1770 4206
4980 4905
8984 3603
9961 5450
6936 900
8891 791
3887 395
6639 1149
5013 7653
4161 1531
8441 5718
6720 21
4826 754
5744 7621
5103 3093
7670 5381
2705 5644
1696 5573
7052 3066
2219 1275
402 9252
6555 8622
487 2661
7382 4683
2342 8043
4457 2849
8346 7224
978 1204
9798 1378
6820 7293
7102 4403
9766 9240
1660 9161
9380 4420
4604 2567
4956 9367
624 403
5027 6840
6636 982
5662 9043
779 8975
5737 2729
9432 5968
5123 9421
1974 5023
5728 5895
1385 3511
518 8997
8059 3700
3872 1637
7672 5899
8110 6013
4626 239
419 3588
8205 7373
3574 8870
1892 6881
9938 1859
2722 7103
6021 3440
7914 107
7044 3396
9584 7121
150 9757
5374 7390
1125 8553
4560 6132
6304 1549
5304 458
5692 7458
3738 7882
5070 9058
7057 6594
4898 7951
1257 4516
616 3117
2067 9941
7393 8051
9140 6097
2310 8575
3381 550
466 8447
7541 9508
8611 7544
658 2532
9229 8834
1188 4590
2407 6121
2419 6081
3435 1262
9707 223
7050 3717
4607 2446
5926 37
3411 8360
7015 9995
6481 5819
3527 9766
5685 6026
9270 5820
9009 4555
5318 8788
3818 4279
7055 4507
7017 622
9117 1999
6426 9136
349 9382
2752 9204
4228 5992
4831 3525
1928 5569
1009 4208
3908 2833
6914 6231
6584 9339
4932 5553
8743 9545
1596 3207
3112 294
3763 4905
9862 5651
2997 7063
2256 4003
9621 7673
3593 2734
8744 2360
3321 418
629 5554
9562 973
9148 4042
7340 900
6588 6197
8161 352
2426 6142
2449 7196
9409 2818
2568 4216
2445 4581
9811 3673
6159 5964
8391 8486
2300 1345
4746 525
7262 2083
6440 3756
97 9154
9823 2728
9927 4775
627 5017
9701 9674
2539 8572
36 3530
1906 9872
1536 6857
4039 3161
9100 2173
4237 7985
1597 3009
7244 8674
1258 1361
4990 3341
3235 866
9795 9430
5447 1511
717 7861
3724 4173
9765 2662
3386 7296
6244 8426
9328 580
3611 1428
7854 7997
987 9357
2826 3143
4142 7905
8059 8031
6988 9008
6977 6903
6423 2253
2187 134
7968 9970
5823 2726
6911 9819
8070 3221
4479 3990
3340 1124
9263 7465
4420 6635
5186 5356
7555 5363
9600 6299
625 6298
755 8149
9083 4211
5755 2784
5891 8739
4026 610
2286 4357
3433 8761
5029 2711
3777 9269
3429 1323
3875 4665
3023 3255
5153 8269
1000 6789
8210 2671
7354 9012
754 2493
4578 4597
9807 236
6864 366
7997 1813
954 5739
8835 5890
2745 5544
4316 9877
8425 6536
5207 3778
7406 8497
2280 9089
6826 6334
6965 1805
5944 9164
441 2551
3716 2221
5124 3475
1312 5144
7720 4281
8193 9622
1374 4982
1344 8647
6559 7961
5354 5099
3884 7462
2032 7498
7543 9206
4392 285
8983 5109
8954 9026
5848 7011
8755 4971
1801 6740
3318 1039
7612 6672
854 6744
7449 6051
5980 6852
6587 6974
1415 9957
5377 8180
6328 6449
7455 5486
3506 4194
7866 5496
6352 9542
7552 3601
1055 6752
206 9167
3535 8805
8936 7913
5990 9057
4308 8203
2621 640
5087 9557
1777 9717
2662 4988
8099 1846
1854 7032
633 6909
9166 1477
2123 2937
2992 578
8710 9611
83 8436
8140 5498
1083 1268
4914 623
3680 3837
1377 3865
9355 4687
678 7787
4348 1615
5699 6409
887 1524
9547 2655
8065 5916
2009 9450
2264 1717
9818 9068
4217 7636
3134 9196
3528 241
3675 4292
3467 3737
730 4945
1535 3051
2392 2679
7266 6572
4487 6235
8535 9507
7066 1079
4837 573
844 8665
3096 3818
2730 9267
9247 478
1588 45
8412 2721
4864 7519
3751 1872
4839 4104
859 3577
2150 4106
344 4963
399 8298
2079 9012
2677 7381
7033 6841
9172 1190
9937 3905
3990 5553
8709 8898
3566 8012
2281 8563
7362 2224
35 2592
7577 8556
3536 2682
5793 9442
1710 2692
9451 9545
9648 9255
7453 6745
8414 7231
5087 6802
6306 6955
7711 629
2427 641
605 7625
3326 6231
4559 9208
1344 1163
9086 3471
6557 3693
4424 2049
6437 1728
5180 2837
6745 1148
6177 484
8082 7247
8095 108
9355 3431
595 9087
1538 8681
5552 7444
363 3838
6473 4661
3533 5489
7048 6000
3346 610
6426 5223
3707 2901
8193 2479
635 5908
2417 2020
5687 6441
8579 1460
380 4501
7060 2976
889 1580
2535 9454
5680 2327
3567 7113
7050 512
9798 8735
2752 4521
6234 4114
5154 5958
7322 4680
6260 9550
9357 412
1596 6126
3627 6890
7718 7766
4066 6246
7808 8249
1458 5894
5838 7809
3265 8867
183 8634
6841 9629
6518 5651
2901 1364
8458 7424
5207 9359
1510 8346
2229 9753
1074 237
4407 5839
7976 5768
4539 6195
103 2961
1138 3180
9044 7375
1008 5300
1748 7166
7983 9033
7812 5518
7997 6108
5617 52
5721 8389
1040 9720
858 5357
6535 7590
8936 5874
8882 7197
4433 3126
5551 1267
6453 3537
8850 4462
4251 1659
3730 9356
1082 9395
5386 2028
4928 6986
9993 4403
575 440
5794 9129
6459 4710
8701 8857
6029 4147
6516 9268
2579 384
4599 4526
9630 5603
4856 4480
8866 7944
7008 4469
9081 91
5544 4685
8513 7839
4769 6204
4633 4282
9325 6572
8856 3430
675 1367
22 1250
6063 8030
8337 400
8815 2933
8698 2756
8231 3348
2133 1467
8398 6871
8237 5697
3807 3519
9901 3754
1705 9472
568 7482
4816 5409
6193 2125
8617 3007
5316 6768
1154 9593
1388 7109
6759 7541
9786 4868
2190 8586
2853 2596
7917 212
4804 1686
7214 180
4342 1819
5874 7453
3978 1144
3643 4104
3015 7001
9136 3585
4294 8748
1693 791
3794 7362
5232 7536
9007 337
7597 3075
9809 9972
2123 780
6848 233
661 5995
362 4146
5547 2181
5809 7573
8398 770
6137 4220
9895 3405
6252 1094
848 9927
4294 2148
3161 9493
9576 9549
7445 7533
329 3194
778 3485
4528 5258
7765 4596
5820 32
676 6151
3884 4128
7866 2813
4279 3141
7070 9556
6582 4430
2412 4394
1781 2269
7378 2708
5909 8039
196 1802
5293 2150
4954 7481
1140 7514
525 5472
697 3235
3773 851
396 9497
4173 8988
3058 85
9141 6309
2292 6293
944 126
9552 4268
4700 4317
807 975
4492 2937
6558 3049
3385 7199
8749 8232
2829 9502
9011 1389
5078 7578
1087 8944
4601 860
616 9866
9533 1328
2583 3386
3804 2693
8568 2481
1941 5633
6253 6805
4445 4235
4874 6434
8073 3151
6074 5172
8405 8366
4777 8462
1232 3323
6567 662
3518 2495
5419 9910
7109 3861
1726 4013
9216 8831
2588 3004
9295 8575
6471 1786
2373 4095
7091 8145
9881 3466
8747 7454
8869 7456
5627 6116
6298 6118
6979 3658
2778 1731
1531 6712
5245 9109
265 958
5789 3402
940 2734
809 2855
7029 5053
406 4421
1177 5670
2457 3662
2016 8022
1070 2116
57 6673
5236 2203
4884 2268
479 3162
2534 417
9253 3791
265 4494
7794 5064
6585 3110
2020 3850
1352 2558
3263 1853
6058 513
7225 29
8922 8941
7359 7499
2708 3716
5551 3195
3481 5884
4668 2052
5294 5023
5262 435
6428 6300
319 4375
2322 5044
5246 6870
5294 3006
1152 3271
9144 419
4538 6471
1016 6498
7464 1364
4411 3085
2442 8197
4033 5819
7169 6847
2706 2324
3126 2481
6820 2536
1364 8314
5127 9880
2937 7661
6009 7803
1529 8436
9474 6811
6699 794
7562 2773
6266 6992
1582 4781
2533 3993
655 4296
6415 8157
3746 2863
8480 394
9057 9298
4898 6830
4200 9539
4948 3918
4313 3143
7339 3811
313 1945
5676 8664
1184 3543
3700 7789
9565 6579
4384 3591
7648 2739
8629 525
3310 3201
7321 9661
833 7531
312 5541
6437 4708
4384 1930
4684 8145
4933 932
8971 5486
5918 5216
1611 5159
8422 125
5097 3039
8364 7551
3286 5420
9651 3632
5047 6920
5170 4698
5094 3154
2710 5310
2943 7067
2907 176
7828 906
3703 3016
9754 1160
4159 3282
8938 7781
1968 3839
6305 4049
2615 8962
9104 4420
921 1844
7340 6294
2540 4049
3311 5527
1228 2873
357 2153
439 7808
3056 6849
5169 9885
8853 6809
977 591
269 2769
5986 5411
1205 5658
9107 5375
4974 3113
4744 8859
3757 1194
758 323
3868 7403
6123 6006
2711 9484
9315 1562
4960 7014
3092 6789
3708 7041
7924 5365
7412 8924
3645 7578
5877 5304
7888 8023
2784 8861
4255 4484
3051 5285
7121 8303
2541 4252
2049 7206
7302 9958
5824 2942
8037 1865
4223 896
3360 8062
3766 5366
3824 8196
8816 3
994 701
1180 9912
9287 1984
9166 5168
1012 2565
6603 2229
2579 6988
6145 9048
2801 6310
4813 8045
7326 5066
6882 988
4784 1106
73 9074
6016 5787
8619 3166
9659 4585
2713 9716
3890 560
3909 9485
9994 1340
4214 69
2285 4490
7464 6172
4280 8413
6313 5622
4331 7082
8942 7947
1564 7724
1548 7239
868 6593
6751 7467
6448 9466
2278 3162
3745 8767
3572 8461
8396 3529
4081 5744
2843 951
2424 594
155 5433
8455 7513
972 7800
513 9644
1892 5164
5231 9271
8172 372
7707 970
1649 9634
8787 6314
4436 7580
3884 9791
6491 7341
7565 8981
1278 2689
6335 507
1994 3084
356 3798
9890 4788
9565 5007
1785 7283
4386 2017
1913 5430
6654 9388
5519 8256
705 9749
4876 5864
6796 6595
3798 4918
232 4516
1701 9066
544 9846
7382 982
2 6686
7803 3039
9553 9380
9354 2415
8326 4053
5050 9654
1579 7936
2585 2420
1055 9178
488 7377
3653 5626
4573 9254
1396 2685
9536 9361
5624 1747
2190 9301
7440 1664
5993 1783
6190 2860
5543 6114
10 5076
2239 1828
7935 2070
2863 4095
1181 3769
9512 2457
4357 8531
8912 2300
2640 3697
4367 5799
921 4402
1490 3483
5182 9308
8476 4430
5523 2070
3856 3964
6206 5116
8984 4113
4524 4015
6497 2400
7019 610
9917 3199
8158 2014
9775 1161
1612 6815
6498 6954
7121 132
8259 3943
8764 4611
5666 8179
1743 2194
8053 9899
1107 95
2678 7723
8081 5034
4496 7191
7801 5926
2933 1299
1023 6603
1467 3691
1305 9255
810 3436
2339 632
4880 5977
5163 8163
3277 3607
6821 8177
1143 6417
9927 5965
5863 9268
6766 807
5083 7764
376 6116
9362 2342
9976 1323
7811 8132
790 7513
8950 3388
7468 2302
9769 3857
3994 1502
2956 4073
4290 5858
9765 4301
5308 6612
8974 4076
3348 278
3266 1768
2695 780
451 3863
5274 2685
5959 2163
1747 2102
2422 5243
3550 791
4606 9184
6121 3651
4351 6729
7912 7413
3920 6255
2594 3494
6920 5153
8625 4056
4277 1682
2118 9502
1593 4022
916 7937
5319 2200
9936 9101
3915 2631
2327 9073
3871 325
8424 1923
8119 3479
5382 426
7366 2279
9399 7250
8759 8885
9815 5771
4181 9074
1414 5898
1906 7827
4694 3031
5748 9396
3806 5230
2483 6002
5706 5566
7565 9088
1144 9869
1027 6115
2988 961
5545 9158
6509 4296
8281 8247
8502 4721
6737 6936
6182 8785
2320 5087
3520 3376
877 7526
4428 3369
4528 683
5028 9597
7943 1281
5000 8033
787 5582
4266 5515
3320 491
1171 5401
1728 7351
8268 1626
7593 1732
4694 2914
786 601
835 5387
6498 4334
394 5967
8258 1267
6679 5647
6654 3881
5624 9263
151 6231
2561 4855
1475 2486
8041 8691
1548 6902
6107 4996
7981 9991
6614 6286
409 5169
3213 6776
6132 6636
8744 8719
8487 2200
9537 8354
5312 3623
9160 2775
9504 2190
9888 6565
2667 1336
5935 3432
8235 2307
7282 193
1134 944
5335 1651
9043 8007
9072 3015
4209 1745
4807 2425
9841 7900
5925 9256
143 9915
4425 5466
2108 468
9015 3286
9439 9088
3974 1752
367 4750
305 6000
2811 7520
7975 9811
3730 652
8844 1081
3179 9116
6582 8909
5263 3262
7488 2672
8842 5670
5482 5111
8669 5079
3879 7768
4991 7038
6909 4257
1783 5591
6473 2385
9796 2037
5768 381
4150 4990
6591 7757
4610 4813
4229 1036
7921 6559
6499 4411
5537 3910
1995 4718
2499 7257
4302 6701
2619 2466
7300 2069
884 5470
3016 1765
2537 7377
2090 8689
3037 4000
6731 9363
7172 2564
6276 997
3736 6910
5055 407
9909 3693
7388 8351
6444 2217
3374 1108
9492 6572
3996 499
6516 1748
7568 9243
8827 1811
6027 1856
1081 1183
463 139
6595 2466
2292 2312
210 8058
3715 7942
7876 682
5358 7595
8138 9288
6150 1198
521 7213
1555 8587
5865 3896
8545 8947
8281 7003
1421 6313
2137 428
6875 5702
2350 1430
6723 5573
2273 2390
8496 5432
368 3694
3232 7697
9276 8757
7639 6026
3130 6500
5275 3774
5394 5738
7113 1373
9059 6538
4415 700
5341 4856
3616 2162
4453 4944
9747 9197
7828 9231
5252 6667
5193 6007
7474 1137
7010 5840
1439 6216
9447 113
4324 4090
8816 635
474 5305
1721 9135
7441 9273
2565 5906
925 1265
1416 7840
6308 6847
7420 2599
3073 8273
717 7511
4804 9116
7901 4217
224 5752
1937 3445
1308 321
2689 9738
3491 6600
9548 4410
9396 1889
322 4571
6290 4035
3880 1399
7444 1083
3368 8748
1446 4521
6574 4894
6423 9216
7628 768
3498 3130
9046 5999
2629 8675
4183 4135
3668 4233
2587 3179
6311 2067
7427 3249
5423 1670
9252 1892
4117 1265
8568 4257
7636 3651
5691 298
2186 5375
3903 6710
315 9151
1865 991
7310 574
4993 4786
5550 1293
6550 5858
2554 6655
72 966
4837 1820
5820 727
502 3490
5676 675
4457 4127
36 2157
7981 456
5734 4714
7365 5478
6839 1957
1735 8772
4304 5292
3471 18
4925 9312
7245 837
4161 6633
4099 5076
417 4944
4248 3149
180 7396
6103 2334
3802 7558
2273 3180
7202 3228
1639 6095
8865 2705
7600 6676
8850 7971
8713 42
1697 1812
3744 4213
7471 4618
1849 1871
7745 7696
6969 2498
1809 5171
6381 15
3819 8261
3972 5242
6657 4860
5329 3803
6104 1956
3898 2638
2713 7769
7468 8740
4481 7807
3188 9136
9073 3082
3127 1595
3390 6118
7163 6273
1858 7280
7868 274
6857 1402
520 9218
7605 907
8419 3768
8267 5805
1812 5555
9332 6526
2518 6176
9485 8463
4312 6309
4007 8376
5597 4298
615 9442
8605 3899
7639 5819
738 3175
4020 6774
1756 9988
3758 7112
6238 3720
9067 4716
7982 2753
3667 9232
3161 1199
1317 3686
5276 5477
2241 7252
8828 1499
3885 1796
1712 6271
3393 6997
6849 2367
4474 3960
3905 7136
6090 963
625 155
8630 4162
25 5242
1047 817
340 1040
1402 2979
3313 6238
3520 5774
3427 3887
4479 8221
4962 6125
4670 9517
8120 1017
9101 1296
2293 9415
1051 2765
4300 4927
5742 2109
7956 6606
9375 3136
6631 995
7179 3350
518 7458
2883 9831
5107 1668
3293 7404
3909 37
3760 2227
4856 8901
8204 510
4314 6152
6080 7092
4799 7766
322 2399
3166 3067
1851 5469
5763 9224
3144 400
6827 3536
2634 4958
5386 3692
23 2497
3624 7240
7671 2183
9055 3411
8343 2643
719 4739
4361 8650
6763 6703
9122 8392
458 1907
1403 2537
1046 6911
273 576
3568 6744
4118 7971
730 5558
2253 540
7883 3013
7393 4378
2543 8884
4159 3294
149 2920
6215 7423
8767 4570
4223 7110
5445 7525
4272 7218
2002 697
5767 2214
406 8411
8549 7526
9778 1234
9856 3342
3327 5036
1904 3931
4119 2119
5826 3343
2522 5944
7049 6913
9051 8695
9448 4411
8977 6289
9801 8234
6775 7221
8201 5570
2107 1864
7641 40
3522 5041
5327 4134
323 8989
1411 4666
5880 6508
1330 1415
7680 674
8383 1666
8656 7591
7741 4614
9197 3624
8262 6849
3011 8195
5879 277
257 9791
5985 4488
4219 882
8154 8788
1383 9705
7914 6103
9072 4387
6575 1716
598 8086
3865 6785
4764 4921
2366 5207
617 5656
3559 965
1816 6516
7713 2733
3480 1408
9998 2838
1708 4437
4001 4968
3851 895
9062 2115
6561 1501
6503 5736
365 2165
488 2670
4449 6381
6636 5983
4357 4627
861 8664
6293 8407
4760 2812
5294 444
3198 6834
6053 7466
9797 323
7584 8383
3893 6605
7818 2121
6076 8802
8051 6525
7642 6105
2558 6980
342 8556
6754 4265
5559 4393
5418 9740
7371 6610
7109 6834
4275 5788
8102 466
2597 6964
9189 6009
1529 3733
4428 1543
8909 4163
6954 3936
8001 6147
244 4749
3452 8944
6015 3896
181 9320
4263 7187
4106 4285
1564 5170
413 6389
3152 5164
7441 1467
2058 2286
5873 3403
5941 5608
2506 9865
8226 5549
829 4731
3586 8616
4766 3371
9532 4834
3959 294
8221 3229
4213 2879
1523 2556
3530 8956
4689 1000
8314 7688
9743 3661
2750 8448
9367 4362
8292 9798
2425 2933
1452 6545
855 5845
9613 8747
2650 5654
3982 8242
4235 4952
541 7607
1323 1712
428 4610
8380 3126
382 876
8757 9910
8063 3795
5121 2287
8554 6729
8721 8855
2192 8486
8502 4852
999 4482
632 9716
6601 5180
4417 614
1265 4597
2595 6735
3298 2805
1150 3127
3327 149
1066 6777
7156 9572
2372 3126
7500 9619
9608 1971
2584 4072
1164 3222
5886 6687
3302 909
1624 6852
448 263
17 3754
3419 2616
6940 1271
9976 9914
685 2134
7089 6983
749 7635
3166 5600
6618 243
5329 73
9700 5529
6395 8858
1282 2498
1540 3423
5803 7786
1063 5081
6366 6549
5427 6220
9354 1735
1995 4463
6742 3772
5431 9967
5162 7009
7441 6123
4740 3816
265 9593
341 3673
7570 6720
8273 7979
1058 924
6163 9007
5686 7646
7462 4230
1675 4505
5661 5446
9686 4262
6364 777
8654 1185
4956 8205
332 6201
4955 6645
4322 820
6954 2758
5713 8265
6157 9003
4897 9092
6927 2338
1725 5013
6171 4061
6788 2737
4676 3442
4698 9616
7086 5627
2388 1117
1730 2663
7792 9017
8638 5575
2507 4073
2723 5714
440 3939
1829 3281
7808 7445
8191 9539
4236 7950
2524 8395
1917 755
3183 7549
8805 8828
1036 5157
2667 9780
8316 2239
4747 5948
701 3152
8932 536
3376 812
88 7952
9786 8461
2607 6129
5747 4787
2436 3546
9322 9518
3478 3535
5022 4758
8585 2554
9942 9812
5779 789
9947 7110
4623 3473
7065 3375
9309 9313
9378 6836
2880 5584
9402 8976
7327 4967
4556 9953
3652 7496
7331 8632
1008 5910
6226 1677
773 1626
1021 3353
5530 6352
6350 7099
4011 3015
6577 1492
695 6981
5223 1562
2912 7457
6375 137
3390 2343
4728 813
2204 5688
681 233
5162 6455
7818 3299
4169 6189
7472 21
2370 6933
7988 430
784 8993
8437 5647
1889 6179
9665 1871
8569 7605
7760 56
7838 1362
7882 2791
3533 3722
5355 7391
2260 914
9814 8471
8310 5073
9711 8071
2730 4149
1728 7983
6956 9276
7829 7537
4459 4987
5776 8114
5449 7547
5509 3405
3054 8102
3215 64
3574 7615
3850 7532
2478 4391
2998 8713
1387 7321
9835 1216
8627 1455
9311 7647
9137 7082
6641 4553
2533 2718
2306 2115
5538 4131
1175 3256
1615 5829
5273 8278
5383 1221
2532 3999
9753 6327
8811 2025
728 7954
6034 6126
4507 355
1747 6605
126 7306
4730 7799
6336 602
7993 3507
5875 5453
3157 4794
976 3183
6838 7915
1264 5262
4731 6504
6499 3185
516 5816
4317 6877
9702 4643
1908 6817
7579 7801
7540 9036
2175 6315
683 1825
4900 5360
3597 8362
4591 2210
6193 6546
8664 3951
3809 6298
6670 872
2654 5109
7057 5893
1067 251
582 8350
4493 3498
9223 7828
5745 1952
2912 6518
3446 787
627 8972
638 921
2005 8704
3746 1312
7695 5248
2283 6615
8078 9150
7898 4595
5267 4352
2672 1355
9619 4768
9926 5165
8216 8588
5623 1191
5854 6903
3185 3502
5351 3351
5832 2554
7608 469
5699 6040
6345 3328
7357 1127
8985 5210
7781 4748
1608 8761
6110 9198
6892 7703
5936 7322
1196 8499
3477 3008
9112 526
2269 948
7631 2623
8363 1166
9767 6080
3685 7722
5096 222
8791 8937
7297 3596
7233 9614
6210 8353
2869 1986
5457 373
6698 1697
8469 9080
44 9451
8622 1116
1737 3476
2459 7222
197 3635
1442 6912
9111 2775
