10000 6000
9233 8159
8288 7914
6093 8917
1223 5049
8143 6227
6856 8020
8337 5771
709 8262
4017 8661
5782 1824
912 5818
4791 8134
4068 1274
4982 1458
4454 4231
4121 6944
149 5432
7527 8912
3090 8231
538 200
2818 5091
195 2895
1775 591
6230 99
199 7217
3161 7140
4155 1540
4058 583
5282 9718
9654 5043
8403 4843
6307 2951
8078 8328
4999 6322
6180 808
3214 3706
2027 7099
5944 5798
3467 6146
1976 4452
7859 2741
3814 8052
2500 4381
6526 10
1477 938
7583 3136
7982 1101
1885 7266
1485 4287
4256 496
4436 7833
9891 6095
5336 6906
9109 8632
8980 3301
1931 1400
9396 7759
3724 6639
571 8613
7764 5553
957 1716
9346 2200
3829 687
9017 751
7520 9917
8707 9368
7297 7113
1449 7096
7451 2192
1420 6534
2330 2006
400 3439
6346 6801
1499 1525
8926 3453
5771 8891
9259 2230
1741 4411
9386 2049
8566 6272
2841 675
3822 2796
3019 9432
8944 4419
1203 2750
6156 9310
9069 7991
9238 2442
5814 3419
3236 8454
3103 7587
1635 9384
8813 8447
9266 9721
9180 6961
1541 7172
4520 7936
3523 9803
5906 134
7305 7586
4721 99
1158 1090
7966 391
3469 3863
4247 5707
6086 3523
8861 1753
572 6633
8054 7600
6384 1602
2587 9841
2325 5884
4843 644
1250 5797
4678 6484
1139 692
1508 1103
8040 3297
7548 567
629 520
6637 3251
3440 9259
4680 9918
3463 3133
7907 7383
5303 3351
4344 4416
9958 5302
5668 4208
585 7051
4632 2017
9022 2794
6732 5346
1492 8700
7447 6389
2398 4861
9144 9602
9541 4670
832 4515
2147 8516
3125 3942
3016 9591
2961 1214
8472 436
9649 2611
6282 1244
7175 461
8043 2339
1977 8012
3561 129
4319 9251
3737 1300
7016 8617
3090 8828
5478 6199
8048 6734
2893 2748
4433 6818
4408 4588
6475 3109
869 636
6964 4296
4740 1784
3017 5503
6987 1102
6120 7570
2869 5041
3493 7903
7422 1606
1113 166
1641 7258
4174 8876
5482 5850
8948 5257
5885 121
2960 8922
8573 5486
264 6383
8765 4531
680 1326
6931 6535
223 62
6968 9725
6323 7021
3369 5083
1305 4587
2553 7388
7854 4349
7981 926
7265 554
6990 6725
7510 4609
699 4214
1972 2226
5092 6701
9000 8096
8416 7559
4048 2149
1144 1897
6881 8510
1081 6759
4594 2011
6822 6893
1711 7809
52 1034
3878 8391
3693 8432
205 1820
1053 3942
4474 5535
5528 8006
8569 7894
1922 7183
155 1160
6773 2180
6801 9667
5855 5402
1205 3446
5713 8750
9873 1480
641 8861
8949 5040
3769 3867
3941 4538
4950 6765
9 1544
1401 2430
2668 7887
1145 5614
3086 1686
6336 5326
1922 1179
8170 8245
9248 4781
6233 4302
2772 9074
2739 8440
8141 5683
5026 4453
6975 1452
9283 4923
130 2733
888 838
3744 8475
102 6308
7243 1695
9272 8199
1508 1062
3946 9415
7589 4719
4974 6077
201 720
5562 3657
7278 4642
7560 702
7450 2352
8502 6576
787 3580
8292 9661
4325 3562
9688 6865
6848 2099
7261 992
680 2852
3935 5248
5331 8796
4497 4620
895 6545
2903 6514
9689 9580
1516 230
7238 5576
3534 4957
9294 5847
5101 6851
1692 5245
4319 3797
7264 7107
671 4456
1309 8629
5689 3888
5291 2773
352 842
4566 5206
1049 6386
2397 9745
1021 733
9524 2035
8379 2065
5138 9709
963 3576
5076 1331
8140 9169
5560 3470
8911 3215
611 3530
4905 5384
4076 2520
8349 1431
6718 6029
4768 4826
3002 7297
5531 5636
9714 7874
5037 5164
2159 7230
2487 4173
8221 9964
4717 6772
4602 9812
7211 9301
6570 3826
4350 7159
6726 1559
151 9523
5320 3304
8940 8969
8928 8573
6407 4282
8770 8003
3413 5839
5654 2091
4439 3329
4775 3129
8996 5855
1685 9861
3014 9707
7795 1901
4344 5405
6713 2753
9935 5710
6771 6310
1646 7598
1504 8596
3056 3360
9059 4920
1714 2889
5814 4323
8613 8772
2402 5288
4337 1040
1433 7666
6445 928
6604 764
7672 1562
2005 7543
8979 7017
7647 6391
2485 7324
840 1734
7126 4292
4918 6912
3188 6329
5727 1334
2257 7734
8367 4251
1314 4089
5334 3722
2706 5108
2984 5694
285 2559
4187 4999
8197 6371
9516 2860
49 2640
6586 6948
7385 552
586 5580
5371 2930
4609 9732
2937 3496
4669 3506
1849 889
4173 7693
9683 1272
3972 2355
6551 8171
8106 5859
6308 9740
4395 6356
9634 7580
8022 6765
4793 7563
1518 6010
6616 9441
3853 4398
8671 5145
9372 1147
8597 864
45 9739
5107 5994
6993 3771
8534 6750
3762 8539
2033 5
9243 6447
665 7582
9882 2449
1479 7085
6853 300
8922 7016
2466 5234
2466 6217
2605 8216
2150 3103
6038 7781
2751 9692
672 6342
2795 1816
3988 4989
8283 8349
6876 9757
9716 8793
5608 9952
5506 991
5372 6721
7777 3814
1040 9826
7490 5752
943 2568
6140 3796
9112 4538
2216 6157
8240 9733
7988 9898
1822 971
3457 2388
3902 7535
3830 5818
415 2570
8538 2048
8325 3866
4797 7467
7815 7406
9536 5239
6722 6187
6680 9585
5396 1770
6559 9054
2994 6327
2947 6642
962 7779
7350 2218
7266 6932
5500 4451
4479 1968
7584 80
1247 4181
6527 9367
2008 3892
2123 9861
7606 4257
2553 6294
25 9973
1875 7981
6516 4700
8936 4450
3600 312
6551 4431
3046 6892
6855 3155
1065 3201
434 7807
9706 8740
2438 715
3474 3894
8339 8770
8155 2155
5903 2209
8583 8860
6741 7228
4056 7525
9425 5834
8102 999
2182 8228
4413 3975
2568 2618
6396 3901
3122 7342
5638 8134
5282 2566
8133 5955
888 7070
1730 5784
7115 3636
2014 7694
9315 4331
3229 5233
7552 4072
6246 9154
9826 8824
3348 6246
5710 7688
6648 1957
3296 8539
452 5548
1715 8136
1073 5691
5627 2778
3098 6344
155 8654
3535 8539
5743 7928
1891 8864
8260 3134
2463 9720
2587 923
8253 2023
8026 5806
3149 3399
7194 3928
8355 1924
8538 1042
8791 1247
8826 357
5795 1419
1841 1375
9417 4755
1800 8165
3275 8130
2845 8395
7201 9305
3681 6254
4390 5884
7482 9803
7819 5829
8226 7269
435 7200
2838 5779
1973 4350
6999 8159
7102 5074
4157 920
3004 8247
5151 4753
4308 1463
8876 5008
4892 3637
2789 2783
4130 7317
2544 863
5059 3407
3063 7072
229 6367
7095 490
7534 4056
7474 4184
7642 9692
3837 2632
5561 453
7042 5260
1102 7008
1423 2747
7537 9197
4390 9344
2574 1936
443 1258
100 5603
2441 347
1527 6834
4781 1962
9551 1133
1257 9537
6679 2617
8547 895
8190 6560
7491 550
4921 1932
5080 1742
3791 2800
7156 6545
2492 5615
9627 5741
4606 9283
9369 245
4955 2535
6761 8336
4377 1997
3822 2633
5317 3066
6270 829
861 1685
9873 1648
7446 2651
2551 888
5334 2462
6287 6992
8650 1841
3265 3287
9682 1726
1333 8798
32 9216
8442 1598
2829 3305
9376 8656
8740 45
2222 6034
7093 6373
1437 4569
1539 2606
250 5017
215 1367
9576 8175
507 7271
5244 984
7359 1156
463 3831
455 8044
9344 9011
1594 8528
9695 5750
1381 4212
9523 2527
9687 3953
405 3889
515 5652
9811 8242
4016 8828
622 317
8924 2671
3740 3120
7717 2517
1495 3631
5567 5436
6411 7023
8065 435
1436 1148
7735 4911
5502 5459
5585 5128
8315 9512
4227 125
753 3202
8403 9292
3089 5002
543 6507
3937 832
5716 2946
1307 5830
3415 6462
6476 1810
6928 7616
982 4992
4906 8556
5950 286
6965 4315
4206 8431
9764 9737
8036 2057
4240 1767
8834 9447
9826 4458
7180 1271
7181 8698
1165 5276
914 8660
8562 1789
8601 1081
2221 197
367 9565
963 3345
3858 8
7839 1141
1927 3096
6269 2839
8325 7406
1695 9106
552 8508
3628 3781
398 8381
4284 7538
2397 3341
4125 7119
331 3421
9985 4024
2277 3249
4526 9563
5721 2113
6124 7818
3579 4011
4331 7373
5220 1823
7594 8509
1678 146
1345 4410
8009 3740
5288 2950
650 1370
9533 4600
119 732
5315 5323
1100 9096
1757 3388
4392 3717
7479 319
7153 401
5902 4618
1068 8444
6882 7320
678 1419
7531 3383
3118 5798
9905 3019
3624 6153
8307 2505
4219 3479
6945 7388
3236 98
8322 5476
8689 6629
5759 178
9239 7498
6854 1342
237 9252
9672 2833
3662 519
1339 7515
171 3003
5144 8718
1383 8684
1070 6353
4393 7949
7325 6606
3229 2864
1372 2612
7731 7791
7109 2469
4751 6967
3251 4857
3799 6456
8362 2202
7961 4774
7055 8822
8850 2971
940 608
823 6946
7854 3407
8848 8382
9015 6606
4248 5105
6588 6890
5039 8661
455 3687
3992 7735
854 5404
3931 4374
3178 9202
7460 7129
5898 1064
7026 7734
6365 3026
1209 7772
6115 678
1168 3914
1325 2110
2372 8933
433 4216
9907 6454
6599 1385
5138 5050
3870 8917
2872 9168
3287 9609
8481 7166
4409 9106
3115 5149
6076 4403
7084 1736
2414 2067
7562 3201
8001 8156
4433 573
7627 6542
3329 6131
9700 7657
9758 9760
859 3831
4430 3877
3074 7376
334 1304
9837 4563
5982 3663
7512 7044
4672 5352
5230 1544
701 5620
4594 6427
1984 487
3098 8394
5113 906
9006 7753
9675 4729
2350 2143
1774 6198
5770 8309
1790 3348
9943 3755
1690 8524
6481 99
5670 1691
9539 516
5161 1090
8928 7672
9184 4373
8974 2558
9193 8365
7446 9049
8377 806
182 7774
8743 4673
8143 2394
7534 6371
6150 2891
2255 3781
9559 8866
6140 8466
3501 1751
9422 2572
7180 2292
9553 6726
2264 2217
5683 6827
1931 3223
3208 9798
8035 5685
2984 1400
7057 1743
7120 2678
7611 7953
1389 2200
9882 7424
6468 2107
4717 721
6925 8768
6709 1184
7571 6379
2055 9803
3286 2372
9325 5717
5369 2665
565 9203
1780 3707
8560 8098
5266 8972
1988 5247
7636 1799
4203 4893
5309 4136
3458 275
37 6448
2891 3179
1718 7411
6603 6389
6402 2425
5980 2434
4058 3920
9404 5577
7832 9192
5853 9525
231 3686
3 1476
325 6514
5497 1914
7864 7224
2380 7308
8054 3211
7406 262
3019 4765
5588 8422
6535 7417
4729 1022
2893 9882
3849 4709
7974 4529
2343 663
4700 4802
7223 8545
3039 6967
1460 5238
5971 9996
7932 4412
9488 8097
7311 6015
193 92
2259 4478
550 1764
6403 1289
7778 1927
6939 9369
8093 6501
4574 9896
5715 1426
1376 5460
9091 4872
5005 1681
7936 5858
6480 7556
1620 531
8668 2552
6776 4189
647 5325
5390 4922
2666 196
6487 9959
3906 9284
7453 4804
4402 2520
7786 6677
6111 1999
4271 6164
7698 7659
8431 3420
8762 9411
6641 8815
5687 6176
4849 3042
6128 1539
8959 6332
2078 4110
6462 4634
3183 6807
8535 5166
1972 7160
2356 5003
7427 8369
6965 5867
4101 5797
3230 7145
8377 7512
311 1048
2512 600
5067 8986
1919 3121
3561 7369
304 5751
9078 4001
9937 5808
7385 6532
7027 2519
5182 5685
3708 4603
3668 9133
9734 701
8799 1882
6302 2790
5622 3947
7173 4558
3430 4789
4418 2550
5645 2289
2175 7727
2768 4859
4280 3233
9461 3749
4927 2917
4890 4946
8714 3291
9724 2539
2387 805
1009 2653
5127 9962
7471 4505
9256 3876
8130 5411
2747 1634
7130 116
4667 8727
6394 6632
1780 8713
1274 3425
3704 115
6118 5330
2510 6323
990 308
8254 8541
3572 5460
7702 3286
8256 4851
808 1737
4095 677
8634 886
3744 6611
6468 254
3142 8185
5941 6616
73 744
4591 9184
7605 8965
5575 4850
3272 7720
870 9379
9528 1054
6426 7561
1020 1512
5829 9054
3422 4410
8701 8433
3039 4861
2651 6116
435 3661
2940 9919
161 7995
243 8364
3764 9980
3333 4889
972 104
6379 8585
5694 9884
9268 9091
512 6696
7056 8433
1070 5666
9558 7571
4680 3538
655 9898
3889 5460
8520 3117
3586 1545
6548 1239
7445 406
7624 7334
506 2915
5774 8702
1109 4828
6002 7428
4366 1572
8776 6388
4943 5102
5444 7100
5562 5666
1504 2910
145 3374
3466 4146
5436 6530
8339 6097
6166 8467
1025 4043
2240 7849
2269 6354
5069 2576
3238 589
5860 7723
285 9270
3826 6284
1207 8412
4085 6270
5998 2802
3714 60
4880 2766
9487 4998
5198 1563
74 227
9886 6039
2384 1882
3194 86
4150 4807
3823 7533
7732 221
6751 392
3606 8750
9471 212
6281 3909
6010 3333
3268 124
6204 1474
7196 102
4535 2116
142 1734
8978 9371
6729 8742
6213 5881
6657 4354
9486 6164
6078 4986
1791 7400
6907 4643
8845 1747
3943 1639
3427 6984
39 2816
4093 4077
7058 1745
2861 1468
4436 2893
9466 8389
8571 7470
7516 9115
2829 111
6417 7491
9232 3267
3531 8232
6001 9676
992 6250
686 5780
6393 9370
1468 9288
5251 2767
3953 6807
2305 8452
2602 7783
4567 3847
4807 2465
1745 9068
1386 7728
7562 4377
1212 5142
1317 4375
1816 4312
2424 1543
142 9517
5612 8154
353 9538
7167 6216
5194 1593
9809 1115
5715 6981
3690 6497
3916 1711
7011 2557
9929 8773
6376 1029
2001 821
9677 8118
8433 3703
582 3532
8296 1040
5917 1579
2072 6512
3807 2393
9243 1589
9247 7681
1356 5797
2594 6353
7274 5945
2450 684
5064 6748
2572 6554
9840 6256
8737 6387
3883 2313
5672 6472
3114 2768
107 1082
8801 6081
9381 1856
1174 7101
5547 998
2198 3801
1120 1769
1793 7501
2510 6331
7753 8903
7140 1397
7815 6805
9347 9584
5814 6494
6816 4667
5190 4554
1350 1273
1546 4309
9377 9984
2267 6304
931 1306
6018 1376
4370 4823
9138 6829
7000 3658
380 5428
6290 8952
4712 9654
5986 9532
1283 263
4654 1414
3371 1360
7790 4071
1845 1421
7633 3414
920 5967
1545 894
1759 4874
2394 9262
3963 7897
8015 407
7711 2278
5861 9218
4786 2562
2094 3240
305 1859
96 4567
6570 3824
8676 5124
8193 6439
967 7347
6255 9816
3900 9105
4494 7272
4263 9883
6062 4095
1123 3140
5524 2314
1406 2099
4230 4729
8184 7138
9232 9730
1608 3808
3361 5852
4262 176
9582 2037
2114 6008
5711 2317
348 3795
2221 425
6761 1600
3243 2785
7493 5696
3930 7394
9963 3579
1938 6268
1023 2124
3568 4548
117 2881
9698 6228
5031 9916
5229 6791
3202 916
4120 7789
6137 8453
7662 8621
4465 9868
304 5438
852 1515
8497 7164
1566 9595
9576 9834
7075 8549
6145 554
3639 1384
5708 8134
7172 4263
1149 6059
3368 8728
3802 5449
8868 9269
5264 2948
4974 4527
4159 7782
4512 8390
9593 4427
3382 7858
6599 5699
3236 7806
2436 4115
2814 2775
8352 5444
7279 1329
494 3763
2834 2690
9926 7247
620 6101
8580 8687
1248 9353
8935 9225
7193 7472
6419 636
7364 4064
5919 5735
643 7253
7576 6751
9515 2701
4924 7581
8310 698
7648 7934
4514 2852
267 8401
7201 6629
56 3389
4055 2331
1720 2792
1343 9305
8014 2033
8246 3254
1025 71
3006 2956
9981 8911
8253 5978
4002 194
827 4355
7252 3484
8952 9325
4137 5151
6035 4547
5390 3678
7604 7140
435 2306
8467 3985
5226 3960
3150 7714
4412 9217
5224 4402
7780 2113
3236 4063
1601 1969
5534 5419
6345 9326
5202 5806
3585 1031
1939 1249
6197 5266
3702 6772
39 4551
8068 4425
6775 9908
9515 2982
8976 7831
4094 4344
8443 359
9041 3035
1754 6060
8061 7250
5231 4322
2594 6037
481 7947
4544 414
1470 9306
3533 8699
2644 6280
210 496
1686 4962
1262 9634
2445 7065
8881 6268
4180 3281
3266 1278
2636 3202
2138 2265
5078 2026
6935 4948
6443 2106
8890 426
999 1108
8761 6826
5146 7908
462 6406
9894 180
9077 3508
4372 8629
9810 8512
1119 2765
1737 9416
38 6948
132 8542
2510 1174
3841 9082
8911 2052
2625 678
1346 2098
9211 6992
729 9898
3878 5611
2023 5304
1522 5822
5380 8861
9072 1267
3546 4813
9877 1977
5835 1600
6924 1395
776 1284
5953 6087
5579 6281
854 6880
5550 372
497 9917
2402 3325
8268 3647
7514 9409
661 1039
5837 2848
3739 2757
8823 4880
3783 6738
2632 9304
672 8295
1715 4726
6054 2492
2865 8250
4776 8506
1340 5544
2606 7073
4708 3722
9456 4579
1213 8684
4828 5271
9231 2334
84 1879
7109 9398
7486 7250
3103 5035
8258 1723
1040 2235
8816 3112
4048 9990
4279 4724
1850 5328
959 2461
5679 1987
3920 4886
9410 6347
7321 2214
7787 5608
2890 3224
1620 7679
2874 6169
927 2937
6097 5118
653 51
1167 7163
7112 973
3828 3932
5642 3019
4245 9904
8772 1559
8878 9273
680 1436
3290 5661
9024 1677
9725 2216
8261 6732
4715 9080
312 883
110 8895
8316 4975
5699 9333
4457 7743
7821 1236
891 1290
4097 5562
4210 8294
3641 4490
8480 5954
5794 4811
4974 2253
3549 2503
3398 268
5793 1262
2826 7800
119 5521
8940 4525
3277 3015
5540 1757
9236 5899
3438 8539
9842 1803
5577 2849
417 779
1241 1690
1534 9984
9045 9112
7467 5206
4393 3183
4429 91
9830 3832
6654 8833
8397 3023
4220 7104
6776 9366
8600 2401
2113 5184
6777 9220
7577 486
887 4907
307 4742
8864 9757
4246 3838
9301 580
238 4950
622 7695
9627 7747
2978 3921
8640 741
6912 9296
7093 7690
5914 2007
8902 3864
6948 6100
4467 6375
7625 4282
8478 3348
1990 2928
2415 1200
3294 6113
9747 5791
132 9643
7001 7162
2756 6784
6468 5037
5562 8775
9932 5753
1865 9019
2156 659
6789 7179
4213 2883
5177 7881
9498 8695
8499 3723
9794 7885
5011 5133
9562 5820
5423 4397
9088 3852
4194 1710
9241 4169
5065 5654
6428 4212
2516 8783
2516 8866
8123 5433
3761 9147
2102 8535
2472 4428
9828 8158
7823 4182
2181 1337
6722 4652
208 3847
1601 2425
2638 5051
4799 6488
9933 619
3828 858
4654 7651
5916 436
1670 9823
423 574
1313 4340
71 3749
2251 6983
9732 5209
3189 6932
7691 7232
598 6489
8267 1377
9639 6456
4135 9978
1254 5129
1991 987
1892 6581
5110 6441
4887 8524
1797 7548
7449 8160
6407 4689
9863 9704
3827 9720
2546 1806
4374 5014
2289 8001
5790 6821
6030 4612
5424 1520
5124 157
4578 3096
3848 9559
3425 9921
1469 4288
1709 7445
6878 1964
4888 2640
6152 1920
7179 3666
6636 7831
9825 4816
146 8433
9290 4852
7937 2591
1658 8264
3224 7416
6151 4703
3833 4296
4590 8845
5480 3564
8414 9049
9728 838
4267 5730
4750 8319
8573 2311
1412 5680
1502 6830
8167 6888
176 3694
1298 5962
3093 1268
209 8315
3829 8418
7815 7736
5899 5659
8504 7998
744 7497
4431 352
5631 6728
4474 6709
9015 3080
4825 6200
8669 6510
4002 6614
7327 9379
9824 9539
6033 5204
4351 901
5692 1040
5538 6695
5658 7742
8014 3096
3964 4708
3724 2570
9860 1873
2699 5811
7867 148
7163 9871
6908 4962
3843 9772
2583 7316
5387 3964
2671 3526
8947 6615
7501 4170
7819 6534
8170 2163
5673 985
7193 6810
8182 1154
9547 2173
6545 9096
3688 2363
1114 9077
9405 2233
4440 6360
7704 8272
9300 6708
8558 6780
8140 783
5062 6766
1777 9428
8700 5115
4969 6322
127 6012
6221 282
9234 8764
6188 8980
2463 2637
6487 2203
9359 483
8211 8797
7203 6375
874 460
2927 7157
9866 8383
6185 526
2116 8401
4590 4439
5806 7777
5950 7816
8898 1329
9419 127
7469 6280
7966 666
3873 304
8066 448
1795 1976
1447 3817
3645 5154
5152 7393
2045 9206
5797 1721
2644 8622
6114 9142
3801 8040
7030 3888
6612 4391
2949 6549
7283 6242
1959 4947
8472 4932
4055 8321
2040 4138
1748 4039
7501 5208
2163 1905
3030 1493
3099 2320
2082 3930
6583 4137
1048 6342
616 8020
8691 6813
5441 766
5054 8180
2313 7335
2476 9319
2300 6357
6530 2276
5931 1264
4299 2973
3223 2355
387 1514
954 7409
9837 9557
3518 2670
4126 1084
4051 5794
4223 3010
9038 1850
9822 3470
1524 3223
1133 4106
51 4380
1250 2389
9322 6964
1014 4146
6316 6169
102 9975
402 6686
8485 1567
469 3559
4520 2824
7415 8060
504 7526
7627 9962
2036 8782
8697 769
3020 1980
3676 1031
1591 6429
4035 2707
7982 7494
3811 9731
6655 9355
4163 9239
8971 5720
8638 8419
8999 3356
597 3777
4319 9929
8779 8941
847 4534
8919 9927
2008 9149
1045 7492
9537 8189
965 766
2931 6969
683 5743
3052 9718
4189 6282
5837 9681
4056 4242
9020 7783
6108 2193
9123 4956
923 8979
2735 3733
6398 8360
3522 7469
3312 1493
7313 3684
8737 1875
518 5819
7252 7583
3311 3945
529 5785
5597 5049
8452 4741
6038 8266
9068 1581
8004 9774
8317 76
8596 4827
1758 8788
4152 9645
748 9641
5573 738
9141 5925
870 9036
2206 2402
4311 4291
6494 7427
2186 8848
4192 3131
3686 5107
4293 6883
1075 8927
1952 4937
2703 5208
7384 7532
1644 8172
3497 3905
9295 1495
8739 1793
1219 4301
7866 1624
7508 2964
1636 7672
2405 3175
2270 2324
6794 7156
8616 9733
3630 5711
660 3017
2431 4397
7899 1918
1581 746
4232 5100
1839 2851
5562 1912
6957 5437
6886 4258
9943 1708
2548 7656
1724 9453
3229 3056
2964 6092
4147 482
4551 5710
4249 7132
1876 41
9383 6349
699 8199
8055 2698
1843 6487
2539 7019
5621 3020
9365 159
9374 6652
5228 2772
3041 2626
5374 4272
6931 2428
7816 4395
1022 1757
1728 7458
2734 4700
1644 2454
3239 2116
4248 9163
4669 9490
1972 1465
8426 2762
7316 3135
9147 659
4302 9019
3891 8038
3055 3763
6520 1618
5783 6015
1601 491
552 7644
158 135
6027 4682
9840 9888
4907 4575
7868 8245
7287 5347
2972 8760
6164 8882
9486 6481
6425 1293
6899 9065
3858 6585
5057 1616
878 9486
7074 7401
2513 4297
707 2008
9251 6106
2774 4555
6078 103
9984 878
4995 8775
8747 6949
5238 9640
6197 1206
2814 1146
3280 5836
6694 4418
4960 3238
9519 3272
1568 2229
4124 1145
445 8833
2212 9301
8009 2069
9427 8466
7177 1487
7449 8695
56 2193
2697 1922
7986 1235
7836 2339
1049 350
5948 4462
5204 3874
5177 2557
9163 8545
7831 3020
3116 3762
7694 8843
8057 5551
2505 4944
4936 6167
7192 9154
1314 1277
3950 4751
5220 8966
4723 2951
497 5407
5042 7086
141 6166
9116 2286
3972 6508
884 2147
1921 1321
5170 8381
1015 8296
7920 1265
3820 4598
6655 4681
1385 8695
7715 4351
9883 1890
7219 2918
8533 1680
506 4545
6876 9328
6249 8538
8857 1574
6578 9069
1963 8584
62 8698
1874 6192
9209 3174
7173 749
9745 1962
2061 6225
9370 691
4552 420
7772 800
183 1856
627 3816
3072 1443
2959 6913
9228 2048
2658 6298
9002 7774
4709 946
2139 7287
3842 1566
2084 4506
9579 2903
2335 8090
3314 6170
3082 5421
3439 9094
1382 750
8222 4449
5497 5020
3294 1012
3036 9
1699 2570
4510 1163
7412 7349
1472 7934
7837 9417
135 4095
271 1631
1806 3027
2715 5332
593 7358
9291 3623
1202 3405
4761 1326
6919 5965
7814 2625
7754 433
1044 8974
5592 5503
4284 9492
1875 6724
7210 9080
1264 4524
7180 9635
3130 3450
598 1185
3965 6966
2496 4323
123 4506
2134 7310
4619 2357
3895 4074
7861 8136
4360 3557
3207 3611
8222 3165
5731 3689
8439 8617
7838 4383
5234 7601
83 4337
9938 6881
8238 4886
6863 7963
2610 2871
7236 7297
1924 8708
7074 7391
2301 191
4716 3871
7019 1966
6777 8322
4096 4045
6902 1182
7746 858
2769 8699
4554 1784
5471 4389
4741 6732
6854 7085
710 9043
5844 4296
9218 4970
3318 238
6642 372
5282 3532
5860 888
7950 755
907 9601
1046 1415
5323 3356
2762 6576
3437 3981
6301 6524
3905 7914
9239 3483
2375 5262
1444 1538
9221 4648
2740 553
3012 5849
7081 3357
5475 8010
5019 5102
7827 2308
2375 1250
5849 2757
6860 3584
2191 3634
2653 950
4290 7039
8914 708
2965 3657
5126 767
2493 2365
4762 8623
7204 8430
4721 4065
6087 5538
1730 5093
1080 4246
922 4753
5052 7014
2631 6524
4781 342
6765 1876
8825 9420
7669 3849
4577 6562
6921 1599
2123 1673
7850 1536
3009 3089
8570 4504
2368 4226
9346 3383
4474 4903
1901 2787
2068 3454
5643 1443
793 3913
271 6021
6069 7055
738 7224
3578 5723
6014 6899
510 4540
6499 717
715 7940
1493 5650
3374 6218
1644 7956
7385 8104
9506 4936
7778 909
3801 1333
609 9627
1235 313
7334 8554
3192 6403
1744 6596
4595 298
7767 5191
1173 8196
6403 6326
6353 7808
2162 1256
5806 2413
6502 8007
4297 6672
4997 8579
5440 7218
1896 557
103 9152
300 1740
6983 1369
8468 1531
4362 4916
884 4009
8337 4503
9688 6999
9582 3329
1755 9870
6010 433
5360 1671
3424 8924
3517 8112
2512 9963
923 6814
8589 7162
9335 1621
2943 4955
4916 6050
8530 8081
7175 7474
2341 5125
5914 8584
1053 245
7801 8843
2495 4096
9800 1285
3353 2459
7786 2517
3753 2383
2779 1438
5124 9368
2808 7254
4769 263
6866 9928
3276 8914
3791 2178
7284 9279
8985 5896
8380 8540
7437 1071
3581 9898
7292 83
6371 6445
125 8305
3612 3822
1145 6349
2477 6313
4158 8558
9884 1471
8397 9613
7382 549
701 3738
8427 2660
3461 7047
253 5895
5381 3546
4677 6736
3022 175
2702 66
3205 9220
8040 6504
1796 4908
1510 3085
4809 6237
5120 2403
9494 5458
914 8316
9983 4233
7643 3700
8159 7941
7007 5253
7891 7965
8086 4144
6845 3660
8555 1419
3202 3167
8909 1966
4893 3226
4401 9093
9770 9315
8174 3057
7259 2997
1679 2583
8343 4191
8677 191
5606 9027
4291 5478
4582 2007
6112 6044
1177 9575
7656 7575
8821 2769
1755 2319
8946 8055
1453 2432
4144 7969
7956 6523
2910 5384
7902 5508
5812 4396
2104 8837
9210 1503
5351 1562
1103 9336
2419 660
5747 1970
167 3398
9516 5466
2291 4987
9541 4372
1802 7310
6347 6150
2340 3120
1423 1483
2045 8693
9798 1473
2308 7351
6716 8860
1901 5490
2780 3249
4560 7686
938 315
8328 345
1225 1578
8132 2706
5253 3887
3145 3583
6843 7698
7614 208
6860 8236
6238 8233
7502 6365
8442 2180
8650 7463
3653 6781
1007 9456
7126 6148
5854 1413
4633 6014
3004 1906
8894 885
9267 6618
7369 3203
4289 5813
4016 5483
3287 6669
4032 3521
6667 4592
4441 1900
2518 6833
5197 6123
6567 5047
1381 5421
7151 8253
6204 2599
7443 4352
3122 371
6189 9316
218 9531
1883 1792
9036 3458
7855 7037
2100 3179
3597 746
2897 1360
6464 7995
999 3548
6197 3926
4973 2177
7565 1988
7888 7204
480 9878
6430 3260
9125 5902
5500 7094
5211 8209
6113 580
1140 1772
5960 9
4660 9212
674 6190
5686 1380
3170 6337
9511 6235
2847 1633
5081 4939
7109 9123
7810 4692
2948 9936
3066 9750
1712 6788
289 4635
9103 3393
3110 3131
1774 4698
8545 5349
5693 3144
6442 381
974 7241
5631 8328
4586 5100
434 6913
5004 230
2361 8984
435 4784
7821 9854
7140 7862
4299 9515
8871 6585
9078 1896
4821 3134
6083 485
8416 462
8331 148
2331 4628
8012 8748
8366 4546
7049 343
3219 4108
2917 4884
6108 8714
9180 8182
3962 9803
1003 2306
2151 797
3443 2117
1230 710
6906 2892
7901 2318
3913 1467
826 6450
2623 2983
7435 9395
6028 9371
4604 5253
3543 1847
3709 4017
9897 5372
1938 739
4256 433
7137 9244
6381 3521
4103 4721
2710 4171
5780 9962
2565 8945
2522 3556
3510 6553
466 8992
3309 3679
8295 4097
3918 7953
7672 2322
9971 2754
6506 350
7130 7975
4148 5750
8052 2125
2450 3455
6807 3985
1827 2017
7293 4166
5227 6985
3907 5507
6353 1783
9339 242
8450 8321
8954 883
6572 1038
123 1207
9156 3596
4282 5125
1297 9243
7945 8008
3358 960
302 4462
7228 1651
1651 3515
381 9569
3877 1604
315 538
7222 8549
4287 4676
6636 6587
1706 22
4575 7179
5183 9918
7358 6665
9015 4188
5499 4082
6652 2549
3482 7971
46 9088
6758 2623
9921 4524
669 8140
9149 2137
5855 3926
477 922
2018 3307
8176 6185
1905 5534
8059 7027
6200 2309
7654 5800
8010 6763
7658 3420
412 7262
329 3865
9767 8050
694 6043
9417 7644
665 978
1381 9575
3212 2980
5534 5715
3264 4552
720 5761
9273 459
840 4168
2654 8799
5526 2403
3178 6808
4322 3185
382 9837
805 3412
3692 3341
315 7618
4125 1255
1608 775
7165 7344
608 4001
4074 113
1260 979
7896 1735
4764 5539
9087 2834
8416 4491
5387 7382
8510 9771
5996 60
2736 9253
7172 6738
9394 1968
2187 839
904 7143
3214 5072
4294 2935
1900 9750
6406 9748
2680 5830
102 1396
9034 463
8951 290
5710 7047
687 7261
739 7415
600 3414
1628 5834
2767 9238
3843 3906
7670 7269
7121 2755
8610 3204
5368 3078
8621 6644
1529 6296
1365 7133
6910 5384
7179 280
945 7052
2454 1461
211 2797
5357 9350
5414 5494
3568 3826
3859 9337
1456 3907
7318 8474
7075 8376
1212 114
1569 8980
4748 8205
9465 4381
8107 7228
5021 7694
5062 6964
97 9957
6396 270
2464 9414
1554 869
6551 3222
7405 8667
2248 5584
9579 1092
681 3988
2619 6504
4818 2051
6352 5093
2851 1572
4114 924
8139 2355
4844 3744
7362 844
7807 2346
1472 4724
3550 1287
2643 5905
3616 6600
5374 1149
9090 2752
5732 3239
7906 4922
1361 5393
2373 8049
1969 9971
545 5494
4839 7703
7556 5246
7656 6843
9035 609
6573 4866
9836 332
1045 1219
2589 4720
5840 7688
9226 5153
2309 8049
4611 6839
1005 4575
2379 8128
3605 7673
458 5644
2608 7274
860 1648
9059 3712
7168 8244
5608 6751
9387 3461
6699 3004
6706 803
624 7843
8019 4100
4731 2098
1213 3456
2838 5355
5811 2002
4847 5302
6492 1565
7079 8556
8102 7813
660 1181
9407 8402
8896 4107
6091 1921
1639 4829
3121 2642
1165 9133
1326 875
5382 2906
5344 4019
7068 2167
5195 6888
7085 6298
584 5338
4171 9534
2497 1949
7626 1553
2503 3707
884 55
3500 4768
1448 3125
7433 8492
1271 7703
7337 6597
5367 4266
8012 9266
5120 9522
2293 561
6161 3078
8237 8498
8171 4895
2878 8441
1381 4093
6520 640
4199 8706
2895 4210
3295 8180
3131 9874
8063 8111
9270 3218
8524 5553
8626 8172
3441 8509
273 8653
5050 4425
4235 3076
186 6719
1339 360
6373 5999
3554 9087
6886 6300
6499 3896
171 6667
4261 354
8052 807
3189 1634
1767 6384
4161 6065
4863 1382
9533 6780
6104 2259
8050 7923
2757 5743
3770 4922
7627 8745
7750 6826
1523 5861
8184 4865
1819 5928
617 9326
38 4670
1172 5430
4967 8149
3705 5234
202 4223
1307 8031
8012 5028
9362 7500
3902 3310
4602 6767
8502 6155
5314 193
2141 4078
7534 7293
8370 1181
3446 8997
7205 3077
6629 7853
2973 5250
5546 382
1155 632
6506 3124
6613 2941
7196 5553
1156 1932
5516 9272
502 9571
5832 2978
5828 6805
9702 5020
5389 5274
5292 7143
8482 9898
6599 9399
1928 2758
3381 6757
2793 143
618 8125
6371 1548
2511 7377
2567 9049
8222 8852
267 8323
8536 6207
1337 5388
207 9119
1774 7181
5372 245
939 1423
634 4197
7704 4209
6457 8919
3276 5766
1132 2090
9254 9476
9307 2188
4295 7637
1218 2963
9045 6313
4528 487
3594 6659
7145 53
6355 1672
2053 8206
6514 4467
2638 4933
5517 7444
1398 5269
9100 7596
5743 1721
2478 8034
7969 866
7237 3569
3175 7029
6005 5768
3634 986
3737 7432
5397 2670
1935 8842
5463 2818
1911 3895
4276 8105
3719 8141
1036 1358
4778 5297
4579 4652
9884 7783
7647 7588
4416 9004
5438 4282
2314 2429
5357 120
9622 2429
6321 7354
3855 8291
3138 3905
4568 7961
2939 7936
6183 334
668 2722
7733 7189
7256 1458
2047 5652
2231 7089
1592 2214
1957 2483
9557 8298
801 6386
799 5985
6367 4122
8565 7923
9991 3403
871 9419
7011 2075
3436 8775
6245 4481
4381 5081
4895 891
4487 9816
777 9609
4861 7696
9710 4367
3332 654
1775 4807
7750 3700
3454 2365
1840 6843
5797 6017
163 8348
6317 9945
1478 1542
5159 8556
2946 7212
6983 9944
2837 2420
2067 4716
8208 9960
7064 5919
3625 6761
5926 311
3930 4471
8351 563
6208 8522
7788 258
9516 8893
2184 6314
9077 7501
3714 2658
5301 5470
2512 1031
6664 5878
3063 3067
4432 4000
7252 7697
8067 8523
9942 8899
7659 5609
4769 6892
3029 2720
1324 3518
9299 3756
6884 4446
1770 9499
6743 35
2117 3375
6506 5098
7136 1472
3556 5973
5341 6712
3008 9255
3059 741
5983 5978
2889 4378
9188 905
1456 318
1734 5990
2055 3579
7137 9893
4228 1760
7717 3615
8162 8512
7013 769
3885 4769
9530 6970
5560 3214
3486 6080
8039 1526
1425 7580
8981 4138
632 3657
2080 1922
9241 5129
4488 4361
4975 8288
6099 7213
1948 7207
9020 848
8754 7786
2479 8762
185 90
6863 8244
6013 5292
2209 4398
9149 6873
8302 3114
2429 7164
2709 78
4805 1143
4678 662
4143 2318
1576 2897
6221 3626
6708 4831
1808 7719
1607 8393
4210 1638
20 7113
7102 9548
368 6477
3842 5729
2420 6265
6516 6226
5071 370
8746 9632
4114 9587
4688 3791
8033 9964
5846 9864
2953 3726
5968 3543
7652 2816
1060 7725
3510 9341
6847 2943
1860 9300
4913 4261
728 5223
7308 7932
2399 4508
2345 7669
506 4063
770 3619
7008 3182
2345 8017
7179 5419
9392 1226
8711 1630
8511 3519
454 3857
562 8613
6206 8562
7464 8548
6553 4820
8485 9241
7412 4606
9776 8948
7616 6746
6966 8699
4917 3575
7173 6966
522 3576
1138 4929
3678 4339
8596 7501
2658 6227
4710 5262
7117 3783
3785 5774
3559 8224
5327 473
6478 4583
9089 1023
8532 3236
7051 8598
1822 9080
1515 8406
6455 1492
5397 7834
6875 6544
2801 7669
4764 5957
5772 3099
8065 8243
195 8788
8418 284
3595 3356
8461 855
6780 4294
1492 3086
8913 3556
3437 7520
6009 2097
7984 4688
857 535
3981 4
8888 8953
7699 2679
4370 9563
9338 8343
4838 5492
2122 8023
680 7027
6786 7998
7903 9447
8530 5495
6920 582
6161 8015
4945 4935
8872 9931
1247 984
5220 3615
5193 4360
4648 2055
5946 8878
5289 6002
9715 768
3968 4434
4326 8973
4300 2205
7740 1924
9325 7023
8496 26
1178 6166
242 8569
5228 1012
9734 1035
7441 6929
6034 8947
5786 8119
5619 2996
7949 3508
1240 6600
1971 6619
4646 1642
7563 9859
6818 2140
2469 4246
506 3106
7960 5412
2461 5013
990 9214
7934 2562
4274 523
2581 9000
4856 1526
2878 5774
5974 1805
4663 3546
8259 212
2486 8874
8015 9296
4562 8639
1707 445
469 8542
300 521
9328 1789
1612 7638
375 5836
7737 7148
9121 8105
7349 3188
265 634
9124 6734
352 4024
9857 6732
9512 7422
2265 7285
6138 9486
6174 6579
1137 140
3141 2405
3693 7441
5832 1214
6946 1769
4534 6900
2662 4917
1470 9762
8550 9258
5127 1878
1393 4929
1835 403
2699 3861
4520 8832
1836 9544
9806 7912
2575 3246
4483 8953
8740 9071
3330 1221
8510 2666
6647 1411
869 4685
8149 302
7652 942
1520 1605
8860 8165
435 442
6256 7951
2380 2659
743 973
4907 9500
990 9811
2551 3571
2915 3849
904 3483
5371 4669
5550 4618
8908 1424
1673 3050
9972 8516
270 7099
2592 1012
7673 6704
630 1884
2037 7134
5196 173
9990 5600
9150 7083
1279 2309
1420 7966
4380 528
6201 468
3546 9463
1917 5453
7722 4998
1940 7486
7266 1769
3549 5119
4107 2053
9916 3325
5332 1359
2217 6745
445 6563
7151 1926
4301 8815
925 527
6477 8069
6424 7631
5595 6029
5415 1319
3944 6832
3350 5835
7274 9902
2788 7605
683 249
7013 8785
3272 1608
5344 6431
1586 6837
6545 9573
9169 6111
2361 9034
8924 3753
9257 9484
738 57
2443 4571
5764 3258
9785 4284
7000 6890
3860 2422
3992 3645
4318 504
6673 7976
7616 2305
1269 7334
5925 6951
2057 6631
1773 9585
6999 5436
7803 3373
8173 4668
9176 7867
397 7331
2846 5215
6763 4013
509 7203
610 4367
1417 8402
8127 2399
3049 5215
8820 6727
4026 2028
4375 2710
6155 9715
112 6366
335 6609
8350 2455
1454 9190
2867 8139
4243 4246
3044 2264
9151 7115
5146 1025
149 3520
2435 8077
6332 7207
5297 391
9296 2197
1306 4796
5042 4049
9238 2720
8691 5352
9109 2009
8029 284
8182 1026
7322 8384
1601 9882
411 7454
5438 6851
8306 8161
3100 8083
1800 2859
6939 8502
3480 6816
9426 3082
338 6025
2298 321
9033 4931
1824 627
9733 2525
6087 1817
7170 3885
3748 7747
6943 9596
1904 4563
8848 6133
9178 4320
6973 9226
1298 8996
1793 5391
879 3758
411 6301
7738 5233
9744 3664
2657 1283
1719 7322
4789 5215
9227 1374
7340 1844
7053 2853
9824 6483
400 941
4413 6740
651 2260
2663 5842
1435 8545
2114 2218
382 348
3640 7841
9848 2449
2775 4347
7410 3250
6304 9508
2582 1474
2473 331
309 9258
236 274
9505 5959
9158 896
851 5354
7577 1663
9398 7079
1930 3134
9002 2759
675 7151
2514 7014
3058 8138
1350 6949
8377 6521
7426 3641
8076 7722
6757 9962
1766 3984
4723 8373
6324 178
5396 7419
3160 1515
9570 9648
4871 5912
2239 3404
4940 7789
3117 4333
9555 1505
5396 8147
286 6925
5295 4163
7108 3216
6383 3333
3597 7134
9079 7798
5799 7356
8846 8663
404 3382
4384 1483
3514 8346
237 9645
849 986
2281 1304
6057 7566
1770 8333
6737 9440
1485 865
8113 8462
562 732
7377 3515
1787 9323
4127 9742
5313 5790
4862 8913
7807 363
4801 1315
6773 2969
8884 6359
5910 1638
6388 5411
2954 5570
1825 3794
5213 225
5891 7714
8078 7389
3506 1143
6993 7490
2237 6854
5454 3905
2436 8059
7999 2429
8990 1571
1014 5472
4788 3667
9237 9319
9220 6879
8195 9330
6255 9987
4110 2038
4859 5406
1908 9738
2017 658
9208 3053
2736 2278
4228 4478
6360 7972
5233 7027
2672 171
7856 9379
2642 4781
7044 7740
553 1842
502 5917
3529 9284
9744 893
4792 4609
6115 9331
6909 2909
8881 9307
2184 2365
3347 6119
7770 7852
4900 9884
5384 4074
3251 753
8060 632
9286 9715
4548 5453
5906 1588
8177 6932
419 4967
8586 5068
1755 5222
1958 406
8443 4461
3861 555
8587 4892
2360 4132
216 3672
9429 3856
2336 5322
7796 561
5288 6670
5140 1071
679 6726
8775 5251
2296 1781
7665 8365
7356 549
2013 2528
8069 9937
4568 5360
253 5163
3732 8203
4221 8567
9799 7005
5350 1022
2889 4330
9963 893
969 9064
773 1971
4873 3298
7806 8918
6413 7910
2870 1727
1585 6232
722 2393
1632 9213
695 5798
7933 5761
2003 3162
830 6481
3941 3630
5099 3298
1488 2366
6404 9112
4396 988
9033 1392
629 1627
2799 6998
2234 6836
5250 9311
1759 8980
5741 7985
3788 2556
8915 9446
9131 8032
5930 3309
6765 8825
1451 8169
1894 2691
452 8688
5037 3839
8390 4749
781 7122
5174 8894
5367 6932
1168 5366
3774 5395
3695 3164
9097 3821
1655 2971
2724 7145
9004 9776
2591 2223
2376 5375
5342 5787
1225 7311
9351 5342
688 4441
4407 1021
7283 9660
6749 5456
8459 7100
1006 2404
5479 9135
7935 1290
5240 8319
2510 5558
1699 3978
3946 2176
1314 3413
6086 6070
3043 1589
6762 8104
8071 4068
7842 8075
532 4130
7613 263
6740 8946
9919 6937
5332 4488
7327 9714
1334 9778
2650 869
7199 4860
846 1757
4825 6298
9664 2437
5954 8450
8087 7582
620 4415
446 6652
7995 4623
7446 3641
1930 8694
1249 7073
8902 3273
9368 9813
7329 8788
967 5592
8609 869
1916 5573
9006 2702
8891 9798
3031 4983
4796 7070
606 9945
7931 8993
4583 612
2712 9975
717 1898
4565 5357
5854 8674
9851 1443
2170 1014
5701 830
6199 1973
242 5032
7104 946
3223 3643
2401 130
9067 1738
2461 274
522 7641
2601 5776
5187 3648
4158 6845
8906 2075
458 3265
6886 8620
6335 2871
4276 5208
8019 7820
1698 1446
735 8868
6453 420
9488 5654
2420 3169
4393 6459
6906 3204
2799 3794
5224 4340
299 9295
1856 285
1468 9352
8251 2081
8818 983
1060 3893
7476 1995
9387 9760
7691 2694
6532 8943
7605 336
6117 9924
435 5234
7851 7346
5947 4397
7285 2579
422 609
8504 6866
7475 2422
7081 7073
4051 6726
8214 9605
5099 5520
2318 8869
1349 6279
5364 9070
7567 6705
1632 5538
8778 5785
93 6964
5564 8958
3308 9005
9423 9746
4240 1787
3472 9659
2689 2605
6256 101
5433 1848
2279 2253
8665 2181
2860 1944
9381 1568
8894 8522
4612 778
3454 6080
433 2649
242 1735
4509 4339
5924 6034
6330 4902
1425 1415
7265 3219
507 4323
9373 1774
4967 9762
6446 8256
752 2615
4664 9413
4210 2586
4081 5487
6943 917
4822 497
5374 8791
1286 4516
6775 7313
709 2597
6904 1035
139 3317
1315 176
1555 3912
3582 2349
8988 3879
3201 4774
1099 6910
8908 9810
1591 4686
8542 5354
9148 2540
7679 6590
8089 3936
9639 6575
8626 7079
4180 1654
6702 5618
2280 8924
8954 4613
6777 784
132 5192
5408 3620
8928 6890
5482 4912
5639 6857
8650 9726
819 9290
7701 1788
7573 1384
5428 7053
8783 4429
1030 9864
8954 1226
5691 7528
7218 4789
9914 4986
2740 9046
4220 3650
3639 1913
6894 2982
5472 8335
1011 3937
6652 6860
1008 6130
6602 2250
6223 6762
1326 8437
5372 7058
7760 7758
1435 9874
8795 4376
9184 3419
5598 4878
7877 6207
4606 5035
2728 8019
162 3408
2186 1604
454 7009
6577 4543
73 7752
1414 1111
2351 2769
440 6802
8847 3245
9240 5709
6869 5007
9595 9764
226 5617
2459 7275
8711 6912
6694 2120
1966 9628
4525 4421
7617 8794
7111 3747
7137 338
8523 8562
3520 3648
6745 7050
3095 8535
1682 3686
3681 4681
6059 2644
6494 4880
2783 9830
6609 7433
2042 4915
834 2260
1150 4758
2493 5845
2754 4206
1426 8790
782 6845
8243 7235
1888 2874
4920 5036
8410 2399
6318 8326
3073 5211
196 4970
2704 2240
1149 997
1411 6870
7040 631
4236 9127
9403 8212
8114 2721
3148 6790
3149 3687
1911 8312
5323 3728
7891 3548
8126 934
4812 4567
1404 8457
6130 6720
8366 3930
1545 5108
8129 6352
248 69
6008 5574
7370 6198
6983 4987
4255 6225
746 8064
5564 7873
7276 302
1559 6248
8705 4158
8268 6506
1628 4894
907 5104
7769 9523
9159 9239
9653 6929
136 1694
6976 8325
5802 6875
6722 956
8316 5255
5652 89
9170 4173
6962 6595
4724 9647
6656 4804
3981 9633
9666 9403
9468 4172
3138 9707
3766 2813
2845 3818
5554 4851
3318 4547
6731 8916
2642 852
338 1144
7547 8401
7402 3757
7374 5343
8650 6658
5148 9402
4175 8204
1196 2959
9975 4355
2856 4226
9014 1158
3291 5306
629 6803
9402 1088
5006 5136
5304 4644
482 8965
2063 9016
6611 7711
6942 2866
5834 271
9782 3518
4226 5257
1324 3002
7163 5814
2683 6201
1576 9650
3087 4945
4913 7422
4554 9421
2226 4015
3202 2859
7882 141
9345 9166
9741 7237
4548 6029
179 6664
5165 1667
7734 3642
9042 5901
9464 691
4523 3967
7083 1073
6023 2367
6871 6500
6440 3256
8087 6081
4594 713
8348 4208
160 3108
5528 5630
959 5023
1349 1084
2385 5622
1564 7326
636 5479
2430 5468
5129 4644
6255 6452
1925 9877
2469 2294
7379 5187
2221 3479
4711 1710
5959 2159
3308 2488
229 4859
8912 6200
6656 5483
8899 9353
5699 8725
5420 6632
5902 5152
5203 3625
6276 3578
4760 7634
7917 2419
4955 6382
6821 3984
8738 1563
3515 1896
5318 6700
8387 1418
4357 9769
7093 8278
9714 5002
9979 1391
4609 5424
487 7728
5628 7116
411 3299
672 2630
494 9899
6496 4791
174 2268
7329 767
6649 8429
7661 4544
9762 7421
4704 4736
7122 4731
8302 7883
7685 1085
3627 992
3865 6938
529 3055
1442 2288
7518 8273
1081 4127
3139 9360
2856 5195
2774 4138
8943 62
6097 8674
2451 5571
1632 1807
3898 3677
407 7660
7600 5294
6426 2470
7044 3280
8180 8177
9467 3904
7440 1924
4781 4397
1539 5880
9731 4094
3888 1708
2047 2697
258 3156
8820 4797
6966 8390
4538 809
574 11
8476 7186
5183 6116
8969 5777
5203 8451
3526 5987
7257 365
6906 1767
7312 1807
7280 5523
239 9670
8425 5168
4960 5557
3143 809
4736 2643
1907 1280
8449 1434
889 5482
3865 5530
3143 4669
5121 7443
401 7337
3414 9839
1632 3052
9674 8805
1342 9580
68 1735
2491 3730
9308 9013
5836 2361
3344 6936
7910 9971
6451 4056
2855 4420
2040 1414
5934 3781
875 3571
8478 9250
8792 4695
2927 7357
5746 7211
6413 4233
5390 5439
1399 7727
5365 613
3745 2956
806 7764
9602 6289
5489 9414
3383 2482
4205 6602
4606 8280
6786 7315
6604 3103
4496 7094
3400 2424
8231 816
1421 8680
1341 4910
7740 7416
4091 2308
9048 1347
6704 4279
2824 9914
5916 674
4776 7555
7302 469
3560 2806
3079 7057
1275 9151
765 845
9610 2175
9257 68
3279 4123
7425 7365
7274 6571
6111 5730
800 220
3312 4081
678 2047
6309 9406
698 7880
5509 919
9035 8863
5321 7439
956 930
1663 235
8309 6529
2169 4728
434 849
7339 9747
3186 7130
1359 2751
6361 8649
8148 6419
2094 8895
3531 729
4910 5551
8649 4017
1895 3988
7785 5276
6446 201
1479 161
4634 9935
5845 1611
950 3099
4058 2984
659 6756
9101 1180
19 9081
8159 7100
1183 282
2383 4340
4403 6426
563 3585
9709 3940
1621 4456
6081 6147
2724 7037
8695 4776
3855 413
5851 9207
3390 6933
7389 3802
8345 4040
9631 685
2734 8236
5738 8368
4815 2301
1433 857
6498 9833
7851 6367
5599 6387
8325 2816
2326 769
1534 4171
5062 9646
9570 4375
5063 8360
5280 8315
6689 2227
4508 1667
4435 5940
1117 626
429 2022
4304 4490
5190 2409
19 6869
1206 4974
3387 4880
4829 5580
6110 7179
6091 6574
4970 9258
7446 4195
9772 1271
7559 3053
6154 109
3452 1202
426 3902
5768 1134
4328 5135
9983 303
8324 439
7659 904
2642 6899
3657 9215
3864 2773
3740 3198
4419 4144
8553 4309
3538 7262
1578 7814
7049 5562
7020 6312
5360 8550
2592 8662
5458 2167
8413 237
5759 3396
9244 5873
1946 1306
2619 2232
9547 5915
9307 4669
3933 458
8530 7807
4913 4880
7226 5423
9834 3179
7472 9734
255 9034
5478 6172
8749 4914
3777 3122
2994 9756
4571 1017
7459 7604
626 5081
8279 1452
2119 603
6457 1367
7233 8575
2858 6366
120 3815
348 2270
7418 6762
3112 1112
5561 8610
2873 5664
1834 5086
223 1615
4263 7681
2142 8401
2718 6801
1100 952
5409 5433
1638 487
5812 2055
9003 615
6194 5135
4431 2949
1209 4198
3098 5202
633 3895
7831 6914
7304 5890
7141 4910
5393 632
8137 1090
9184 9072
3850 7871
1848 1430
5524 9482
7357 3414
8342 6971
4122 5461
7412 2975
5869 6905
1109 3383
4774 5180
4325 2647
1980 7997
9461 2984
2375 9454
7254 6134
6775 8887
2546 7970
6603 210
5123 5457
6779 8445
9578 1659
2912 2091
8793 429
2374 371
1241 3063
7440 2127
5509 5295
2244 6543
5421 5917
5371 612
5973 8525
6675 6181
9059 5504
7549 1485
340 6618
559 5866
8455 6517
8178 4400
5456 493
8933 1108
4951 4483
3144 6210
3991 5291
2642 9000
5231 5917
7740 1080
7364 327
8916 4810
9405 6809
3131 4231
214 7976
1863 1119
8318 2939
9250 8228
4808 7505
2473 4445
1374 2554
1021 4228
5145 6073
5525 1320
8858 8089
1403 4508
5205 2500
5658 2966
7057 5613
4807 8497
1433 9880
1701 1163
9037 8493
671 1272
338 9784
4418 7005
2750 8604
544 8262
8909 3595
6686 8064
7551 9120
1926 8847
2983 4501
9734 8810
9949 7101
7936 8378
2589 6667
3832 1055
4679 3913
9337 3467
7805 3507
4000 7524
775 3385
9503 6950
7890 8672
5884 9263
7661 7154
7615 5570
4330 5241
8951 1493
899 3960
5510 2818
8035 1746
4496 4889
8425 4257
8672 6925
8969 9904
1684 6179
3994 5762
1836 2294
7608 8729
7566 9029
2771 2735
2885 2611
8543 4800
7806 647
8035 7806
201 7978
7754 6284
1326 4731
868 9732
7845 5710
8806 6497
1853 3576
5686 3637
5270 8149
9136 4533
7399 7875
6084 3480
7304 4340
293 9755
4553 4624
4219 47
3690 1345
9794 2890
5713 292
4857 7458
6935 7183
372 3013
3867 405
5643 532
8669 4244
9272 4851
7508 4088
733 5195
9577 3909
1020 505
9882 5473
7805 124
7976 790
4267 2890
7033 5621
5479 3596
6790 2238
8308 7821
6462 4618
8153 9839
4754 9361
7298 1366
3479 6532
9408 426
2583 6100
3716 1402
4464 7912
9704 9668
4227 7804
9478 9262
8214 9933
1870 6528
1955 4317
2965 1751
4535 8693
6129 2260
7508 1230
7246 9467
7935 8519
7436 5589
9874 8547
6542 7198
8635 3704
2988 2583
2539 400
9122 2341
6233 2459
4687 6736
6669 8476
9367 1365
6165 4344
8338 9205
2531 970
8778 7700
1900 3650
1105 6586
9690 8705
3081 3781
4604 8270
1513 9414
3969 2228
6991 6495
1809 7298
8809 7355
8132 4649
202 3510
7192 7410
7660 7713
6287 4822
3720 1744
7502 1107
1375 4283
9376 7966
6981 5776
2833 3211
5808 8415
1428 8791
3005 5757
8478 2351
1676 4002
7848 7478
1887 9867
6144 5859
1903 5128
4344 7728
7271 2287
6998 8588
5367 2471
4179 9914
1186 7470
9852 3568
1888 7716
6516 6633
1789 4734
2624 8580
1880 5236
5497 4226
5845 6050
6286 8827
1180 4123
8527 1322
1223 6657
8355 5373
7304 2607
5923 1814
1296 5904
6861 4044
4921 1716
8066 5019
2958 5554
4520 7135
7710 2065
8184 9133
1132 4445
7137 7099
7569 2937
515 3395
9289 5943
6373 1396
5474 209
2976 9825
1888 6580
9778 4016
1372 5200
4156 4235
9888 2473
2468 4051
6588 505
3828 6808
2021 7851
3593 866
5680 498
9989 4476
7035 608
2669 9043
9317 8863
8971 1755
3201 1228
9533 6154
3383 5494
1956 1019
211 9444
2710 7597
4804 5452
7117 7330
4718 9949
6022 7584
745 8070
1139 6675
3871 1612
9417 4041
3090 5352
7699 340
6292 4791
5837 940
3692 3400
3449 1483
8440 1394
2270 7647
6198 4011
5252 6859
169 2113
7993 5878
8314 7285
9263 2106
6565 3388
4971 1638
9080 1533
9352 3357
1415 1221
8610 1301
8075 4869
8588 8793
3678 9027
5818 504
7072 6197
9911 4435
437 6393
4241 4530
2821 9824
8424 7728
1195 5550
8995 3659
5271 2796
7370 6821
2588 1367
7645 7478
9090 6606
6763 9687
9893 9927
7244 3080
9028 5594
2136 6715
4803 3733
4574 9046
4233 1462
4318 7349
4403 6372
7215 3255
9311 8663
554 7068
4930 3819
2876 3469
2659 930
3944 9348
5997 958
4835 9151
5281 8267
8519 3201
3394 4179
3520 7314
1831 1960
658 5338
1772 493
1489 682
4049 221
8359 3619
1193 3683
5457 9948
7821 3168
3267 1392
7383 2825
9792 6958
5863 8742
8754 6872
4689 9509
7256 692
6445 1332
4819 1102
2806 2602
24 7028
9036 799
4433 7672
5666 4159
9196 5906
1888 4187
5626 9436
9202 9447
9585 8788
8599 7501
5531 2445
1251 2137
4565 4094
6077 4140
6849 5441
8562 9402
3876 8037
6800 347
8600 7341
5772 7021
203 1775
2300 7984
1135 246
1198 1353
8584 7569
464 8928
9713 9505
8789 8498
4903 79
774 7295
7468 9443
606 1869
3157 7774
7629 1731
3021 4721
7927 2495
2176 8436
7522 6561
4657 112
4155 6349
7812 549
7810 8717
2068 9093
6393 3965
1166 6311
9113 7277
2436 2629
7100 259
8764 1566
2580 3158
6831 7813
5139 7908
4762 9184
721 2877
6784 9002
3882 6085
2405 9361
765 7862
3237 4984
8526 2908
827 7302
1124 23
9274 1382
2236 6988
9592 4997
3700 6420
2350 1591
3777 8460
8921 8819
9657 9556
1068 4434
5530 8000
4556 4708
9617 1594
6482 6443
6004 4653
509 4893
4713 2268
1661 5830
4668 4537
2969 8548
6701 6414
1562 2409
7823 3640
9134 8909
2587 2870
8438 3290
1851 9678
4120 7694
5487 1289
1629 7132
6011 2099
4884 5611
4727 284
4910 8853
1630 4729
4240 5850
3440 7155
6836 6987
4784 6566
1800 63
3478 7860
3549 6401
973 9488
3273 6767
2310 2660
5606 781
724 1931
5120 416
3086 2503
3531 3188
2561 7004
379 3255
2603 8131
43 4987
2849 4264
3335 9560
8810 5613
5089 6519
6449 7365
5023 1400
7878 1641
7115 4749
6990 5351
1202 4669
8735 6573
5542 8210
8421 4098
6540 5851
6176 3758
9711 1579
771 7486
379 5304
151 9825
834 413
5542 1341
491 3560
6944 3066
6702 476
9481 5381
1817 400
9609 3535
798 3567
9723 7692
9586 5750
4670 8853
4384 7114
7015 6310
4052 6095
6701 2384
9249 3249
6348 4328
3836 5375
5171 1478
14 4443
4486 3048
7285 3515
4124 748
7651 8219
1569 5769
5118 1433
534 39
8223 8952
9404 5714
9027 4574
4141 2555
9997 7381
5203 9095
4354 5821
9487 1502
9403 7993
9475 9101
6646 4206
8616 7493
9462 2103
825 7801
7567 5955
630 1444
4171 517
5971 1777
5927 7539
5222 2785
7526 4760
9564 9977
4701 2355
3828 6417
3493 6870
9154 7958
8525 8983
2702 264
8630 8194
3251 3917
1605 261
5104 3724
9348 4546
7914 7603
6432 481
4232 3474
684 4459
326 6718
3054 9968
5395 8607
9933 1666
7634 4209
9225 2360
4589 8023
4099 9532
45 7059
5552 9597
5203 2800
5978 1006
387 6201
3055 9829
2244 7918
6368 7565
7761 8950
9123 7908
9642 8456
7026 4174
4292 6257
5002 7728
5861 417
2365 4053
601 8717
6768 6477
6400 9775
8894 6073
109 385
6995 3232
2184 8230
433 6814
5117 9826
8798 3375
5531 2044
4004 2760
3175 6099
1185 3455
630 8614
6260 9918
70 8011
6358 6884
6549 2569
1246 1203
1624 9533
3932 4339
902 3849
2223 2078
7851 1504
9823 6418
1654 4428
2068 3922
7018 1145
6396 5157
7409 6855
1033 9046
4068 9275
1777 5746
4900 4542
4925 1229
9461 1693
3850 8765
7021 4167
3643 5613
3130 1154
7588 2092
2777 2535
7537 3292
4048 577
2429 6067
2389 242
5083 8493
1300 7023
2961 1304
3148 7023
1464 2294
9827 9471
8509 4927
2254 7633
7411 9516
4122 7880
4127 1757
2118 8925
3371 9796
2310 7086
2707 7880
8946 8234
3003 9155
2804 1414
9463 5252
3838 3803
6049 9598
434 1269
262 6295
2984 4725
4313 5610
5643 6864
5871 3014
9164 9743
7922 6876
1406 6269
5631 1732
4232 2396
4087 601
6806 6544
3665 4616
9049 4946
6054 6758
4418 6270
5540 9431
9467 2661
8268 9751
5134 1788
3909 2293
2699 3019
8710 2403
4599 3968
7551 9256
7944 345
705 7694
2474 2061
3009 1684
5228 6084
249 1724
2116 1178
3863 2414
8839 1280
3661 6500
8514 4987
8175 9036
1124 867
1496 9945
8193 3589
5221 9154
320 8434
7832 3314
2574 9902
5942 3510
4106 6898
4042 2562
1270 5386
8704 6573
2236 3479
7226 2816
23 606
2911 7546
7974 8535
2487 9439
5996 1215
9680 84
7875 3350
8924 8981
4564 3266
3841 5712
8256 4378
5751 7767
2250 1164
5342 7970
2043 5512
6389 6043
1629 2947
2004 3392
5553 4645
8723 5812
4025 1339
2945 6638
1470 1877
9150 8168
6155 5993
8097 2305
5872 3951
8018 5884
4960 9042
2065 6911
8275 725
9342 2005
4037 6156
9374 7500
2149 31
205 7576
5463 3019
1286 2270
5074 2016
2957 9706
5411 516
1141 3081
1129 5934
6314 8736
454 2780
121 6083
5076 8285
1139 4942
6302 7512
4382 8976
1810 5892
7091 9147
5958 6894
9825 1846
272 9590
2537 1835
4461 9345
2144 7561
9963 7096
6352 5842
2670 7800
7415 5566
2863 1473
6678 6615
7704 567
2563 5067
2169 7972
7447 4654
2167 5172
2097 7749
9127 1447
2306 2443
5367 6594
8495 9616
8086 1134
1042 5013
2119 3112
1641 4961
7714 6736
1878 3615
5267 7018
3789 2974
2521 3823
6137 6399
4824 1165
791 7483
7688 4979
985 4795
1587 4934
4948 6206
2075 5423
4722 6822
1474 363
801 6555
5871 9065
7251 7478
2608 5840
2812 7175
7811 2470
6407 2656
4779 8522
225 536
1489 8411
2620 138
2977 318
9358 35
5865 5740
2367 9335
1229 4737
6815 2668
9302 3967
1325 5581
8318 5113
5873 8744
565 7944
9539 4449
7231 298
2289 1709
196 9837
749 3912
2991 6121
2989 2159
6880 3907
2106 631
3850 155
7985 5908
2005 9119
3333 7395
6109 2293
2795 7472
2225 789
3372 5296
8357 8381
8038 7129
7776 4491
5324 9349
3199 534
81 2131
3952 8662
9233 2630
2360 519
2553 9828
366 2491
9530 5048
6493 7589
4458 9088
3126 2190
3666 6175
5963 3987
5185 4780
6662 5205
3143 274
5856 504
4715 8110
3674 2276
3398 5716
6439 5383
694 1547
1584 7314
1228 7756
5919 8103
8910 2982
2292 1490
6870 1405
1875 9597
2064 4103
1508 2825
3360 1086
7106 6604
6826 7072
4701 558
1992 2386
264 1803
5960 585
9339 9588
5515 7183
2178 7198
7528 1124
7468 945
6550 4907
2509 5578
9381 8776
9788 1753
7030 6393
4630 1924
318 4714
9737 7922
5128 8799
7466 7377
6816 1278
3647 7985
504 4642
8182 3447
4582 9097
924 7067
7316 2503
647 5434
463 8929
4381 7204
7161 9859
3626 8895
4152 2235
7886 7570
20 6747
653 9179
2876 4107
7677 218
8962 436
2459 6691
4698 7110
2678 6144
6575 7427
7859 8061
911 5346
3559 8362
4538 7677
592 1213
7574 7235
2893 1661
238 8118
8737 8904
6382 9950
8484 5566
121 8837
5426 1107
4900 1770
8250 785
4216 126
96 4260
9443 6473
11 5836
120 7766
3304 5742
7066 4882
3141 2884
5957 9361
7335 1464
7542 3369
9028 3741
4846 870
474 2694
3634 6756
3430 6701
1854 3032
5598 3646
8589 9736
9944 3145
291 1118
3040 6259
5428 5673
8358 2949
5434 7371
5213 604
2434 572
8702 327
95 5301
4787 8061
582 7911
8748 5828
9873 6642
4221 5035
44 9678
6894 5585
4027 293
3146 2587
1090 5414
8032 6130
475 7524
1253 7826
7348 9109
4480 6397
5502 9604
3469 3894
6159 3712
635 8839
9185 7739
1470 6651
4753 4619
9293 6644
385 684
7797 2374
8214 4539
9412 506
9866 4509
2975 252
1195 1062
4204 7518
474 6691
825 131
1934 6641
9347 8196
1982 6883
9120 4287
2522 3375
4598 179
8851 2
4705 981
6479 6696
1137 6445
7606 6500
4793 2314
7223 1166
1058 7498
4884 5536
8886 979
8577 8168
9125 5757
4377 3738
4307 9686
6233 3739
4376 2444
5939 4503
8127 9670
3949 9323
2775 3196
9647 1339
533 2858
5769 7374
6224 8673
970 4461
6724 4518
2826 9688
3728 5458
6673 448
8616 4304
2061 7118
7667 6769
8193 3675
1629 2043
5168 8134
5959 5798
7750 1169
3506 9886
7648 6212
2232 6388
62 2777
7571 1597
1048 7262
2900 6529
8374 4438
2221 6013
231 440
3863 2130
1259 4351
653 3123
2889 7880
1023 795
3978 2471
1120 6117
9292 9330
809 6402
3711 356
8996 1351
8299 9388
9857 7212
4073 6603
4260 5630
853 4394
7621 8445
6227 9249
7615 8287
8119 3121
4817 3915
571 4140
1776 4463
3757 8967
7507 5355
9278 8111
4294 9876
6548 2785
8760 4658
1625 5264
1644 4498
9753 386
3132 8052
1176 7396
225 1326
2858 5154
1884 2983
6809 8143
8609 941
3907 3459
3542 3536
3562 6696
1241 4996
2722 2749
6871 6675
6886 8867
8406 8921
2067 4258
9820 390
9898 2165
2869 5472
8195 3370
1121 8926
3141 6707
3875 7934
7279 7367
5091 9183
8450 5585
1245 2056
3621 8640
6816 4399
4128 2454
4592 3619
1377 5754
3413 5171
5546 150
410 8709
7248 6585
5390 6048
5406 7093
5734 8114
6752 5042
4649 4970
7209 3562
2371 5487
8221 235
6803 3447
5703 2328
1756 2449
3397 1208
4680 4700
9527 7669
7872 1597
8323 2575
3269 4589
7828 7383
555 8729
8198 8772
8232 2384
4892 3697
3146 8329
7643 7341
9406 1098
220 3097
3530 6802
4205 8766
1651 880
6465 901
8088 3609
3867 6492
5605 7830
5127 2920
1777 5571
9858 3117
7217 5298
7965 7160
786 3190
6062 6070
6867 1848
126 954
4968 6374
5228 3035
9385 319
8024 2195
4032 7784
5321 6017
5983 6330
4776 8936
664 9633
4803 8510
4787 9422
5179 7566
5883 3046
4374 6774
8481 6546
7517 8490
1320 3453
2751 6031
8455 1545
1565 5409
8282 8746
6060 9165
6545 6857
9734 1383
784 7106
2249 7542
4478 1606
5510 2435
4342 9434
2931 3502
9704 5719
8954 585
4169 2952
2296 8266
3294 4079
2030 7149
2854 6479
84 8288
8925 2387
8577 3670
2602 3382
8068 6901
1666 4377
734 3544
9986 2913
150 7517
7353 9463
8883 5527
6091 7014
8069 4493
1983 4911
5261 7721
2386 5224
4641 7403
8386 1481
8329 420
2900 1646
2532 9515
6671 5704
1780 4811
2223 1996
29 6307
5251 4594
1034 4069
3230 9191
9417 2407
5465 9819
9130 8789
8896 8004
2755 8157
5345 2826
6415 8849
8352 9785
2090 5625
1430 226
7351 2862
5757 5577
5978 1216
4742 8280
3663 4401
4995 2475
5233 2936
8477 4083
4899 3711
7199 2611
9163 9398
137 2790
7314 3678
3534 5911
2869 1614
8870 6518
7351 6848
9661 714
413 2053
3010 2010
4512 1821
8617 851
6399 5633
1945 4149
9914 5001
7711 3766
5352 1702
7577 7181
1634 6969
3740 9976
4277 4506
4015 1623
3876 1666
9054 2958
5284 2641
9863 2983
5183 5385
5664 638
4866 4160
7231 6931
4702 8786
1521 5515
7162 2285
3812 3072
943 1604
5500 7852
8091 2925
7986 8802
8911 947
9520 3253
6065 84
966 3567
5099 7651
3960 6028
8074 6071
478 2476
9919 8411
9347 9828
8562 8796
7575 4397
810 2814
8669 6788
3366 7992
5389 6729
1447 3443
4243 5104
6259 9694
6478 3971
9572 5453
3362 4285
4951 4854
39 5232
14 866
6407 4865
3774 4562
1972 9943
6530 8888
2927 8367
6806 7993
2194 2155
7020 9890
7560 1262
6059 8544
1087 7825
8843 1062
8413 8626
8954 4923
4536 8000
4682 9641
2653 5520
5168 2320
7290 6971
5959 3584
355 7789
827 850
64 6216
703 6336
5662 3119
4343 4089
2730 3883
4862 5598
4873 7306
9922 5208
8867 7995
723 5679
2307 1235
8695 7348
9193 7659
8409 4472
936 5967
2533 2627
792 7296
1022 398
1589 5043
2409 89
2286 8673
3647 8358
8519 5861
7871 1772
4103 8289
2345 6517
1867 8777
7124 9120
7697 1029
6073 6223
9374 7796
85 7642
8265 7540
3579 6139
4765 7611
6176 3536
5323 1761
1581 2061
6325 8163
6801 7975
5028 3010
6045 7849
6468 4546
5542 2883
3939 3387
5814 1174
1605 7276
9978 6361
2691 6579
5973 5815
3895 2422
2412 255
9041 541
5401 4675
9541 229
7609 9849
2011 8718
9245 7325
5390 4878
9116 4205
3390 9373
4320 668
1822 3831
501 4223
9670 5149
7293 9267
8610 9588
5742 5941
1105 9044
9810 4856
3574 3754
6582 4163
3211 6278
5099 4016
2121 8158
9609 5631
2994 3801
2247 5681
3112 69
52 7181
162 386
945 2222
4990 1941
2357 466
9897 5654
3848 9533
2345 5410
9560 372
9332 281
5239 1219
2518 9361
2122 8727
7807 2385
2828 5797
7107 4919
921 6801
2056 9219
8819 4136
8491 8522
3457 4551
2875 2643
2635 6833
5149 1517
6863 9404
7542 9240
1151 1236
5604 8855
7361 7703
5638 948
6077 4104
7007 3356
899 7357
9655 8063
8243 7361
9546 7249
1330 8978
7575 8156
1531 8068
4578 2012
6588 2028
5474 4513
6709 4597
3827 4993
5069 3263
1734 7555
29 1899
6060 6900
5266 6144
6399 9110
4431 3049
1002 4700
9 8373
971 3120
1305 3158
4808 4510
4718 5570
9671 8710
6248 5077
4 2301
7438 7517
1999 7068
1785 1069
9163 5440
5479 8058
929 7144
1577 5105
5963 2875
7909 3727
1513 2719
6692 2535
8767 4819
6197 4080
8037 7766
2568 5301
3990 9277
5172 7923
8017 8081
3539 9710
2651 5359
3120 844
9707 470
4848 8584
9213 7308
5990 1649
3936 1114
5692 1720
424 8923
9985 5942
5916 7521
8710 4803
521 1376
8944 208
4925 4817
6249 4830
4861 1297
9199 8133
7343 6847
5428 1150
3777 513
5596 6137
9344 3248
5074 6504
7154 2199
6259 6530
4957 6424
1185 2753
3101 1303
1745 3476
2066 5917
206 3022
191 1638
3972 1637
653 8291
5845 8308
5110 8809
5736 9945
8074 2849
8261 9912
733 4710
7354 2374
9399 1754
1401 6734
5282 8288
3239 4000
7936 1523
2959 5821
6083 1422
8605 9804
9987 2595
9412 8569
3116 5717
3416 1264
9565 413
7525 5414
6681 5768
1526 1329
7578 3207
7470 7307
6665 8445
2195 6211
8071 373
7373 3947
5512 8858
3324 7643
4707 4557
3840 4685
1571 6259
1006 1519
3801 7892
322 5988
2743 109
3287 3411
2054 9055
8545 7926
5985 2350
4403 893
4664 5218
6937 8953
5678 5721
8320 9633
7148 8659
2793 1872
2492 6789
2442 3748
174 1591
9244 6993
7622 6294
5326 4028
1324 8050
2912 5793
6106 9265
6537 9454
2482 7387
6306 9557
3254 811
8169 8270
2622 2916
7135 3842
4806 8138
4970 5713
6284 4917
6276 6781
8998 7010
8378 6749
4747 8193
7933 3467
165 3976
2117 6806
2341 5262
9113 5793
1119 9777
808 5010
6969 6769
1955 276
4609 514
3952 533
5124 3502
233 2217
5976 7953
3899 4997
6611 7243
5640 5589
113 9970
821 2198
8578 941
8044 5276
8281 7546
1739 2814
9326 1880
4772 2101
5933 2798
3995 5665
6373 8147
5819 4068
4330 3459
1569 2740
9940 608
4623 3261
2542 1519
3323 3085
967 9175
2173 3767
5300 9686
5908 529
3932 6587
194 2021
9579 3053
3404 6563
2160 146
4251 4910
6174 3561
669 6075
4783 6897
308 7333
5676 6495
6214 6171
918 7212
3723 4352
1201 5877
883 7515
403 154
7917 4197
5434 6399
5937 9533
6259 5389
1015 9847
4883 5634
5358 4152
8178 93
3670 9868
4715 3523
7830 1505
2222 4477
7367 6713
1919 4151
582 1500
1268 9171
1254 2515
9354 3684
2220 8830
3040 836
7521 1504
4010 2606
4372 2989
8479 4356
9525 3315
3900 138
8523 2606
2608 185
5967 9762
1726 4317
1887 4469
1917 3224
7612 6433
7307 1213
2092 1335
3222 2725
2969 9735
7954 5213
4607 4282
9814 2470
1410 4872
3534 7572
6982 6050
2666 8224
8469 9081
5710 1590
733 4916
5376 4615
5743 9055
6366 5816
9473 3846
3813 1106
8909 8862
8923 3376
8576 9709
1093 2084
2924 6813
2401 5474
406 7357
6910 4706
3944 4896
9327 6418
5008 3675
141 3827
5088 187
146 5592
3164 7021
8142 9722
3487 6085
7253 1766
8758 1288
3774 412
9011 8081
4982 7554
9275 1296
5083 6960
2649 8646
18 5490
3817 5146
2722 4169
5773 6391
8231 186
5836 9244
4639 8189
5646 4730
4928 1807
8481 8458
8224 7728
6423 2245
9212 2870
6262 2841
4098 889
7318 4523
8070 7717
5047 1167
9217 2587
6008 5986
3853 3487
6097 8833
8570 7211
394 2191
9357 3371
3233 1059
364 8896
4137 1191
5923 9789
8757 8778
3457 301
5361 9631
3932 4891
5370 284
5065 5176
7696 7820
6773 7496
2155 574
5327 5013
387 3123
9915 6987
2311 2563
1040 7722
7799 2201
5723 1800
9194 1683
3210 684
2521 9795
2818 1652
8962 4272
3850 4832
7942 678
8158 8596
7883 2321
5884 5610
8266 134
3290 3038
3266 3819
7342 5184
7763 5770
6772 3286
1572 3762
1197 5623
3519 3542
4266 8112
8655 2588
6740 6419
680 6958
1800 1348
576 9421
3811 2586
1422 5033
3466 9044
4066 8762
7061 65
2813 9626
4927 5670
1444 7129
7016 7005
7265 7320
1779 9488
3906 3278
8216 6642
7304 950
8243 3078
4266 2191
6467 3526
7519 7963
7532 6765
967 2144
2470 5229
3939 9482
6619 9915
8713 4983
3133 5966
6753 7129
8541 2163
2282 7928
2085 5916
5526 5438
7152 5596
9577 7721
2764 8045
3374 5196
6831 2506
1282 2622
3663 6293
6487 2153
5016 8642
9043 7388
6058 3818
4894 4042
1609 3385
7111 6953
651 6673
752 4180
8398 8197
6142 938
3327 2830
3114 2940
3363 1738
3490 7570
5090 4856
920 5303
8615 7357
7810 7769
9154 9986
8392 3098
6582 4435
1994 1089
8363 9633
8376 1594
2861 673
3623 8882
1323 6092
5363 876
5609 8925
3575 5038
606 2374
5702 1844
5607 6123
7254 8892
3218 9461
5936 9545
4164 9712
5010 1905
5524 4205
4285 5439
6301 8161
4598 1185
8624 9684
4585 8186
3231 1123
8194 9010
2755 2927
5010 5569
7240 9180
1712 3912
4460 1763
389 648
3443 2256
4783 8616
230 7524
3039 8435
639 676
8619 7512
8590 2840
4828 4057
3383 3037
5937 5900
6530 6212
5067 3181
5930 2816
2799 8874
5727 9692
7863 4709
4708 5075
7729 2182
5937 2758
6542 5367
3553 7242
4484 9190
3125 9751
9629 9990
8576 922
4070 6926
1450 5235
5313 4712
3549 5848
6083 8179
2363 8865
5926 3602
5909 8090
4600 3275
2389 9828
2683 5417
6998 8995
595 6187
1718 5521
4347 7122
4267 3130
544 5319
1867 2878
5876 770
9442 7139
7533 8756
5408 8992
6643 5118
2713 2755
629 9144
2867 8252
5861 7067
7275 8240
5255 4327
9680 9639
7638 3758
55 573
