10000 6000
5361 7004
3033 95
5346 4990
7399 9037
5002 7705
10000 6275
8427 2204
8328 6179
5931 8923
7992 1872
8852 3596
2300 2517
629 1482
9204 511
4575 4101
643 4510
9736 8864
2339 6617
7820 8306
7776 6119
8919 3206
8680 7350
5772 1675
3041 1639
8113 5684
6275 384
4545 7656
6954 7817
4168 6339
6997 2848
7915 5460
8346 2933
110 9693
2784 2446
779 3942
5059 6196
2338 9611
1715 6932
9923 6729
629 4256
1606 8197
5440 2876
9331 245
8498 2657
9226 4756
4521 4444
9485 6162
3499 8464
6401 3138
7390 5920
5409 6811
3392 1990
3451 9976
5008 9103
6304 7976
2211 3165
1768 1310
2560 2804
1916 1666
4132 4509
8251 1902
9039 9829
4709 7889
6373 4863
3523 2640
2959 8974
5005 7856
2199 5292
3938 5709
879 9302
100 8055
1611 3742
7705 368
1682 9512
4411 1279
8785 5421
5785 6831
8712 5835
7476 7056
8955 2242
4131 6293
1874 1480
5519 5973
5801 7079
647 6907
4305 1546
7710 3862
7549 5747
4056 1865
7094 632
6625 1164
9592 4273
9318 6729
6370 8412
9417 7024
3178 4666
7041 9075
9927 4751
1304 7851
5733 6501
5995 6273
2501 7674
6958 9014
7674 9133
8965 3643
6428 5861
7196 2810
3577 5738
2784 4843
63 762
916 959
4020 3509
7741 3178
6702 1474
1382 4272
7435 4584
7549 9631
571 7349
4308 7509
5968 235
8673 8566
7493 5518
5406 5447
9908 4247
4362 1958
7166 484
5734 9663
2280 7141
3224 6264
5240 625
3259 2438
3740 9231
6622 5734
2771 1406
1217 3829
6706 3997
9179 4392
9952 595
2518 8085
8714 7496
3041 6968
9168 890
3149 8816
3798 8410
8385 1455
5588 3308
5463 61
1751 1563
3868 3061
2013 7330
195 710
2605 5220
1171 5907
77 5844
9989 7492
7738 4910
8503 307
7492 8893
5915 1200
1230 4786
7400 7134
5746 1236
1016 6947
2876 2330
9145 9020
5530 8899
1500 3110
3586 9790
2041 9702
3164 3810
8057 1266
1220 952
3547 806
6041 9755
2319 9281
5505 2015
6958 4437
9475 5736
3152 3594
7771 7246
2180 2075
1177 2799
8588 2663
1058 4109
7758 9505
382 7724
6580 6401
7304 7845
5021 8642
1682 7638
2842 9793
4814 7568
8097 7412
8533 2936
2110 161
1556 358
6029 7506
6155 1993
289 3864
140 5552
3745 1701
1922 6674
8693 8384
7655 6936
1965 933
4284 4446
9754 4515
5061 9349
195 412
3786 4580
2658 2424
4920 1746
7125 7586
5006 9550
2669 2937
8065 1976
8706 4353
6760 6421
365 5904
8032 2286
2828 4865
2281 5313
8145 1924
9191 7871
4228 3340
9010 5325
829 8367
5878 147
8522 90
2852 8992
2079 1099
6191 4019
4225 6469
8992 9075
458 5423
9747 2089
9369 7829
6840 6193
1791 5878
8930 5437
50 5604
7051 4689
3949 6391
4606 1800
3006 3018
5900 9405
7639 9037
5912 6547
4063 5329
6971 6958
8494 6511
2592 8840
9460 882
1785 5997
7106 5608
6872 4735
1487 3972
9111 242
3780 2095
8769 5985
2481 7363
8118 1368
2454 7551
5195 4407
7194 1750
120 3718
4072 9695
8136 4987
8509 2054
428 3173
2732 122
5720 5653
8426 7693
9093 3392
7569 9255
5726 6366
2481 4180
8035 5950
8859 9377
9416 1920
2997 4243
5575 3497
5800 1200
3642 8323
5701 2051
3666 9018
2604 9612
7075 8528
339 6958
6581 1017
9509 3024
4949 5776
9488 3789
2225 17
9462 5443
6496 5581
2189 3816
4248 3225
8223 6288
3558 2558
7099 6136
3482 1067
866 9663
9784 9422
5466 663
8840 4591
3327 7192
5430 2774
5357 3310
7314 2720
263 4342
754 5117
3971 7109
8076 4677
2268 2961
6604 5614
2239 1110
2612 1336
4878 2066
6774 6401
1456 4377
6012 6177
4623 7201
5345 9200
1608 6743
2342 3179
7039 6345
9886 9763
8936 1130
2657 7229
3775 7682
1933 2307
5537 5515
1904 2753
6161 4069
5232 9209
8100 5618
8195 4528
3685 1771
3287 4622
6882 8793
6747 3250
3692 2797
4692 7900
3963 9432
4410 5425
6280 1699
8568 395
3890 7081
8415 4086
3178 1832
1203 9524
9542 9060
7868 3978
3809 9780
3687 1153
3721 8531
8211 4198
1105 8320
709 8810
9261 5422
6660 6626
8536 4277
6365 2120
9505 5567
5536 9160
5865 9500
4017 3412
599 8478
6344 7233
9204 8318
7713 6312
6672 6389
5453 470
8139 5828
7471 9404
3612 2269
4576 7983
4942 6791
4860 2617
7310 5677
6995 6294
8894 4448
6105 2056
5509 1905
1958 8804
8109 8808
8214 4803
5172 8832
5049 2930
7035 9992
5077 7394
3482 5459
1183 2680
1082 1689
8454 2206
7433 9300
2968 2048
4378 2916
5739 6432
6770 4844
9286 3251
7772 3362
6901 9170
6870 6642
248 5674
5570 3804
3924 252
9702 3586
2240 7230
8428 8155
8602 3911
1459 5379
3488 2903
9116 6152
2439 2445
8814 8206
9560 2335
8738 8300
7326 7574
8839 7101
4473 9327
1983 4305
7549 9947
5024 3129
6772 1967
2245 6814
2568 5429
3227 4106
298 6762
1812 3805
7902 5774
2711 8762
3868 5639
8942 1367
1601 6670
2566 7329
6156 4688
19 9189
4337 7086
5049 1080
3769 8301
1492 8833
7840 9415
6113 1609
8422 5385
3667 1074
4847 7651
6271 4285
3107 2507
9136 706
6958 8250
243 7868
3921 7021
5980 842
2303 8165
9776 192
2385 3863
3817 6500
4067 93
9957 7569
405 5140
6983 9607
586 3964
7749 6521
1116 2331
3016 7037
9558 154
9679 3024
4873 9526
5308 3568
9000 6944
8117 6384
2091 3310
2420 3751
6992 7560
8952 6881
7669 7883
1778 396
7424 1482
7481 8557
4679 1288
6214 6473
4488 7983
8233 300
6466 2828
5506 4037
1210 4720
1528 5976
1304 1009
6534 6827
5063 3095
6761 1657
6440 6655
6227 1634
8175 7579
4907 3801
661 3904
3659 2341
9652 6344
3073 6208
814 6190
1582 3451
8311 5572
490 984
4374 3391
1038 3102
8696 4874
9880 4569
8765 5119
8187 5464
2329 8289
9596 2477
7700 5686
8230 4448
8811 5221
8807 8621
3101 8988
4305 7377
142 4124
1050 8321
2311 5195
4988 3555
468 8641
517 130
3253 7803
6808 894
1485 9580
4427 7562
3670 8247
71 957
924 4278
4443 8993
8381 2806
5178 9335
7999 9240
8792 3393
906 6370
624 6807
8778 4684
689 2819
2766 6500
7356 4677
8140 3306
8296 4591
1643 8628
1279 409
8007 9148
4062 6686
6992 7549
985 2990
6635 1721
1396 3978
3296 9990
3995 6939
8634 6556
859 5452
8330 5145
8166 1995
1765 7485
7332 1180
8897 1950
6892 5846
6572 2421
3695 6916
1237 6464
574 5685
8417 5358
1871 6988
5719 5046
8620 7600
7156 4880
2883 3197
6232 8074
2423 9970
6823 8388
5245 6210
1722 2260
9504 7171
9995 2180
6270 7585
3868 4751
8793 7580
7025 4695
8072 7669
8657 4978
7139 9061
905 6808
1689 1607
6185 631
8158 7609
9189 1551
1781 2271
2357 2151
9915 5728
2053 5606
8284 7847
7542 3690
6203 1475
2075 5221
4495 7415
2653 378
1792 779
5240 6373
7470 6233
5515 5312
7258 6673
460 7199
9339 9637
7090 6389
4395 8238
3017 700
2376 6069
1314 2450
1443 2426
320 2134
2292 849
3179 5167
7620 8800
3473 4565
4737 51
640 3014
2958 5752
3214 3475
6096 7827
7041 6448
4866 3867
4471 7127
3666 3883
864 5910
4242 7490
8046 3692
2760 7348
5980 9104
5726 2694
8724 698
2146 9237
2536 584
3927 5392
5402 2459
931 8042
131 2871
2159 7273
64 678
3482 3946
6672 5062
6790 7850
8024 2918
4009 4286
1455 4829
1790 6156
4498 4452
9986 3488
6529 3878
599 4120
9168 2407
6212 9496
9351 1210
6402 4007
7971 2186
5217 2288
402 2066
2225 98
1275 5461
7385 8753
1716 8279
6868 1427
6474 9169
7391 371
4333 3233
3661 9857
1008 9640
499 3151
7773 6490
9948 1990
9392 9201
1365 3455
3127 8683
4034 75
4104 7159
3672 2364
2171 7692
8513 7257
7868 4531
155 4238
7114 9160
3833 7913
4427 156
1248 7055
7302 8806
8507 8885
7735 5789
3656 6023
2862 4112
5817 1508
896 9166
2388 1279
3941 2206
7988 1248
1160 4121
2597 1457
2219 6395
6219 18
9888 133
3276 3494
9153 2990
9537 516
4328 6573
2970 646
312 4273
4823 4093
7394 9082
3759 4587
1313 9981
8509 6375
975 1779
6414 8029
9149 7754
3012 2667
8639 5971
3814 1286
2525 2258
5614 83
9012 514
3465 1454
4691 1374
1243 1942
4671 5177
5912 4815
6111 7527
1964 5582
4496 753
4612 1649
3906 5974
6131 5141
7177 4308
9822 7086
6653 9411
9648 8946
2570 3946
6503 238
4817 7432
1125 2688
7205 7629
832 1499
9423 4942
2098 4166
7403 8756
441 333
4905 5469
5560 8446
6812 4586
8805 8942
5214 6112
5753 482
1946 7655
1699 2390
9745 7534
2629 3817
3126 3061
405 5967
1426 561
4126 1198
704 5835
4508 913
6034 5713
4611 5304
6858 4388
5641 1718
1954 6985
2888 8242
3173 1080
7021 6967
8147 6576
9164 5635
209 6401
9209 5372
759 2768
432 8470
528 4086
7278 4478
8045 3218
9669 2403
882 6002
9676 727
7608 9758
9885 6786
6250 2558
5446 3071
4008 4590
7576 2814
7782 6273
7915 4016
3870 5227
520 6574
2842 2902
8701 9651
8987 910
5677 5037
5909 69
7437 2496
6800 3504
2921 1379
1641 7095
6732 4624
6782 2601
3387 4424
2950 4518
1947 9917
1351 4179
7303 8775
3742 1306
779 7584
3755 5047
667 2552
5762 1788
605 753
6795 4237
602 5635
6050 4405
6049 5034
6328 9136
693 2339
4864 303
7002 227
467 5783
379 1360
3964 7730
3191 8261
8365 9004
6992 3986
4665 1687
2187 7530
6887 4183
5314 8340
7333 5655
5413 9051
6899 1651
676 1310
9924 6428
5463 9216
5600 6023
5767 5673
2197 4862
5122 5155
9073 6173
1594 1966
8490 3094
199 316
2774 958
1600 8309
7811 6158
9942 6309
3936 6226
522 9
1650 7069
9410 2294
4769 2996
2088 9074
4264 14
3274 3497
9384 9115
3531 841
3957 8794
2849 3606
2087 3504
3525 2887
171 1528
8966 9863
9728 2190
4422 8485
1371 3843
635 9860
5283 7420
9552 6652
165 51
2801 4455
593 3588
9714 9301
7659 9377
2569 5592
8827 1359
3392 8297
4093 3799
2740 6145
802 774
9032 4529
5326 3773
4803 8282
5320 2433
7821 7238
8316 9516
2678 3469
4684 2234
9520 3857
3035 1981
7728 2371
3441 3082
3777 2395
6010 2394
7552 7220
7318 2522
7265 5661
5003 5547
5561 4617
3166 8210
3058 9360
8462 4153
9546 1260
9529 5581
3444 2317
5397 7646
4565 8181
2025 8578
5896 1565
5121 1121
6155 8110
941 7354
9888 7321
7826 1197
3917 5376
5079 2912
8284 2090
9242 859
7339 7363
505 3595
1965 8297
7769 4562
4536 3472
6227 7301
6453 4895
2146 7981
84 3169
7654 839
4645 3029
6083 420
6495 7535
6755 1706
204 1173
9536 3408
5803 4850
7243 3686
4670 9894
2872 7531
6442 6579
1695 9973
9433 4930
4301 6157
4507 93
3137 8368
6720 6162
1599 8239
8592 7878
4768 2095
5459 1023
2720 5882
7337 7593
8415 6637
9332 9123
4145 9928
6393 351
6686 4033
7747 5957
642 4033
7488 8528
942 1365
5218 7743
5525 5486
2238 1798
4736 3282
6720 9467
5659 2105
7206 9769
1942 7360
5137 4992
388 3369
4887 1459
7087 8649
9043 2136
3170 2313
5987 2396
5886 8838
6537 4908
4310 1010
8539 5421
5122 752
340 5158
9376 5339
5712 2785
9982 3488
5364 7741
2930 4735
8051 7518
9810 1870
1578 8140
5068 6022
9237 3968
1487 6868
2663 4586
3744 5977
7399 4174
1271 1787
7917 5809
7423 9826
9033 5809
9737 1051
3773 3995
7081 5897
8446 7267
7480 6911
2935 2495
4064 2487
7669 6396
467 7550
4076 3768
3653 8997
3968 3926
3341 1602
9837 2557
696 9341
2673 2217
678 2323
7356 8505
331 4887
8647 2607
8239 6812
842 5315
5855 3676
6339 2576
7242 452
9478 3542
3748 2405
5240 822
2166 6901
5427 9193
4364 8124
1942 9642
8790 1576
9554 3031
3991 5545
2141 4132
1049 517
8163 7511
360 5077
416 6141
9570 9430
3463 7124
429 9450
5454 8975
6433 52
5744 9046
1690 3536
9962 7043
2663 7160
366 7877
1326 1984
7523 7969
7062 8139
9330 5772
4843 371
8539 1330
7741 4437
2558 5459
4465 8082
3555 656
7679 5824
9858 7650
3986 455
9003 6564
6571 2085
1808 420
5631 5210
7526 6902
516 9277
9720 2225
6696 2837
9172 6879
2234 2336
8363 7329
7839 127
6677 5802
6446 9400
27 4703
2340 4003
3708 1901
5425 3182
2392 4979
8410 7001
5752 131
2597 4283
4052 6262
3919 5211
6491 1781
5545 1607
6879 3136
1655 113
4534 9691
1936 1036
218 2588
9281 1027
2090 9407
5898 9443
6727 9906
5775 333
9432 681
1208 5493
5430 7771
6641 7925
7729 5587
6123 9306
4313 1440
617 2086
3653 1317
2852 5757
2688 1946
4728 7480
9751 2073
2916 9381
6412 4289
3854 5780
2662 9671
3405 9916
6767 8080
3869 388
1684 3289
2431 5706
3353 7391
4502 2032
6834 5463
4794 8473
9003 2679
185 6609
9074 1515
4369 6578
5239 5921
5256 8656
9810 3805
8868 9982
4093 2870
7651 8743
9686 4471
4645 9430
9167 2447
4877 5549
8398 7345
8067 3378
5869 3781
8804 2078
1211 1733
4305 5772
3129 1713
8460 8544
3821 7276
398 8861
5346 44
8548 46
9015 8141
957 9998
5084 1519
7726 7920
200 436
974 5576
4485 8339
1386 6879
2626 4168
5122 6323
8432 8849
1514 3428
2358 1618
5418 5497
1582 2194
6591 6329
2293 9628
5015 5058
270 5471
2249 5094
8288 7519
9291 5689
1428 7185
9642 3844
3528 963
1926 9285
590 8642
8258 5773
2157 3345
1400 368
5839 9545
3476 8569
9522 8595
8500 7059
7656 5888
4382 5169
1702 354
7338 1319
1032 4000
5364 4206
1484 3878
4108 9060
2338 3010
3701 6026
5635 648
5145 324
8455 4751
9395 9581
365 1026
5395 4320
855 2641
254 672
9467 7133
5772 3169
1779 3887
7944 7500
4782 1681
9620 6639
3405 8019
5714 4747
7590 1224
5564 6868
69 5670
2844 7541
2726 650
3013 4393
6748 1298
9624 9011
926 5329
7984 6311
884 830
5095 9934
590 8725
3278 4534
7117 2308
1561 2768
1624 2271
65 9953
9161 1438
2816 6913
9982 5754
1736 9951
6952 4547
1725 6858
7823 9356
6342 4633
4940 3229
5024 3669
5005 9153
395 106
7108 9750
747 2730
4345 5711
1576 1753
2148 7989
2302 546
2595 9442
8670 6384
42 8452
8347 4054
4158 8480
1630 8920
1753 5901
2771 4719
5194 9589
298 1914
3874 4439
2278 9847
4135 3096
6769 526
2212 2605
3958 9046
9191 8818
38 590
1075 9606
9764 1158
2524 7933
5577 5011
6173 7421
7456 686
2741 337
6251 2294
469 425
9484 6073
5716 5496
8157 655
5131 1525
8249 5792
3658 2890
16 7992
5089 9704
4759 3690
5111 5665
6582 4122
2535 7869
168 9938
6686 5542
5518 3646
9263 1131
2204 5280
4911 5505
1275 7948
9401 3869
3366 4605
5866 6395
8205 3263
8326 3466
276 7586
6194 830
7029 2286
440 8957
4378 7241
5990 7555
7332 9314
2703 6830
2887 1514
7880 3682
8219 1094
6588 7445
8061 9422
5081 4676
4492 8897
7729 4189
6252 3919
7386 3171
5702 2893
9678 1694
246 725
1548 3016
7212 9155
9045 4528
3708 6553
5551 6971
3550 9452
6374 8542
8894 1924
7478 8517
8045 2912
482 256
5854 4288
3984 1440
5994 5401
5547 4959
6204 2165
5360 4277
5814 6128
641 2691
731 6348
1285 7788
5714 9582
4022 8871
57 3950
5441 9631
912 9083
8186 1459
6074 5189
4085 2582
8656 7537
3710 4320
7501 9689
7058 5963
2626 9785
6212 3766
7156 3235
1737 8582
7497 8508
8460 6128
4319 7373
299 7857
8581 419
4408 8246
3568 5375
6728 9940
5320 2310
3671 6209
824 8002
5987 8505
4097 3887
4733 4762
5927 1087
2555 1784
4387 8967
6008 2746
7519 495
4371 6171
4301 8502
8140 6634
8833 7180
5018 6442
8370 7
1015 8307
6445 4942
642 8943
226 7505
7516 5133
8597 431
5004 9874
7262 3005
1931 2195
6873 550
4585 2557
7543 9046
8022 7533
8860 974
681 3544
7903 5555
9069 5124
1260 5279
7023 4797
53 2719
4593 1601
6093 5443
3594 116
7724 5137
4900 7821
9454 5185
7037 6023
9219 3490
3174 3617
8689 3188
5367 9343
3149 9645
6041 1430
9542 1797
2202 6708
346 921
4973 7462
9567 3035
5895 8319
2732 3024
6451 808
5581 8257
127 1914
5746 8795
3437 1542
6160 5951
7155 6510
4782 6946
827 1833
7114 6062
8148 2099
5218 5567
2415 4506
7563 4904
4163 8530
9470 1931
4169 9778
5030 9364
6080 4357
6355 4255
122 2138
8249 1549
7342 6693
7058 4484
5492 4251
8792 924
6716 4218
12 9250
8871 767
3826 1048
2764 5373
8690 4259
3093 2749
809 6460
4543 6904
3030 6624
5918 1743
1981 7936
7686 5268
4951 6130
2211 1470
4528 254
9746 1977
3816 2305
1526 7651
4275 1181
2596 3665
8041 807
2087 1368
2038 1544
7436 7748
7211 1037
7479 436
9067 695
1709 7563
7023 1980
3928 3873
1907 9636
7910 6481
1543 6988
1994 7065
6766 6695
4378 412
594 7688
1519 3091
7902 3465
4104 2200
2115 5287
9303 345
6084 5235
4866 443
329 9026
5827 9301
208 7262
1833 112
8391 3588
3157 5790
4084 2420
5566 9920
8381 4820
9037 2526
3344 1117
2418 7284
6508 8892
6525 6623
7142 6115
3333 4803
4166 6917
2149 40
5927 5341
186 3289
234 6136
6534 5092
7683 5542
1024 1116
7899 2621
7442 6618
764 102
6602 7128
4808 6910
7385 2597
4003 6070
615 2788
3284 7092
4333 8700
8808 6752
601 6025
1263 1720
270 7482
3725 8924
5937 9745
4090 5042
4989 6070
2803 7475
144 3028
9303 9772
1084 683
714 8655
7863 8972
2533 1455
3323 2288
820 8151
6486 2866
5655 5844
75 6512
2561 1846
4400 2126
6876 7683
7390 754
9668 4677
5172 9305
1127 1447
2341 3809
7563 4875
1365 2381
792 9671
9519 5732
9802 323
7474 4130
5696 5324
6623 1718
7280 2981
9693 6866
4129 8321
2230 4287
4943 4122
2871 1158
9322 8285
3636 3687
4567 5260
3217 3446
6238 4538
8138 9529
5674 8803
2108 6716
6348 6145
4666 4701
3241 3624
1577 6928
23 2523
3876 8699
6500 1252
3864 6251
2255 8608
4457 5966
5501 4241
8604 4567
8581 7178
6251 3614
9444 3607
1860 3229
6410 9938
7370 2244
5884 7391
1106 5333
1856 6673
7688 568
8179 5906
1272 7497
8662 1743
1829 6949
7405 3770
9093 1745
1839 7623
2946 7491
2569 1279
6619 3415
731 8128
6593 5563
8041 9850
2042 8115
3467 19
8114 4006
2269 132
6165 3502
5760 3355
3814 6780
1959 1319
7836 9267
11 879
9807 1080
7112 4699
7391 9032
3054 8073
4190 7682
5104 8954
7761 2777
4024 4914
258 5491
4897 5563
6769 4524
5868 3202
8238 5284
3580 5145
769 5869
873 1364
6819 6542
7345 444
5922 6435
1394 511
7073 1962
8354 2989
1109 3879
4615 685
473 177
3167 8598
8571 3251
1914 5542
7725 7660
203 9263
4565 3007
234 8229
5901 1588
6596 7473
51 4197
2730 7665
9130 322
2350 3237
3016 4829
6969 2068
8134 1935
3864 677
4675 289
330 2342
7825 7812
8052 9737
5894 8090
3885 3106
3069 8714
3906 346
6339 7664
8291 4415
7834 362
7524 9298
6041 3260
2813 4343
4681 8493
6875 8536
2618 824
8925 5123
3340 9788
7079 9031
7142 3644
466 3611
2195 5312
5946 9208
2272 1122
6175 1866
160 7314
3172 7074
4552 8947
6307 2519
4371 5083
7608 6576
5438 7463
4705 6331
5549 6725
2436 4122
1957 3607
2393 1553
5344 8919
3484 233
2876 4958
4525 5744
4380 9595
1071 391
9301 3730
1180 322
6642 9226
2383 4748
2225 4686
7224 9504
5380 1405
6732 7825
609 1179
2291 5027
6179 6862
7144 9711
7830 5617
973 9235
6334 420
964 9584
209 7210
1335 4314
440 9449
9824 3292
4803 510
2290 7329
8946 406
8334 6012
5356 5046
1439 5473
4028 7781
7999 8522
4255 525
9679 8339
887 2349
1667 2093
3867 2665
6980 7263
4341 4200
1052 9472
8050 5077
7261 4431
6982 2960
6523 8892
3445 170
5853 2940
3163 1356
2576 5432
2805 272
7316 6654
1894 2070
6237 8303
5443 4577
3123 7471
9751 5624
466 1433
6544 6597
7131 792
1280 7881
9601 831
3197 1478
7917 9298
2609 6228
6091 171
3626 9965
3163 2566
9563 9344
1248 4757
970 8817
2132 732
960 39
1554 3526
3852 9966
5691 9310
4720 7491
6994 9559
8306 4603
6176 4789
4685 5083
3072 4786
8061 3905
9460 2074
5063 2666
3358 2095
942 8874
5816 5525
4607 551
6653 8871
8438 2382
2093 3232
3047 3133
2573 5395
8182 583
7029 1572
3119 1156
4976 397
8591 5789
7679 5370
3368 2180
8279 8877
2945 5978
5198 2219
9396 6264
8226 2588
4783 2999
4514 6063
2819 5095
5746 8868
8392 8828
7308 6016
6791 6332
8170 1884
3854 8994
4333 6215
240 8942
1577 6479
2354 4451
9030 332
4976 3592
5873 1878
5958 8584
1113 9593
7286 98
9826 568
4856 4601
2645 6504
3190 6516
5678 5664
6364 2943
2445 8591
4846 3721
6502 9206
4082 8645
7281 1754
97 4473
1978 7268
4027 1489
8210 7424
2528 4125
236 6673
2471 7166
3777 1467
1275 3869
4428 3752
2584 6277
8255 196
3443 9124
4717 6673
5216 3374
2141 2116
4505 6122
2445 6822
7278 387
7133 5731
7039 7128
9840 7118
2612 8028
9839 8476
4998 5062
1509 2820
6787 3826
8547 4566
6941 1887
9886 897
6460 1328
7804 1498
2600 4971
923 4092
9327 6940
2202 6067
5509 1203
6526 3872
2223 6178
6767 456
9623 8720
3112 2949
6363 9864
5818 5859
1118 9515
3177 6164
3606 170
5598 5757
1068 8684
8947 2247
1295 9326
1946 2271
5505 1982
7799 1478
584 9360
9713 8881
303 5641
5861 6586
6130 8118
7283 5645
1157 8294
2063 2812
1742 7884
7185 9852
4343 4190
1429 1142
3277 5993
7164 6022
4963 9450
7626 2031
6032 3318
4486 9942
5628 4819
6220 8595
6135 5629
2142 979
3411 8962
6991 4472
725 1814
2903 6135
1256 5456
114 841
2249 1403
5457 6683
3388 742
9463 9838
4966 9205
1788 5639
1281 2381
414 16
8075 8891
7147 8581
3655 1230
73 6232
7546 297
1103 6254
815 2930
6041 656
5508 8390
439 1915
6315 3746
2366 2800
2954 9915
3606 3380
8507 1320
3626 2369
2348 5922
955 3508
7441 7243
2813 8173
9597 7316
1401 7762
6764 1125
7114 2460
9741 3689
8224 5672
8624 1183
6256 119
7980 8522
9521 8926
7036 1986
4432 5799
5628 8529
7597 8254
5697 9959
124 1414
3839 1767
6821 146
4384 8248
3461 8299
7876 4004
9003 2960
1595 876
3483 8354
5565 1154
3838 1716
8482 8925
1936 3985
6491 4985
4817 6373
167 7204
5797 8099
2430 9346
3444 8254
3482 3178
8458 2704
6889 4328
8184 5206
9149 2633
1729 3649
2203 2801
1454 9766
944 1432
2955 9807
4407 9400
600 4473
2180 3649
3240 8180
780 3078
6805 9046
810 1822
9978 2536
8108 3107
4680 4919
1060 9110
6882 676
9 5129
4224 6565
8563 5171
2048 3138
8818 6224
7376 7128
3559 8559
8710 7273
7672 2466
952 2827
17 8145
6596 3269
1966 5639
8441 6549
7635 5444
6380 6988
5220 441
7973 7791
2412 4719
2303 8344
8330 1568
6987 3940
7888 7580
6701 3155
3379 6630
7054 6811
78 5909
5528 7957
7022 2564
861 6494
4471 9409
3921 6328
7101 8641
3659 150
8364 2523
3944 5795
2162 7769
3480 2220
1503 2458
4623 1217
9484 7859
4565 56
577 8297
823 5498
4652 328
9668 6181
9233 5967
4368 4280
2469 1122
1364 4138
3026 6519
5452 771
5335 3449
2872 320
7253 9496
9164 6180
1091 6983
4767 4818
8458 6845
1888 3028
25 8821
5724 1047
9602 3150
1625 4220
8571 3035
3135 6297
9807 1331
9930 5190
75 5426
7497 4193
5265 967
2002 5994
8200 5220
1036 1527
5129 7506
2547 8033
3892 5002
3703 5190
2537 5340
1453 8549
5120 3772
2701 5573
865 3920
3474 6446
5645 5331
3949 9022
8563 8374
7475 5237
3131 6665
1002 1049
303 7206
5744 1507
797 871
2852 8656
2838 8427
1307 1490
3986 2805
5436 3613
6202 4173
9572 1226
2797 1597
5187 1639
2267 1092
8318 6116
877 1399
7659 1751
9979 3099
9815 1193
3620 2045
6243 5944
8010 2730
4963 9715
9555 7927
6782 1441
5017 6298
4561 3194
1115 46
2076 7260
1162 2804
1939 567
4173 1165
1598 8434
493 8368
2857 3732
4570 7402
9589 4987
9460 105
4197 1272
2130 2240
2002 5537
5935 295
3048 126
3384 1496
2983 733
5471 7635
818 271
2283 9034
1267 5688
3190 6278
4597 818
9117 3952
3129 1371
9748 329
5234 754
8896 5731
3193 6846
8842 981
1817 583
8259 2954
1587 1435
5354 179
8028 3115
4520 7713
9019 827
4341 3884
8411 9381
3279 3694
5775 6471
7738 9625
8313 5456
635 3517
1937 2327
7484 4803
3812 4356
9868 4485
6451 9893
3804 6691
2976 5051
1538 351
244 7162
26 1826
5292 2668
3280 7637
1671 9711
2423 9417
8954 5458
53 191
2332 6892
2980 3249
7274 5013
3923 4519
4260 5691
6467 5731
1598 4319
939 2166
5424 2005
1397 1768
4695 6184
6014 7828
6418 1475
8954 3017
4885 9881
4381 5066
4665 7710
1219 3791
4906 3515
5193 6786
4200 1470
2721 3347
9318 7159
802 6597
7582 4205
3126 2046
220 4775
5819 8891
4526 8004
2515 521
7099 931
1187 1533
9576 1211
8071 8894
7540 4357
7501 4485
9262 5501
4485 5524
7929 7252
616 9820
4799 8433
9550 5461
651 5531
5926 7434
7597 4257
6882 9642
4954 5090
2552 9833
8426 8821
4690 9196
136 2083
7071 1873
9574 8568
5328 6149
790 5525
700 5355
7330 5345
7516 8092
3396 3859
863 3745
5887 4954
1991 7835
20 2245
2555 8924
2398 8891
6019 7051
1047 5061
3119 5124
6912 5151
5841 3718
7613 1835
2797 5267
4119 2701
2192 6499
344 2800
535 2801
5890 5183
5683 7900
7849 8413
3676 8360
1844 9662
2123 6379
5120 7739
1950 9664
3341 6178
3079 7207
6479 9172
6446 4979
2126 9654
1595 235
5558 7824
9836 2361
7912 8305
6997 8302
535 2104
8827 1580
4652 7469
8920 6554
5315 9494
5467 9332
6476 7154
197 3257
7338 1362
44 3195
8055 6026
4491 1282
7806 8501
7024 2009
5488 1327
9902 4656
3168 8616
4025 4744
1191 6679
2012 1258
4000 9797
1670 7585
109 990
1752 3307
4784 7988
6233 2988
8563 9660
7026 970
7793 6222
9587 5794
1786 4505
972 6994
2115 9149
7781 4285
7076 671
3030 7818
6376 9544
1199 4277
7072 5526
9250 6813
1201 7722
7860 1780
289 5337
1376 1346
5086 6459
9715 9027
6407 1119
5473 4164
4528 5029
6559 3242
2643 1682
1623 1947
5226 8192
4551 9906
4406 1835
2162 4527
9067 4261
6957 229
2833 3970
2963 8667
5813 4525
9170 6668
1318 5106
5244 1303
5608 6786
6391 1039
1316 4850
7565 3371
5622 7467
9485 1799
3582 732
5432 4882
3904 2132
4164 2798
4676 5096
7437 3748
470 7779
9807 2765
8375 1857
6205 3481
6826 2339
5966 6108
7656 5822
8890 4956
1500 8411
8017 4757
1288 185
9636 9509
7871 2327
2746 2784
6760 5994
9309 5933
6817 4701
826 7414
8586 3868
5925 7836
3526 5592
8850 6546
4062 7558
8925 9213
1389 2864
9747 5162
9716 9474
2999 9560
4920 1134
8926 7033
1167 8041
9251 7830
1543 5115
5428 5048
3615 5427
9795 2304
6732 3217
981 2383
1302 7354
711 9518
7192 5464
1316 6280
9027 1271
272 4795
699 7849
944 5339
5465 2371
5536 2591
6743 6782
3804 2418
9975 1543
8967 915
3117 8863
9431 9573
10000 1931
7478 9664
2845 7061
483 5134
4740 7465
1039 3071
6953 6537
417 5094
628 3482
7042 5481
561 149
7858 2628
1281 2439
3489 2855
4696 1889
5910 4356
7757 6568
1068 8930
6124 2742
1216 717
8103 9031
148 339
9329 2989
7135 4008
2610 4669
9371 3779
8886 9328
4646 1007
3310 3507
8545 3115
1997 7719
7508 7834
1355 1473
6920 6964
486 4379
1451 7955
1261 1777
3648 2199
7667 4934
2524 2659
8050 4140
8203 3021
7253 8271
7928 9490
8092 4715
6040 2287
3676 5569
4976 2041
2189 6663
4858 9334
8298 7349
4213 8962
4836 3720
6178 4251
8991 7570
312 5254
7108 5928
9520 2376
6958 4227
3577 4589
8621 9968
6165 7828
8934 4128
6651 1344
4080 3384
6051 5449
5560 994
9501 9513
4126 5771
8458 6816
9238 9523
7761 5489
7368 3760
8972 9586
9313 7531
4696 7376
6800 7649
7449 2697
9241 2883
7347 2351
3653 4214
9666 6204
9840 4884
8307 2921
122 8618
8409 1301
7383 4264
8169 5892
2543 2196
9614 2109
6142 2823
4533 8683
9589 8846
5810 1966
9335 8122
2618 8503
237 769
7463 5071
8003 7434
4023 1712
6185 6197
8701 1082
1970 7201
6351 640
8056 9748
2550 9144
7910 7927
3569 4031
2525 8503
82 707
896 693
5551 7879
3191 8567
8226 3794
4752 69
9114 2928
1289 8861
8872 4944
4360 2447
9715 4836
2947 5601
2164 1204
3048 44
2219 8603
1894 1677
8840 2840
9954 7333
3938 3663
9188 5802
8372 3142
5719 7412
9275 2440
6764 7712
9049 8581
1143 2673
4629 1984
8465 3370
6169 3456
6436 4949
4195 1983
4707 9743
5860 302
5663 8089
8212 5135
946 7161
1708 10
1464 5159
8554 9097
5969 4480
5233 4731
4737 1495
4198 6596
8977 1535
4404 3180
5003 2306
8617 4428
1153 8781
8759 6276
3974 4209
2340 5224
2419 900
9978 8254
5092 62
9672 49
2985 1725
2942 9745
5622 4065
1029 9953
4418 2384
5445 2360
3708 7507
4926 2321
753 151
9392 2010
7271 7790
610 9273
8822 7083
7838 4498
1866 9897
9459 7266
6674 8581
8258 5256
5956 7215
1026 9542
2471 910
4525 6580
5815 9465
6000 3182
6244 8942
2847 8353
4355 4734
5614 8066
9308 9167
5065 4183
1482 5817
3869 7931
8910 7402
1261 1182
6205 2706
5694 3139
7437 567
3995 6993
7036 1347
6657 8339
2873 8961
9908 744
7977 4051
249 307
9635 3247
4186 3515
5588 8189
3861 4397
6141 7531
9021 5173
8848 9865
6935 3849
6678 749
8063 3614
6555 6097
609 1520
8336 7168
1808 9327
1641 8748
8050 7740
7357 6619
6129 1121
809 9973
9404 3574
109 7416
8580 9452
3421 6453
6863 4118
9153 9248
4009 6955
6917 3059
7422 3366
1834 779
4113 4838
307 9898
6761 9726
6825 6548
4942 198
104 9378
576 7352
2992 5218
4593 7492
8148 4900
1446 1916
1502 6142
5497 8137
2681 746
3882 740
1526 6771
729 5118
6744 171
8990 9240
4056 1592
2034 4299
3841 2899
8515 6658
7796 2199
6164 8763
3702 5272
3882 1994
5998 6585
4400 7478
9975 9988
2052 9962
420 1063
3256 8629
4439 5553
4370 6027
8168 6649
9868 9009
8388 2503
4836 1268
6812 281
237 9811
4754 1824
1597 5105
4255 3824
4717 3604
8320 4772
8588 937
6980 9719
332 797
2672 8524
547 1589
1291 5590
2364 2919
9810 6849
2644 7983
7861 664
3485 827
24 508
1678 4176
1059 1252
816 5891
9315 439
5011 6656
7463 6307
8823 1222
3427 6746
4068 3224
2656 9056
6626 7358
9018 8798
7777 8482
8929 1298
4035 9076
6888 9517
3485 9014
7337 6563
1978 2401
9472 8911
5191 6303
6699 2764
1464 8046
7601 765
5618 5283
8023 2966
4623 1348
8924 896
1917 9997
3247 3129
6911 141
931 5890
6874 3238
3778 495
2841 400
5719 8058
7466 9574
3074 9249
5551 3783
5624 6948
7310 4502
3697 4375
2834 6139
2216 934
9575 2160
7919 4012
433 6149
2248 3451
534 8477
221 5383
3439 5423
2088 6842
812 3349
748 6834
7549 3104
3482 3375
1545 9570
1853 4486
5067 1570
6815 2752
3024 4220
6769 1227
3498 1535
6023 8936
672 9773
9626 3291
4972 8750
292 4207
4619 541
2247 1359
2529 89
9479 8782
9010 6390
11 4592
2714 7706
1296 9311
1238 7648
2950 2215
2697 5672
3889 4297
1208 4981
7929 9500
4510 3437
8506 2007
2217 8333
7925 761
8827 2307
2621 7026
4234 2450
2923 231
1568 3969
2987 1393
2203 9356
3085 2846
6174 4370
3764 5487
3183 7381
2250 9481
1239 2125
7818 6660
8565 5317
5237 1567
2155 5293
6350 5162
543 518
4126 2058
1724 3145
7360 216
3950 3424
8054 8754
7546 2428
2770 6873
7715 4909
9902 6242
8390 4093
6213 6597
1263 5094
7863 6449
4386 471
5625 9462
7459 3507
3187 7097
7710 8417
5392 644
2992 5341
3809 3811
5787 4006
9963 3832
1174 5374
36 8455
6315 1773
634 8187
9000 7918
6556 223
2590 1329
4655 2470
37 919
9482 7924
3062 9865
6954 9411
5455 818
7775 7071
4899 1856
7437 4554
2776 7655
8908 7865
1639 5438
4953 8916
735 5055
7763 7610
8833 8443
3918 3147
4021 7700
8547 7772
8213 4818
9982 9367
973 95
9615 6184
8033 459
9882 1633
6199 648
407 9511
9064 4526
8994 6082
3124 9945
2796 5393
4011 7862
3624 5348
5396 3194
9727 6672
1898 4139
4204 5983
9689 4532
9297 9661
1158 1686
2369 1084
6149 6818
5027 8257
2592 9423
4405 3700
1671 3834
1127 772
6506 7025
4716 9377
3313 743
3533 10000
3701 9700
5525 3835
3268 50
9013 6174
496 4881
2002 619
4097 4995
3026 7047
671 3233
499 5051
3352 9876
4468 1971
9312 3756
4858 7570
2012 3853
4221 1309
2150 3005
9416 5355
6668 9832
6588 684
9905 1516
1853 4015
1003 5885
8740 5818
435 9874
9131 9093
9064 1510
8404 2351
3788 8456
979 3208
7445 875
8703 3653
7614 7463
3861 6160
6403 3270
1253 8789
1353 8056
9315 5270
5955 6975
4215 888
9950 9556
5053 8772
886 9728
9894 8231
6430 2356
3142 8866
5101 7730
4884 5722
844 9521
124 4793
761 6028
3872 6315
6678 8500
7523 7619
5850 8362
6157 2995
8751 7078
8826 9127
5554 7891
5467 4683
247 9104
2323 1760
867 9392
2506 5404
2320 8987
9694 6934
6620 251
1438 4126
8426 8528
4173 467
447 2060
4085 4731
9590 9944
8609 3071
4909 8253
289 8715
134 7548
8122 659
6759 8519
7380 569
1114 4533
9834 1144
1118 1746
5469 1020
596 3404
8578 1991
9698 2087
7487 3502
5412 7386
2722 7706
9014 4400
2218 3368
7419 7305
2412 3065
6601 4694
5279 4595
3755 2064
6944 830
5693 7281
5487 4711
1812 6089
4720 6544
3316 9243
6619 4046
5223 1277
7997 6778
2221 3260
4869 273
2054 9445
3751 8692
6666 5677
3917 7641
9393 7467
6912 4280
8748 4392
8307 2206
8058 486
8377 829
1683 2614
5930 7658
3025 1296
5506 2734
8658 3807
1874 6534
3720 2274
1357 1683
5081 1469
1388 6411
8591 4614
4491 1126
4904 8216
90 3825
4695 7459
5804 30
8753 5498
603 5603
9265 483
210 1542
3078 1051
4466 8984
1520 8160
6222 3639
7798 6565
5230 7929
5714 5377
5072 152
8819 9200
418 2449
3306 6256
9946 4996
6238 6710
2222 1639
2184 903
2284 1571
343 3455
9588 5029
6094 9917
3112 7390
8481 2453
1475 4644
8604 7805
2095 9759
1532 6352
5917 5293
9203 6686
833 8846
920 5226
7268 6584
9029 4650
208 3764
1351 1435
664 8479
594 6363
5005 4810
7115 9549
1625 2603
6715 936
5784 6506
5571 3272
1962 9301
8050 7068
8755 572
8913 7222
8252 5237
2872 5278
5423 4889
262 6080
1310 6805
1388 793
2588 4858
2514 9630
2162 3918
434 5764
3468 8889
8376 8889
2314 7865
216 2442
9712 7918
3432 9179
9046 1134
5137 4947
4792 8466
9970 8652
774 2168
6397 9159
2134 3199
1144 7942
1597 4590
9038 2001
938 9997
5180 7074
9259 2089
8260 568
9734 661
1565 9976
946 5716
2992 4679
4795 1056
7517 7633
8913 1046
2068 4982
6297 1816
1325 3159
5595 5161
5744 5453
7714 1764
3742 8131
223 5686
8102 4775
8391 5039
8448 9869
1296 838
4806 4588
5944 9202
3254 9087
3470 9921
7346 1365
8119 2612
9807 913
298 5505
4105 5674
8196 6224
782 9148
7574 6719
8767 4902
3842 1007
1154 6586
9377 3684
1106 9713
7327 520
653 7828
3773 792
8805 7748
3935 7222
3472 2178
5900 6069
4088 9895
2401 1841
1916 3118
3518 6340
6845 1717
4919 7154
5890 7888
6980 1790
516 6406
8369 9890
2995 9090
7119 2460
6847 7379
3393 6363
2895 124
4096 2214
3534 3301
5432 4149
73 6792
1625 3174
1842 2629
6406 9369
7216 14
7049 4773
7805 6075
1837 9665
5926 3784
9587 8139
239 4946
7678 8357
7341 5870
7527 8611
8889 5202
9753 686
5204 8122
1782 3748
3005 8212
8592 7989
6829 2068
9201 1575
5580 1761
2147 404
4744 8630
4761 8439
613 3058
8677 1795
3656 8504
4191 3787
2827 8704
5684 3707
6285 6196
1365 4766
8815 4756
1684 1269
7015 1443
1018 3223
7921 7639
8708 7083
5433 141
7329 1599
3554 4642
8070 4261
6338 6443
6010 9073
579 9902
5642 1820
5300 5495
8934 7140
8582 5428
1794 5689
2064 137
630 5938
1340 125
2287 3542
9831 7771
2428 6948
1557 8162
1425 8043
9338 1862
8183 3186
5458 4397
9690 737
4570 2146
586 758
260 3589
667 2754
2887 2840
4852 6937
6605 5396
2708 9046
3364 1234
7112 7108
1390 8723
5751 3238
6192 1561
374 7744
2838 8843
8628 1323
4974 9301
4672 7621
3609 5493
253 3007
2941 607
6293 733
3269 170
2755 7786
9471 5730
5607 2177
4685 1876
7558 2997
5413 4708
3432 426
1809 9418
2056 3401
7968 3184
9304 352
5075 5558
7786 9920
3873 4671
7768 9853
5075 6065
7132 786
232 8521
7193 1338
4306 8165
5216 8584
7032 3784
9036 8272
6274 7241
5175 9931
3600 9908
7538 1735
3476 519
4065 69
4755 1559
2461 1338
6695 6377
6432 5198
2896 8969
8668 2112
7278 6326
4517 9567
9945 2659
7954 1842
8810 8648
4880 4546
3119 1984
5087 731
5227 2569
2915 9519
1571 7094
2980 914
4114 7936
9294 8175
2070 6385
4482 1617
9744 7496
2051 9739
1912 9768
9226 465
2919 7176
2051 7549
2348 4532
1646 459
3304 6282
4958 6076
6929 9151
2957 8087
322 1064
70 7172
1434 1745
3450 4959
9033 5497
6908 4411
5350 1380
5925 2300
3595 3624
7296 812
6103 96
9631 2519
5803 4012
2132 7390
4894 9695
4953 6440
1705 8672
1321 5773
7500 2121
4228 8569
2311 4235
9263 6943
9282 6200
7906 4915
9221 6632
4936 6559
3936 8037
9746 8847
6053 4622
3557 4213
9801 3688
5351 149
4919 2216
3318 1914
6652 9610
6545 2592
3996 4270
8765 3800
8988 4389
5889 5815
9638 3336
7066 6902
3544 9282
1560 5123
21 5969
8767 8271
8610 665
6663 47
4666 8432
1725 6604
5867 5683
4720 1714
2727 6880
2372 2244
4100 4522
6578 6326
7164 5705
5558 8514
1982 5367
352 2724
1899 3587
1092 8878
858 5714
1162 37
3348 5641
2590 7217
9976 756
4513 4113
728 6131
7958 2197
8187 8216
2342 866
8793 1258
9052 8594
1970 4212
5178 1921
6839 9574
4451 2737
9183 9507
1598 8519
1908 4322
3737 8044
5795 5742
484 6012
5168 5702
1938 234
2319 125
860 3035
5916 939
285 950
84 9098
5126 5642
2170 2698
4780 2920
5715 8013
2741 3525
3706 8491
5903 9722
5293 4400
7370 1748
8142 7497
5096 1780
8915 4267
2036 7919
3494 4796
40 4319
549 1800
9877 6144
6931 1277
6767 5508
7237 5679
8959 6080
711 9445
8799 1885
8437 90
7249 3959
5794 989
153 5425
2804 4625
2318 8144
4693 8142
637 2987
3892 2702
6966 5970
5602 1857
2637 9444
582 89
9978 3255
8265 7215
5002 4691
7899 4956
1787 4535
4044 4720
6708 2099
2979 3295
7339 9869
2715 7183
3036 4924
3265 6316
2009 7152
1896 9332
6661 4984
9477 8316
152 2810
7682 5320
6238 1006
4815 8214
2312 2547
7245 7493
7001 665
1697 6422
4810 6214
7111 98
3254 4866
8956 9027
495 6138
2547 3785
6967 528
1618 2326
3096 6601
674 2563
6253 6494
1681 9609
2806 4620
3283 8969
360 6084
5757 3093
5227 6843
5402 5172
3434 9707
3830 4530
8886 4689
1861 5549
1764 2349
5469 2841
9114 7429
4727 3517
4054 9041
450 4932
4775 2240
6912 2685
4706 339
4056 1484
1438 93
7986 198
7816 969
5358 3961
7296 3251
7309 3202
2554 8781
8470 2356
9646 3740
707 3096
761 7977
241 7767
570 2321
7220 3362
9333 4981
5136 9435
6452 4923
1841 5929
5744 6603
4356 5704
6588 434
2268 7591
3131 5698
9438 8008
5957 464
5173 9555
2791 6661
1055 4707
9279 4734
4669 1463
5107 5805
1591 1603
4411 7989
918 7180
8915 2321
8969 9120
9387 8206
6272 7628
2582 6716
1732 4643
2718 2017
109 46
3502 6502
5706 1463
4727 232
8237 8668
5836 3272
3452 2690
4149 1868
4897 2832
4080 9004
7675 2528
4523 3733
4171 2609
316 6985
6776 471
9609 653
5819 3850
9824 6634
1620 2067
449 4253
5747 8594
1646 9816
5535 1274
4034 1518
5075 2003
7895 1658
4700 1992
2702 9929
8748 6583
9803 4395
9066 3444
5895 6150
8576 9877
6813 3571
6860 2503
8733 5055
4207 8280
4203 1708
881 8235
960 4749
1547 7095
248 13
7115 7752
8211 5321
1028 4269
1493 2097
6235 8984
5895 9355
7099 7393
1763 5104
5234 4147
2555 6381
8450 7486
6642 6148
6673 6883
4353 6168
2537 427
2276 5108
8441 241
6107 469
658 6563
8938 2459
1978 4293
2537 1133
4044 93
9396 8962
7415 6664
4267 6584
3947 8356
6548 2656
1823 4276
2100 7456
5453 2896
42 352
7316 3890
6564 5214
8725 857
5016 7114
6311 58
4525 5994
3108 5930
7647 2055
4057 7189
2878 7998
5818 187
3807 4689
2395 6157
698 8804
1144 5284
8154 224
4110 6171
3504 162
5632 4704
7313 429
6259 8471
9267 6084
5298 3559
1700 1201
1594 3418
3891 9105
5343 9025
8245 2854
6294 7118
5457 3315
3785 8185
3364 7060
6038 668
5887 6963
3440 8519
8052 5828
6077 3516
6620 3274
166 2244
260 6111
7722 2472
2602 2880
5259 7240
7541 2015
9839 6952
3003 816
80 142
3401 5916
4093 7670
991 4609
3287 6334
1985 4751
2692 7850
7143 652
1456 113
8029 1666
5367 9166
2372 524
9308 4256
8719 6316
8054 1706
7095 7048
8285 9811
4696 56
6209 5688
386 5162
3444 7877
3144 1951
6027 9904
3060 8587
6544 3598
7585 7848
4723 9148
9216 3523
1124 1335
9508 9054
7531 5492
9702 8893
2865 3481
4113 8057
8724 9010
711 816
2775 909
1722 3314
9775 4622
6340 8470
775 220
8816 2499
1613 6962
6094 5143
5747 9007
8963 612
7471 806
678 926
2907 3663
1604 9630
2981 8740
5646 1170
9520 9429
6566 6218
5010 7924
245 5437
1844 7818
1544 1458
549 4512
126 6072
3815 5815
92 3278
4081 7297
2953 6811
7259 6261
5794 5895
8757 8815
1911 1440
8208 6893
7116 9847
3891 1299
9241 720
7047 1048
7595 3957
1516 1511
1409 8292
1970 8815
8127 1660
8049 3508
7694 5764
5441 7755
2250 9877
9570 9522
7779 6155
8646 709
6925 4679
1314 4714
5616 2000
7297 6775
392 4301
145 1702
3013 5645
9795 1432
1597 8927
8735 4495
9957 1594
9742 5826
6556 1846
9438 2637
4145 9857
4914 1326
2151 9772
4207 5849
5928 8508
2721 5637
175 6921
3220 2013
3644 6417
4346 3056
4164 4598
4284 4562
6751 6396
7825 4681
360 2428
8104 4768
6625 1156
8084 7495
268 1621
2587 545
3939 1876
775 5460
6657 7209
517 8061
7974 9651
5544 922
2534 5841
2630 5661
3451 5466
826 912
4111 5607
3393 5100
3987 8340
6493 3088
2555 8402
1893 5728
9680 8456
9619 883
2956 381
2420 8085
2881 6720
3196 8147
6339 1825
1695 6657
8265 9717
8601 1719
5728 8245
1799 9760
3560 9583
2300 298
8277 4196
9773 8168
8111 9688
8053 6835
338 9030
2642 8389
703 8522
8678 9164
6777 884
9239 3005
2633 2267
6959 9071
6267 1256
7116 2604
815 9047
369 6787
3321 9770
1892 4376
3696 5733
7342 3891
8451 5827
6574 3965
8911 6159
2550 7846
2106 5900
6604 8802
3068 6894
8763 2871
1744 4063
2031 2352
7400 5787
8525 5837
4854 4548
8488 97
4644 2638
4861 211
1181 9924
3128 2637
7073 9298
9581 176
3381 5032
8016 6926
3105 2782
3005 4639
1440 554
4129 9805
4595 1547
9198 743
1375 8178
5131 7570
7146 8468
9778 5059
1314 5417
8705 646
6742 8928
5994 1338
7995 1225
3154 4691
2504 2505
7589 6151
8458 9722
4576 2721
7473 2296
6390 4338
4737 1605
8253 1978
5378 9477
6638 4339
6993 9411
4776 5767
8349 8107
2941 5365
1418 5181
147 8208
6033 1841
5636 6976
3342 6653
2574 8127
7617 5153
2772 9820
9326 7467
7324 9612
5117 7107
9743 9844
9802 2321
1373 912
5078 2609
4246 7696
132 9382
5265 9605
701 5525
105 3848
796 5957
4779 8612
739 9318
9705 6423
85 3846
6426 7733
2057 5309
1415 5669
8350 1955
2704 6530
5489 2949
1685 4203
1960 9236
974 6083
2171 9173
6756 1265
3237 4034
7125 898
4039 1031
5620 9618
1094 7686
8742 2679
6568 579
2374 2134
459 2121
7217 9419
5455 8228
6843 1814
8518 5413
6777 9321
5323 5489
9141 3611
7032 7154
3374 7367
4862 916
7444 3902
4753 3177
4592 7105
7354 1382
8874 8200
2755 2452
1793 9629
8414 8208
7959 5026
8719 6283
7202 8807
5725 3690
3789 1092
2341 7335
5780 5494
6343 1038
6764 2665
5671 689
4632 1523
349 2165
2725 4649
4294 5187
3071 8680
1280 3176
5242 6045
5362 7333
8522 9021
4306 4703
8347 1406
8205 4928
3034 4844
1554 980
7273 4117
6967 2925
4143 9453
4035 6368
4182 5499
4178 742
4971 6522
853 5804
6946 3545
5983 8963
4368 2684
6217 6352
2543 184
5694 3741
3149 1723
5968 1030
301 7345
6657 1853
8228 512
8699 8199
541 2045
665 1725
6982 5109
5611 5836
9633 4630
6406 133
7124 4098
5682 1838
7065 307
1322 2910
9727 9329
4911 2245
9111 5454
9014 2530
9799 4555
8293 1547
7339 7728
3706 5593
6207 3928
7860 4297
534 2306
4248 3132
4150 849
205 9047
4154 5789
1056 6532
1263 8577
2865 7280
5287 9930
2916 235
8217 6046
4626 2475
8382 8067
4533 2665
7062 6611
2751 4866
1521 2095
1699 1223
6391 8953
3883 1293
9153 4136
5825 2094
5181 1672
9349 4167
1357 1143
8413 5432
600 4490
8896 9143
504 3942
8411 8829
11 4375
7532 5319
9923 2972
5594 5350
1574 2600
4218 3551
7246 6099
5339 5708
4361 4904
2764 9914
9546 3877
7040 425
7142 4669
3633 8719
9225 953
6298 7013
9327 4450
9148 6808
2011 7961
138 3353
5315 4128
9037 1390
3969 9071
8928 4127
4084 6079
1188 2185
7965 2210
190 2239
5875 5801
7156 6820
7887 2348
6868 7938
7808 230
1662 1190
9161 6743
2020 5649
1390 6496
5249 521
3259 6746
7551 198
3501 1424
1583 7845
1878 384
454 1368
5213 493
9082 548
8924 8848
1753 1778
2064 147
7698 2384
5741 6340
4713 5613
3896 6857
839 3487
4362 5286
5481 2881
3572 8904
2268 3469
6165 1405
7767 8774
678 7738
2834 9650
1183 2196
5191 4536
9183 3175
5272 5126
2071 2434
5000 8685
3775 5337
5456 5907
2129 4018
6460 96
2537 8841
684 4641
3019 1756
6484 6185
4397 7758
1212 9339
6248 3560
8400 161
3563 1284
5520 1944
3352 6065
850 7553
6581 2418
2587 4050
5213 3950
2890 1107
141 9457
8814 1554
5815 2378
5370 3295
7170 5211
8024 7600
9751 7421
6723 6719
4342 5273
8491 1703
7279 3119
4501 3242
2746 9299
8745 334
9376 3531
9202 8347
8831 9458
449 1711
1081 6809
9227 2746
8309 2465
9126 6338
3037 4625
4736 4688
1871 150
3800 4610
8285 3262
7171 9655
5516 8844
7336 5014
2936 6696
6389 9319
9951 2156
5064 7240
658 760
8934 9801
599 4350
887 6560
3593 1638
7672 8583
3606 3564
9064 1113
7152 8813
2059 2584
1853 9950
7082 7962
9608 8981
3681 1207
2861 3117
6896 8477
9424 5319
2859 7404
8727 2212
3594 1371
6251 2012
6297 6785
9420 8185
8025 9804
4490 4572
2093 414
28 2472
5438 442
4685 1154
7352 3388
3194 1927
5115 3230
9285 6726
3082 9172
8229 7074
8879 7169
3540 5713
8021 9615
6223 4511
29 7468
3930 1068
8426 1815
4362 1770
4373 6535
5240 5136
1769 2772
2869 9897
7432 844
464 4374
900 592
9266 3912
2951 4660
1811 7847
9676 5170
897 2622
7123 1512
400 7564
4177 8437
9381 4004
1405 528
4074 5678
1109 6257
1934 148
6807 22
1522 7286
7320 6000
6700 3798
6656 4339
4376 7613
6908 6377
6882 2788
2651 4944
6765 8908
3282 5495
8543 9399
8584 9077
2162 5388
74 3155
1621 2678
2712 1372
1241 3510
4166 7828
3669 2701
6188 3374
4051 9011
1799 1765
2992 2403
8566 9556
1776 8028
5357 4126
8055 1905
741 6647
6321 6090
6490 1368
5435 1137
4924 9471
8055 6822
3151 8781
4861 1948
8635 8966
3924 4713
2972 548
9661 7754
2866 549
1081 3020
1939 7448
9997 3620
2117 7060
341 6745
3700 1234
6463 7412
9986 8430
6572 6183
5713 9385
3650 1667
5051 8042
8348 224
7739 5112
7416 7241
6033 1554
2152 6861
4658 3655
5250 1968
5878 3726
6400 7847
7289 2720
2737 7408
2778 1209
7894 4792
254 6730
2742 8914
7710 2282
5386 8231
9189 5328
5761 897
435 4731
4414 4814
1533 7707
6149 7411
10 7493
1121 1591
3767 4194
3921 275
6020 400
679 9769
9061 3984
3944 5082
7539 454
590 798
8104 2477
3081 7072
9110 2720
7737 1136
2241 7698
5846 5167
4352 5431
9881 7126
7888 7112
400 4671
4609 819
4206 3690
3607 8777
7656 714
778 9727
4649 7030
4326 8077
703 7432
796 4802
3195 3425
1103 4206
8709 547
2744 8246
7542 7958
5475 8115
2317 5363
8160 4835
6555 5292
3283 6311
7318 2322
6899 4004
4922 3293
5759 1122
8835 3145
5940 4288
6756 3843
1496 3086
5987 9535
2035 3025
794 7685
929 4866
2120 8864
4193 7599
6782 3102
8456 377
8819 6979
5583 9109
4385 6373
465 9019
3397 7393
3678 9754
7522 3957
7115 7842
7215 4724
8352 1384
1796 7605
6328 1301
4353 6996
4404 9720
2216 5936
3225 5039
2590 5563
7421 5090
1870 2142
6174 4057
389 962
8331 752
6103 7111
9577 4250
5673 8673
3071 7851
3957 9942
9162 6525
8233 4369
5338 9484
7064 914
4323 4650
5095 2428
3245 3916
8929 9302
3909 3210
5780 3051
9818 7203
3874 8042
8944 9559
4193 2614
4960 5771
3355 6182
4726 6617
7007 1190
2 3949
9502 805
3544 2489
8975 5861
2752 8865
6219 159
4582 4816
209 2332
7659 7762
7059 9116
3554 5160
8648 5267
8244 1687
136 1351
5549 2633
9779 4036
7260 7450
7098 1960
5511 4892
7444 9719
4165 4051
3659 8088
5554 3162
6764 6214
1998 4669
3931 559
606 1373
7084 3529
3050 4031
8347 904
9261 4797
2933 7545
5529 4403
8573 6171
688 7395
9224 5985
5755 3346
1633 1073
2407 776
5910 1831
244 4756
5977 2835
4036 3718
7312 2694
6402 3940
6485 6154
248 2181
4758 6727
4407 4345
7670 990
6067 6783
2202 5650
8677 8604
670 4650
6391 2683
494 3217
7323 5448
3533 54
853 6820
7329 7485
5820 4788
1860 8123
6109 8178
3157 7629
4936 4538
645 8674
5009 2142
6139 9325
4656 6915
1632 1444
9922 3346
5044 1268
5669 296
3383 5930
7168 6278
1104 3275
2137 1201
8202 8589
4365 4979
6946 7580
1147 4008
9003 7254
7449 2658
4762 5615
5502 6854
3561 3790
5030 4109
9368 462
9858 980
4184 766
8805 5084
1342 3825
3192 8794
4870 6703
9126 5608
7277 98
9185 9715
3542 3994
1019 5643
8007 7466
3294 1894
1785 2664
3797 8716
4827 5089
7584 3068
5486 4786
8212 9334
4394 6768
4793 1616
441 5217
986 82
3079 7489
6744 9993
7016 3967
920 743
4594 2653
512 4417
7310 3059
7134 7296
7707 1308
9937 9825
3083 3831
6350 2149
3237 1511
2604 3186
4689 8692
3464 1567
1855 1240
2002 8892
6080 7507
9758 3160
2827 1528
7845 8793
2026 3533
3265 2376
1386 6303
5668 3714
7039 3964
4657 3912
7037 2535
1138 2783
3616 2327
5825 9777
3973 904
9486 5083
6863 872
2767 1309
7443 5963
8715 605
3580 7064
5903 1156
8008 9034
3977 5967
4376 9025
3104 2607
2436 9774
8825 7498
3765 794
931 7320
5306 1583
2013 6422
1443 9565
9722 5526
9945 5271
1220 2605
7652 2820
5222 8900
5715 3118
337 9352
296 5942
2904 347
7785 5086
996 6288
2209 3901
1776 6818
6572 4767
4365 942
4302 9763
96 9028
1581 3867
8799 2954
9539 3695
6104 473
9869 2922
267 8078
3774 2491
4618 5530
717 2310
2704 1427
7138 5329
631 9889
7533 631
2704 2689
480 6152
8704 3702
1184 4551
2237 963
1895 8843
405 9458
6821 3118
6071 2816
1530 545
3111 254
7022 7574
5310 6002
8730 7173
3337 9876
8844 1080
8581 6977
8311 6254
2265 1148
8768 7052
5677 8904
5714 8567
2683 447
3435 9323
6741 3758
3853 2519
5310 3606
4670 8751
9231 8813
872 7513
6228 9819
7658 640
5885 494
773 5508
254 4214
5183 6504
4767 1225
8132 1107
7548 8624
9456 8256
2197 440
918 8750
1584 4019
8684 1792
6802 6932
6844 6925
3594 7814
7925 1201
8935 5526
6377 5979
3692 7285
9020 861
1123 7079
8603 3679
2071 790
8178 1805
24 4335
4357 9012
4107 8179
1432 6713
4280 7704
1655 8834
2250 6662
2287 4314
3970 2027
1811 5025
117 2887
2296 1578
9049 2449
9497 2844
1308 8096
2387 4306
6237 9410
4058 4827
2897 9512
19 6698
4239 6232
6952 6727
949 1754
4871 9516
1105 3948
3171 8248
9752 2590
2674 7184
1426 3159
8125 9417
9708 7150
2403 3695
3477 65
3174 5506
4801 5409
4348 3780
2649 148
1567 6236
2713 642
4062 69
9921 1225
9882 7983
7685 5978
2058 2157
9885 5033
7159 2518
1013 4448
3024 2229
2494 3772
2823 9449
2699 2415
2419 6501
5509 13
4716 8625
9064 1247
4962 5703
8804 9427
2887 8599
6748 4713
7552 6883
3850 1031
3335 3220
4345 6855
8812 9859
2442 3428
5824 657
2384 8769
2904 8895
8308 4417
5680 9959
4449 8944
6277 6769
3705 2072
666 2479
7454 8349
4020 818
5258 2418
7118 1233
1720 8002
1366 169
3656 6664
3214 9016
5775 9398
4172 4450
7044 1394
7194 3036
5909 6469
8534 980
3888 3338
6419 3526
4042 9941
9703 7224
9963 6905
9739 6319
4080 2209
4270 6936
7992 152
4402 6880
9608 7329
3278 6908
2471 1024
330 4339
8018 7134
6566 8846
6985 5561
355 4527
48 7729
7512 183
2383 5453
5214 990
2259 1508
2869 911
2779 1444
1197 8073
5067 2239
9790 8495
2156 9881
3520 5081
9226 1963
3731 225
3461 3635
8841 5479
5617 7858
5703 6590
5078 3020
3256 5356
5504 428
2122 3902
9855 9133
6942 5617
1017 9778
8908 7258
580 8175
1661 5647
2668 2317
6111 2652
3891 3130
7429 2912
1387 3143
452 3197
2654 5176
8120 9387
9271 103
6173 3333
7031 8674
3974 938
7456 1129
7225 6845
6141 2241
8736 4166
8137 7219
297 112
2147 2189
3736 297
8304 3024
6608 7876
4537 9600
7262 4010
9753 3560
1550 8804
3408 1955
3923 6659
8707 7956
8099 425
8217 4559
2265 1405
3743 509
3330 7531
2197 1196
1744 2978
7919 8893
58 6212
9590 852
9034 4921
8372 6492
3549 3228
8875 3584
6871 2636
3295 9859
6396 8077
4215 8377
1112 485
2432 9052
1640 5295
2314 680
5551 3531
249 4511
5970 6988
2213 9525
4924 5944
8266 6805
6123 8092
585 122
337 1382
4469 5063
404 3353
7543 8176
8254 7132
6411 2510
653 9883
1937 1472
3076 5269
8461 8020
8137 1564
7302 6786
6373 5464
3179 3441
375 4932
3321 2784
3793 1872
3558 7263
2873 7357
3898 4771
3658 4052
4001 3269
7169 6272
9050 3076
1360 479
4651 414
6606 7284
7082 4315
1668 7944
6965 4643
8145 3637
2539 6066
6648 1258
6625 4891
4749 3754
8895 6674
364 12
2112 1665
3890 9756
3605 1988
4257 6873
7283 3021
1264 4325
7088 2256
2297 5848
1482 2776
8826 9806
4384 6065
5637 9540
5463 6699
6015 5759
9846 8606
6868 4981
2074 160
2978 5969
5379 3808
1177 467
1221 7919
9826 3246
2376 4898
1813 3257
7529 7937
7201 2047
2583 1179
328 2174
3510 9456
8400 1740
9791 3365
3843 77
6510 548
1839 5198
419 2697
9719 3182
8514 9430
9585 5679
2243 4944
9655 3658
754 5967
7894 8424
1792 1058
1249 6825
5952 3321
1566 9313
1787 5385
5496 5894
765 620
812 1796
3445 2990
6636 521
9801 7553
2495 6265
8384 4762
5102 1610
4694 4673
3689 3993
5339 7637
4784 1588
2756 2182
9675 5342
6521 7417
659 1167
2821 7656
4838 6545
7194 6335
2151 6260
4906 1296
3739 1818
2367 608
2525 8428
5939 2184
43 3923
4873 4805
8006 5872
7330 6264
8710 6980
3273 3062
2500 8840
3736 5689
527 4663
5696 3885
6408 8047
2725 5556
9205 7892
5376 4755
7809 9197
7931 4194
5898 421
7096 5216
4146 699
315 3485
3663 1746
2075 2031
5596 9026
1781 1517
7637 8069
3017 1607
4943 7275
9275 2060
29 1670
9523 9089
1804 3791
7262 3473
3672 1471
3466 824
8197 9255
5198 5895
5783 5513
8928 6547
1930 396
6749 662
5115 3468
2132 5277
1660 5703
91 808
6244 3745
2777 8141
8301 5569
8474 3780
8933 4706
927 8396
285 2803
4331 8421
365 9287
9495 1525
5342 7654
382 4947
5630 3082
8898 8111
9936 3379
261 808
7337 116
4289 8148
4292 179
3425 7820
8143 5693
5717 2429
4044 4815
7602 88
3537 1054
2112 2930
7448 48
8970 3797
6544 8449
8529 5725
5530 3151
7674 4796
9052 5262
3163 6087
2354 2278
3986 8407
8952 3600
9870 3833
1665 8300
8356 3774
4435 4093
9387 5052
7705 3355
3328 9035
4496 9488
6403 4776
5562 4476
8664 2773
7694 5426
184 2327
6501 9144
3885 9047
7327 8363
2361 3730
2476 4728
3920 7113
6116 1188
1929 3138
3856 1830
6449 5173
6462 8215
295 5263
720 3129
5265 3810
6029 9437
6278 4595
6543 2059
6499 2459
1156 8974
2854 7335
2670 7253
1030 1624
9283 8708
440 8148
9085 1489
6379 3875
346 5447
1102 9794
8477 4278
6580 5188
6587 6145
9431 2188
3328 1870
7570 2852
4760 7738
7638 7145
550 2931
6838 6796
2448 8028
5323 6482
912 6044
2880 389
3669 8655
1638 5154
4000 771
5970 5097
1544 1373
2394 4448
4774 4914
2652 6944
2265 4718
2360 6486
7428 7632
4016 1716
4523 8188
7487 8733
8682 4440
3871 2412
6798 8575
6337 5006
761 7217
6282 8035
2306 3793
1712 193
8899 2950
5169 97
985 298
2764 8176
5624 5374
5445 6383
6533 1860
7878 7460
7402 2660
5529 8071
5621 9031
2687 7862
2984 6719
6700 4625
1227 6973
2248 990
1814 1882
9327 1718
3640 4431
2754 2598
8355 2604
6708 8544
6828 3861
6334 439
8800 8368
1116 1334
9578 8888
334 5962
5502 4493
328 1667
8546 4082
5202 1047
8095 2814
3528 1200
724 6827
9674 2777
4163 8282
5982 7636
1667 9245
1193 151
9692 2780
3562 5338
6030 2353
9728 2218
9674 6428
6654 1210
1063 5263
4318 1773
1839 5986
4555 7709
8479 7632
6341 503
6858 4041
4961 6285
7783 3615
4135 8050
1631 1049
6802 9218
8608 978
6979 7399
6668 5722
3535 7157
3482 8516
1132 255
7236 7047
6040 9167
7256 1598
2754 9986
8264 152
5455 3786
4521 7896
5014 8282
9463 5813
4629 3261
9360 3371
6906 1744
1701 1529
5658 3188
9980 242
6125 5789
5632 1020
5984 8741
2399 579
4402 3497
6475 4135
3351 8459
810 9433
5416 7183
9159 642
7665 5934
4622 7117
8754 4917
8067 7960
3903 8631
1836 5895
2672 8663
5218 5441
6369 7375
4853 7505
3107 4285
6085 9206
6617 1888
5721 6387
8412 6367
1164 944
1992 5458
6123 183
5805 7415
8456 1304
5886 2398
2858 4549
1909 7870
1547 6935
3565 1054
2233 167
663 9052
8837 9189
9878 5674
2151 6341
3411 9340
7768 5165
4425 4059
7334 5481
2378 4645
6083 4231
9592 2826
5175 7707
4205 7649
9194 8076
3028 1777
3963 2677
4477 9848
4715 4453
6413 3032
4194 6720
4475 5989
425 8619
5157 8952
1279 307
6745 3263
5685 4439
1948 8858
8929 9866
4886 1600
5823 1602
1924 4728
2555 4204
8837 9312
6968 9733
2398 9514
6156 9266
4054 4138
8418 7193
5642 3529
2070 6246
9162 2213
3213 4727
4154 4671
714 1488
2930 9723
4346 7064
4047 9347
6777 346
1040 4261
3035 5414
1785 9696
9620 2701
3107 3835
6384 4872
1866 3023
1436 8529
9294 6840
7162 232
1811 2423
1554 2847
9761 9891
4891 2559
3444 3187
3142 9377
5421 7893
692 8102
2655 9723
6411 624
7187 5993
8837 6982
3236 6840
2640 7380
8772 6742
8223 4648
2453 4916
5687 3143
4209 8054
3107 8854
9123 7623
5089 6401
9676 4658
4595 1719
9471 9322
735 2907
852 275
9951 1173
2393 4550
834 6207
9244 7665
4441 8329
3362 2869
3355 4038
6500 742
4753 5933
9981 5039
2378 2200
8029 2795
4521 5304
7049 4557
9394 6911
8792 9993
3952 1380
9191 3977
7730 3971
2822 1177
1610 7434
1561 5482
8301 6110
2489 6947
7605 2996
8480 6635
1010 4248
5312 3873
6564 6745
8013 8564
2355 7579
1534 7660
9000 2003
9216 6975
7841 6415
9939 8236
2561 8844
619 9540
6557 1390
4464 3387
8416 4667
8766 8316
7560 9536
4678 2818
2262 4827
1179 2880
4114 2511
9206 1962
4565 1795
6339 9226
6046 8627
5394 9100
6414 7342
4375 8562
9275 8662
8825 7968
129 7011
5815 8849
8748 7120
9566 3472
3791 8028
9332 7696
3536 4827
2033 7701
4297 4851
8481 9577
4585 3247
7635 8552
9537 8847
7037 5476
4056 4982
5477 3745
408 6907
4953 4458
4510 3337
4040 2746
7197 6254
2263 2596
6876 6560
6606 9740
1443 4723
8728 4908
3522 1332
7718 1968
4203 4018
1053 6026
1859 3087
35 8943
149 9635
8390 1655
2750 2921
6485 4081
3602 8193
4773 6461
1910 3196
3869 1920
5668 8035
906 9683
6186 2241
7820 357
4219 5332
903 1108
1244 8368
835 5176
3272 7484
205 9737
3837 498
516 1939
3997 9203
7324 2873
478 8225
7358 6352
4122 4596
5494 9391
4832 662
1780 7413
7681 6295
9004 9187
1044 8793
7174 5774
4098 7556
6862 7583
1514 708
9829 466
7006 5766
9118 3066
7653 8559
450 2939
1303 9621
7549 2463
628 4003
9486 4914
253 9130
5003 3398
2361 4378
4491 5968
994 3565
8890 2329
5958 1773
3256 6829
8614 7225
6122 2463
3850 5348
9512 6564
4202 790
3389 7027
6662 3785
1787 1596
1376 3117
6196 8766
9821 8388
9954 606
680 8406
783 1767
9503 1775
462 9013
6596 5436
9472 5193
4173 8962
6912 6968
6868 2567
7080 188
6103 7047
1993 4689
2457 1392
6471 473
2160 3910
987 1433
1845 9952
7359 8074
983 1225
3429 568
7368 640
6001 4614
9790 4168
3290 5721
8451 9801
3117 8761
7734 93
6538 2387
1544 7876
597 5865
3936 6736
2790 9872
1271 5594
3034 5825
6109 8571
3455 2392
9122 4004
92 5592
46 8694
9943 9014
793 4427
3693 8234
4419 3067
8957 5713
2526 1160
925 9405
7823 9027
3684 1395
4928 2420
1486 7820
5121 5286
4044 7284
4275 7352
9809 5519
9307 8637
1590 7391
9397 2381
8182 31
3983 8242
7923 4027
665 2988
3375 7461
5436 5117
4484 418
8368 1966
9213 6411
5268 360
4570 3133
8233 5372
6528 6489
8487 572
1383 8340
2152 9263
3850 1496
2904 6529
6170 1154
8107 1152
4332 3986
6839 6320
646 3502
8021 1128
5526 5471
4468 2339
8011 9714
1079 8784
7482 6408
4498 8531
1578 7190
8336 9634
3256 3654
8848 3832
4788 6228
7043 3685
3186 1459
4576 6251
4011 8918
7473 9539
6153 1110
9267 4711
7086 7202
9514 5
1806 8811
1450 4434
2800 5156
3375 8292
961 8520
6614 2615
80 6787
8658 1434
5251 5304
2824 4223
7857 8026
1667 8958
215 5475
6129 8802
8803 9808
515 282
8300 8882
5729 7418
4376 1118
3988 8408
4931 2078
6411 7791
1823 6287
7974 7055
5454 6353
7438 6987
6010 9082
3099 425
9966 4291
4732 4518
6363 8937
1443 9648
9908 653
4118 954
2322 7573
9760 7195
3312 6537
8093 2527
8975 2278
6945 1156
1444 5886
6386 9487
262 8310
4346 597
9600 4647
9062 1682
6469 143
2697 4757
870 4029
2890 898
4478 8839
657 1694
215 7959
4126 2727
3842 2234
1107 3258
6804 3712
3109 9371
1427 2399
942 1968
333 9488
1710 9350
1969 4608
8550 6107
4787 1921
7211 6466
4893 3558
8537 4626
9993 1962
1309 343
6328 2458
3546 7872
478 9750
9861 9455
1859 7076
873 6828
5203 5613
1124 7363
1807 2767
9880 385
3466 4777
9611 4426
3229 9170
9863 2278
7828 9522
699 5616
4271 4534
5960 3766
4610 561
1684 3628
1941 8470
4139 1337
4788 8367
8681 39
9536 5065
2913 8823
2076 341
6089 1627
5312 857
396 2059
6506 3821
1830 7761
3033 6447
6060 8892
4448 447
1281 9521
3097 9843
546 8869
8815 1732
460 1460
2802 9408
3776 9246
1575 3670
6533 4132
3254 4317
5798 1919
8842 861
2176 8346
9685 9923
4774 7027
6953 4018
3757 8414
6527 3581
2336 386
8292 5118
9373 5433
2199 4034
6773 2964
2445 1675
5232 7638
6477 9229
5863 1908
3413 2593
6440 9627
5363 2708
4678 5738
7900 4361
5879 3507
4632 8787
4868 5263
1924 3788
2284 7607
3375 9090
1953 2331
9613 3204
3369 8031
7191 1977
4382 809
3817 5689
7279 3653
3571 2
8205 4561
7865 8932
9919 2993
4019 4965
6062 2412
605 5983
601 4285
7192 5085
7139 7539
1543 1377
8944 1617
5939 9697
7899 7919
7880 8805
9395 4471
3302 8443
2490 1432
2512 7396
2469 23
2000 6180
9199 1449
6881 9237
4869 11
516 8069
1627 1690
4668 9667
8789 8171
4962 8502
1167 948
5729 5206
3062 6609
6427 3297
93 7824
4450 664
3065 4645
4800 8431
6069 1863
3696 2288
8943 7809
7010 1400
9353 7266
8763 1177
5849 8653
5458 6903
3417 3818
9077 8475
4871 9779
5506 7219
1590 9688
1134 8288
3212 3676
6945 9718
5234 9237
2824 111
4279 5343
8274 1657
381 4218
516 4547
6139 232
3717 9780
9161 3024
5058 6692
5527 2446
5163 5761
582 4976
2372 9852
877 3674
2933 5849
3637 1379
1419 3747
1566 3878
9397 9925
6696 9218
2055 3026
1083 7179
6938 8366
6143 9526
9610 2802
8228 3473
5351 2284
8780 441
6917 7980
396 4385
9260 8137
5199 978
3736 4570
5235 4501
9642 7518
921 6107
9477 9476
1433 6358
6066 3459
6876 7901
3820 3444
9904 3324
4837 7171
2808 865
6383 5201
7050 832
1812 9685
8575 1376
9631 694
7062 8364
2545 5587
9617 7252
7901 8107
9414 1561
1147 8053
3551 7492
8729 9546
3995 9983
1157 5526
3035 9034
3284 7546
4853 7512
5951 7341
5541 5519
5297 3990
8023 2988
2042 6420
4894 5949
79 8182
3248 965
4343 7107
5880 6347
8895 7108
9587 4395
2263 4021
4499 5555
1347 3128
4719 1367
2892 4273
1137 3823
460 2923
6438 6212
6837 7329
7378 3782
1259 6758
1514 7752
8629 8206
3223 6898
800 6770
1034 5519
7372 9728
7826 9325
9165 4441
2055 4687
7275 5218
339 2110
4322 2611
4884 4852
4179 6747
6012 7567
9186 9913
2625 596
4229 3701
1949 2538
6187 9669
382 5963
2595 2856
3863 8086
6529 5663
5262 9088
6604 2238
8684 2510
6739 160
7600 5356
7779 7489
3900 1785
3106 3793
7350 8697
5896 1703
1689 5666
5009 3564
5842 7247
6972 5644
4403 7600
4223 7993
5811 9720
8864 5864
8619 1342
4109 1137
5434 2524
7765 915
9283 5027
3165 478
9850 4197
4029 3431
6283 1626
2880 9703
4835 780
87 172
9316 6746
3127 9175
486 2281
4070 4413
5712 1694
2770 3350
6179 8341
1898 5105
4816 9134
2163 8846
6620 5818
6996 6162
8483 2354
4362 1047
4835 737
1269 5433
8428 1893
8953 6218
7735 1730
4926 206
5484 5022
5089 8672
9418 5622
9777 5580
9283 9096
9618 4707
2589 1479
9501 2682
5010 2699
8878 5290
1328 6206
5781 3170
9531 7999
9782 2529
4022 9123
2617 9100
5630 7311
6858 2814
991 6911
1034 9091
4524 2371
780 9948
411 9820
2265 8894
5655 7364
2285 2994
3869 9667
8279 5303
7599 1034
8573 9516
3508 5260
7542 8502
2790 3584
8974 7648
5362 6865
9989 5206
1804 494
2208 5865
2824 8730
4103 9390
9074 1085
3541 3135
55 9873
8124 3736
6554 7669
4286 2555
8240 6478
9365 237
1060 6833
1947 4134
7156 2683
4739 6261
1905 9945
6270 2778
4195 3936
3431 8554
3187 7670
8920 2095
1504 7175
3058 8405
3131 7217
6617 1166
202 5688
6342 8223
6376 4611
1283 5121
6707 6013
5250 1041
1853 9493
8167 6656
509 5710
5145 2531
2107 8752
4549 7268
343 8069
8347 7423
7346 5564
9487 7094
