10000 8000
9862 6688
2369 5899
1122 6196
5802 7478
5957 9451
1358 5630
2836 8190
5214 53
2411 6440
7565 5456
2536 5673
8838 1146
3517 2901
2083 9503
8737 4770
9831 5682
9536 4333
3798 679
9991 9158
6872 8793
8105 8079
2473 1445
2092 1441
7244 5870
2749 5302
4899 4839
8776 9872
8009 2700
1072 7313
5864 6505
1197 6561
5059 6289
6441 2636
142 7656
6258 4865
3264 6282
9980 3156
8488 2002
8540 2428
3669 2931
3501 4998
1725 2595
1311 9264
6551 7883
8931 7823
6321 8248
8496 7561
2010 7917
3538 4764
905 3967
9365 1957
6084 7671
1614 3626
7834 4084
5315 6641
7194 3718
1854 7158
761 9396
3261 3961
9489 5191
5445 3262
3468 3597
5931 8043
9341 3175
5033 4637
7607 4475
5903 99
7172 3522
5024 7153
4415 9739
241 4287
3978 7943
6525 3528
5129 6171
9555 6892
5685 6273
8902 5902
8251 1095
7020 1478
9882 8430
3264 7295
2153 2764
2225 8330
9582 3451
2384 9834
4695 8391
2582 7830
3685 5924
8508 6779
4221 2406
8496 1127
4342 3016
5671 8895
6589 1238
7221 3642
8307 1058
9511 3539
701 6962
9081 9995
4292 7552
8033 5332
6403 8473
7634 71
1260 7359
9081 3711
8003 8679
6181 5116
3617 9020
7750 1425
1090 6586
9077 9511
7 5539
5004 8328
6821 1070
4441 6948
8597 2147
9696 8703
6098 3120
1126 7985
1662 5191
1543 9541
5917 8414
9904 1162
8295 6333
2181 4197
9499 435
2253 6877
9623 8994
4769 1582
6113 8543
6289 4183
9633 5475
4046 6012
516 9996
5617 4228
8315 2140
2947 3979
5866 1529
5075 338
5353 2556
4755 8682
3222 7266
9691 3197
7698 1166
197 8133
5791 3157
5791 4627
1496 7952
316 5913
4058 4878
8371 3760
2915 5855
1183 6819
4794 5626
9917 7490
2374 8040
4081 3249
2885 7846
4449 9398
8327 7975
8360 4670
7057 8064
4357 7208
9771 8074
5785 8808
338 5604
8621 6630
9623 1183
9881 173
9501 1840
7294 8796
351 6433
1581 1384
840 671
4318 6120
6281 1838
7483 8952
1782 9697
8753 6327
8457 5442
5942 5656
3950 608
5357 5061
6693 4732
8531 5175
788 5691
4087 1855
3650 8839
9417 7473
4621 6894
1970 6644
8789 9089
4156 5059
6175 3238
2966 9438
7938 7415
1521 7594
3005 1153
6981 9437
8719 9750
29 1475
1646 3563
1734 5052
8289 923
6357 4155
5062 7890
8030 632
7725 4946
7149 511
1578 4433
5553 1871
615 5977
8348 5629
9616 9000
9428 5294
6149 5902
853 8736
6891 2657
5949 1
8043 4699
6431 8566
3074 3771
7489 9974
1440 4384
4525 3757
2521 402
3988 2586
9223 953
3062 3569
629 339
6011 7225
981 7202
7069 5918
6668 3356
9756 8848
2657 2874
1513 4243
7281 7113
1627 8254
5278 8252
365 5004
2059 9351
6686 3645
3490 9910
1151 8342
3566 5796
9401 5533
6369 5348
7940 414
5887 5052
6913 4329
3489 5829
1522 1873
9636 2877
7084 3422
8087 3396
9532 6604
9744 8082
6607 3610
9448 4544
3848 3772
7962 554
190 874
200 4900
923 3886
8886 4530
9502 1866
429 6174
5434 448
1801 4101
6085 9096
4380 9930
6874 9229
9337 5138
1191 1824
3049 807
5648 6260
5706 8710
3130 4768
1514 9648
4144 4576
1360 8892
5858 9573
1252 3891
4273 672
2978 1075
6101 4459
1484 5485
6807 7872
7653 7448
3175 3615
3750 5067
2919 3213
2588 102
8861 4304
3912 970
6021 5924
4414 8732
2141 1480
1063 967
2184 1986
6751 9527
8268 3463
2039 2542
3795 6596
996 4882
4926 7752
2382 6061
2973 2439
1266 8940
6984 6776
1217 6561
1497 3112
9263 4097
1712 3302
8164 135
4622 6980
6702 959
1978 6156
125 2876
6447 1081
6630 5474
5420 9306
193 6412
8818 9170
7195 135
7722 4459
1205 5893
7117 4478
1362 1388
2826 5724
7389 7780
5043 2681
7649 2653
9168 6043
3823 3478
9290 9535
6716 8839
1649 7285
5312 7464
6823 4831
6408 1656
5187 5782
1492 1703
8527 5
9626 2092
3211 6588
6561 3855
9095 9358
1719 9424
4396 9731
620 6351
996 9767
7700 2401
2030 5817
777 610
5163 6989
1783 1725
7364 8843
79 5126
2945 5229
4804 2161
2179 453
560 3223
8139 3092
1696 5992
2977 6260
1908 6228
2974 8672
513 1505
7346 6583
1870 5976
6575 4108
6826 328
7131 1288
8196 6562
5778 6167
1090 3547
4434 327
3419 3485
4590 3980
9309 7990
7468 5727
1703 2887
7111 6538
6400 9094
6509 3709
9631 3820
3345 6813
4448 4424
5706 7807
7269 8187
7603 8817
6707 122
777 386
673 1391
1184 645
9468 344
478 3138
2854 3127
8367 4293
5682 4112
8511 605
2570 574
4867 3230
6890 3438
3184 1584
3314 5698
8018 4701
6263 1023
8743 6839
5586 991
2866 1904
1999 7696
7032 5759
8368 2724
1766 8162
424 5999
697 8823
3905 6252
2964 3569
102 9416
9358 2777
8985 3717
9057 4619
334 5705
2140 5989
1438 5404
8418 8779
9590 5390
681 3654
4053 2558
7084 4416
8529 2356
5786 6873
6595 984
52 9317
5782 3672
2019 5468
3020 6806
8687 2089
6249 5064
4473 4188
7814 6103
6082 5944
3519 7136
8242 4389
1398 8326
9842 8271
3902 9694
9522 1301
5888 3281
2100 7611
2569 1869
9999 5528
6954 197
109 8681
2359 332
7325 9116
7961 4750
2801 5718
6796 8104
5969 686
7441 4827
9143 2223
3181 4429
2497 2202
792 3543
7539 2002
8416 40
5746 8718
3427 6832
8569 202
6152 7238
8856 9782
6903 2835
5872 3893
4012 469
7608 9232
6232 2125
5771 2593
3408 9793
5320 4088
4412 1851
9217 8361
1577 4215
5180 3468
7416 6393
1797 8716
8077 3765
3866 5977
6832 7077
4814 9462
5103 9975
358 7723
1610 3132
1327 2244
8150 5387
6022 1872
7339 2203
1726 8963
9414 8684
6558 4340
408 7967
9728 4512
9860 2473
4660 9701
9621 6437
922 5528
8902 2879
972 927
9944 505
7586 6648
2927 921
1787 3985
1317 4169
1291 3325
4582 7286
8087 4325
6323 5602
555 9620
7167 9555
6324 7786
2821 9745
4759 8283
8048 3803
8280 9933
9600 5523
2884 3581
9660 5165
3463 3803
9067 5045
7206 4937
5370 3910
2679 2960
9929 8099
372 7322
7725 2081
4668 1769
4944 6283
2930 15
9373 8845
284 36
9156 8426
1941 9236
540 2871
1675 9198
9212 1949
1793 7686
1440 3322
6047 1811
4714 2321
525 2898
3631 2661
8332 6945
1926 4850
765 2613
7933 101
1367 8724
723 6415
5685 7724
4159 2421
598 5402
8072 691
9740 9828
9770 7540
7853 7248
7063 8572
9877 2218
660 2719
9106 8514
5208 7111
2967 2523
7184 4113
9161 3886
2686 2848
7237 4293
7829 7689
1688 8784
6015 9686
5429 1427
1799 2931
8803 7078
3375 3620
7229 6516
876 7197
9360 1772
4309 9560
672 6372
2679 7139
1027 5921
4708 31
7060 7855
4607 5506
7010 1007
1601 1318
3966 6100
4040 7880
2416 8389
8771 5834
3795 6447
5799 4673
1621 4432
1613 3287
3656 1229
3937 5434
8836 9261
2436 9691
786 6843
5116 5665
1938 7751
991 387
5590 1622
9083 5778
677 62
6977 172
8521 7995
37 7818
7969 4301
9216 9667
8544 4775
1310 1798
7244 9682
9473 981
6304 6536
7740 1316
5034 7385
9032 1486
9357 4713
4642 7200
4945 1344
2891 9340
7518 9577
9111 6792
7925 5315
2671 8157
9863 243
1839 4424
1275 9680
2808 203
316 790
5823 781
1369 564
6044 9270
2196 4158
8284 6613
1396 6475
5504 1546
9459 3431
5324 4923
2911 5683
2648 7059
8189 8112
2947 8543
5874 840
9867 3487
7928 261
1558 6539
6384 3848
6940 3867
1722 7395
5594 158
6318 2511
6608 2132
7910 3047
2260 5556
7986 6171
6446 4231
5586 9903
4714 843
8128 8889
7257 9137
6420 3510
3359 6302
5213 7461
9030 2990
6575 8858
3610 3261
2047 4013
2988 6124
8681 3289
9919 6578
2187 5197
942 1272
1543 8734
9860 8380
1781 6931
7602 8479
9246 6632
140 7719
4866 748
3916 7262
8083 5410
2590 880
2440 2692
5859 2369
6427 8411
7806 4341
2779 824
9290 6614
5211 1167
9585 3042
721 4759
8102 459
5672 9595
7789 85
8766 8363
4398 507
9591 8252
1525 474
2264 1780
8533 9523
6381 8335
2144 7614
9155 3901
6256 8162
1406 369
3634 3502
9381 2707
1750 516
1601 4975
8480 56
2754 6212
4026 149
746 4390
1744 6104
319 3421
9586 5267
349 1348
9973 747
6482 4714
9970 8187
8353 4676
3638 5311
1839 2505
1761 9162
905 6933
7671 176
6604 5687
5410 6364
1372 1314
2477 7532
3742 7984
9770 864
3917 6906
110 2126
6712 6753
7872 6049
2514 6889
7549 453
370 9448
4759 1485
1185 8652
1713 5198
7806 4514
9317 1297
1629 6624
8318 9684
9715 2476
2270 8554
5356 2466
937 3127
5526 8401
6376 4916
7475 7215
6056 769
5051 6017
2312 94
9479 4916
974 4049
5159 3511
9107 2227
7021 5086
5138 4915
2144 7745
6589 241
7882 9882
1288 8228
1787 7739
9436 5893
8051 102
7734 9202
1963 4259
6597 6732
2029 4877
8879 6649
2360 7237
3148 9778
2285 8190
5978 8470
4772 4271
4136 4406
5000 7284
7659 2951
4423 3213
731 7123
1523 9518
8919 2072
819 3518
9309 23
2611 5096
3907 7686
7871 6476
1505 3423
7820 8159
5828 7055
3200 9831
2845 1079
1877 8928
8112 5807
9658 2953
1606 7422
738 5576
7435 5107
6642 6402
2528 7135
9799 9028
7994 793
6158 2205
9057 312
4043 6369
7298 5165
1187 9287
9742 5846
1681 5388
6169 5772
7812 9327
4139 5606
2975 6930
2274 7555
7849 1727
8782 805
4571 9825
4676 2400
6004 4087
6876 9375
2472 9172
5075 480
8797 1233
618 8275
3804 4554
4677 6174
3174 717
5372 7420
2573 2318
5085 3817
8934 3366
7656 1448
1134 6527
3682 4221
5170 9786
7987 8980
3957 9497
7608 7976
7166 7173
6177 300
7975 8521
1636 7782
4383 7653
168 5615
6361 5468
3963 8980
539 1926
6173 7656
4064 8431
1395 5552
6230 7718
2293 9349
8737 2463
3103 6582
5094 4177
1652 2979
497 985
7782 1155
3968 6822
384 9103
9045 5210
8412 8212
3527 3935
1453 389
9058 2272
6199 3383
626 4923
274 9076
3500 4358
6026 7289
2646 4951
978 1815
2362 3275
4524 2741
8919 5216
7778 9724
9104 5722
353 7514
8187 7906
7625 8944
5970 8562
7550 3156
5510 7754
7018 3552
5463 6559
4504 1777
5117 4470
5675 8728
3394 2205
9157 9485
7606 5859
5024 6615
1290 507
8601 2901
949 8317
5567 6168
2594 3173
2169 4758
9472 9394
8557 73
4353 9832
8922 5710
3467 4031
5711 3255
8938 3217
689 1609
1228 9984
1257 5455
2451 4446
3060 8789
5943 7426
8161 5965
2610 8458
1302 1566
5154 5332
1244 7936
9098 371
2782 8785
4433 2560
9534 259
9761 1943
5009 3355
5641 9046
7182 8868
5580 3665
4674 8330
6512 7169
5902 4272
688 9904
9543 1530
4890 2190
4758 9843
8290 6319
5398 8649
8845 2891
3369 5676
9335 7533
8611 2338
7774 8037
5037 4102
3812 9542
499 4837
5632 1000
9223 9055
1566 9223
4332 8716
2459 7442
7115 6388
5578 6701
9745 6534
1841 2591
9439 8178
4348 5397
9353 3183
7097 4605
7144 6614
6027 5804
7640 9076
9240 361
10 3388
6427 7551
8755 8499
930 8031
9212 1987
2752 2075
1152 9640
5964 4765
3840 2710
8817 1934
4466 49
9404 4735
4446 2403
2689 1795
416 9273
5911 4819
6425 3606
439 6441
2190 399
1937 5029
1111 4430
5894 5707
5473 9392
8047 4371
4285 5734
7765 4232
6639 8456
247 7194
7295 5997
3255 3692
4763 100
5661 5206
147 5438
946 996
5900 5505
7239 2997
7758 8727
6236 6573
5718 7549
9577 3955
8997 9236
6952 4596
2222 1796
1208 9166
8236 9476
316 8374
218 8147
9562 4530
4521 4002
7661 7968
5198 1528
1012 4445
5601 3869
16 6127
5134 7359
9034 5420
8296 8064
5002 8704
8609 4421
9233 603
564 7129
6560 657
8556 6392
639 3320
506 4020
4551 9485
4994 7332
424 607
2398 5408
1300 9379
8906 7702
962 6510
7366 3336
348 7758
7096 6764
6737 8322
3223 1051
5588 8733
4497 1618
8667 8999
6517 5044
1040 12
4730 9685
7444 7579
5559 8096
1911 2664
8936 7987
8113 2938
8960 3342
1405 6030
2481 9288
8296 3666
2661 602
6774 907
3209 3153
2510 4527
6349 8896
4265 540
1557 4988
1239 4751
6203 7710
793 7470
7498 2341
6824 3295
6244 6209
3053 526
3182 2121
1111 7339
623 2502
5496 1241
3892 5350
9720 6769
4591 4682
3697 6429
2499 6664
4769 9245
1338 1609
4283 3829
8431 5372
406 9757
7348 3057
4028 4272
4942 63
7709 4301
1092 9440
4521 5033
1571 2735
6218 8587
9645 3345
8872 8975
1349 9785
4578 2388
9492 7777
7308 8142
9112 7816
9467 4836
2448 8415
4827 2387
5185 4411
9018 2857
2868 9958
4458 2875
1797 686
4482 9695
4742 2181
8686 8435
9818 5679
411 836
650 7079
8444 5544
5907 586
5528 117
4582 8986
5433 2871
2359 8444
142 8542
1039 635
7242 9997
5770 9011
67 5997
8186 8806
7427 9592
6386 8667
7355 1358
8299 1418
8619 2531
6338 3985
9899 1583
2248 3858
5462 6813
2657 3522
1465 3404
5846 6716
5689 6625
8211 6604
8490 6435
121 5189
6440 8766
2941 4651
8930 2177
3639 7146
4474 9519
4340 3885
6694 9106
6613 919
3298 8291
4398 302
4748 6052
5032 5723
5847 1414
2959 3627
7640 1875
6756 2353
2924 8229
5164 2369
9968 7389
8895 1399
4983 5309
2490 446
696 7790
8365 2394
2110 2075
3214 7470
8918 7620
69 1926
4852 6220
7262 5823
4590 8908
9098 9098
719 9502
461 445
9350 8802
2418 6513
149 1596
1122 581
1250 8324
2433 1321
9481 2517
2178 2756
8919 6334
8445 7455
6737 9732
3920 6072
5915 8926
2219 4448
9186 6616
1523 4509
7827 7712
8415 4665
9025 1420
1966 2145
595 5427
3680 7847
9011 6063
8808 3776
6304 6257
3057 5366
893 2445
9445 4327
7408 4713
6935 5764
1204 2451
9995 1075
6231 1672
6569 78
7292 5246
7197 6610
4459 2059
2922 4545
4492 7899
4594 2336
1536 1934
4976 7417
3736 87
9358 731
8923 4302
1823 7221
6037 719
6470 3118
3106 8361
2109 4256
6007 2016
7072 760
1674 1580
5375 1432
6565 4664
5023 486
999 8387
4810 9930
7394 690
6970 9108
5246 3052
9954 7443
9173 8989
5973 6703
3221 9988
9421 8128
5457 6276
5381 6980
8736 3911
4864 3789
7917 5094
7168 4081
7189 7346
511 9048
5228 7007
650 8418
600 8643
1136 7775
3620 9244
3015 20
1519 6695
7192 1804
4123 8474
814 6245
2750 602
7451 1823
1620 102
452 3089
2299 10
9920 2484
5973 2557
4668 7797
9034 5524
4377 9159
2115 9772
4589 7247
3584 7108
1934 6246
8947 9168
3146 4443
115 9992
4114 190
3962 3062
9563 6982
5495 1836
2667 9436
13 3580
3986 4414
482 2942
3982 9021
2145 7533
2581 8447
7336 1802
8208 4462
4907 1304
4410 390
8847 6382
117 6923
2336 7144
8549 4705
6699 8102
6035 3762
1157 5964
3963 4268
6370 4737
7358 8736
4558 2416
5761 2292
6168 537
2892 7122
9138 17
5676 7255
6931 4461
6786 6245
5941 2683
4322 3777
5175 7930
997 6533
6491 2926
183 927
7353 1629
905 2865
8795 100
9280 1583
8255 2
340 4676
968 2555
8578 2797
2685 4358
427 4204
1593 5104
1091 2214
2521 8839
5826 9926
1473 2560
5143 7864
2231 9442
2208 2526
6038 1209
514 6015
8269 7443
7383 8291
4222 6518
1483 5304
6303 5176
3359 2080
9100 646
1927 1377
7443 9630
3163 2979
2550 3028
2729 5926
2381 2289
3025 1033
305 4399
1208 3716
8658 2271
2614 9039
6515 9315
5528 136
2552 7428
2622 2098
4287 7821
8382 1168
9220 5806
8015 4878
2315 9338
5391 6953
7626 9497
1022 5585
7484 1671
8769 5182
6159 9091
8080 697
2983 8625
2360 4622
3753 1096
5401 6033
7953 8501
9688 5125
4268 8070
9615 6166
6654 7536
5033 9953
5470 1850
4294 4055
6629 2304
5933 7694
4355 9216
9045 5871
7930 32
4826 5369
1345 7302
8079 717
8162 6334
9478 2048
6876 3225
5833 8044
6465 616
7125 6014
9737 2213
7354 7274
2974 8394
2524 9747
9038 5415
7221 6035
6733 2704
9121 3897
4304 4973
6720 3078
2498 1817
5319 863
1890 5428
4591 4206
4740 2897
3733 5217
9468 9544
9800 9817
662 2901
5039 525
3409 3751
9536 1237
5134 5314
2282 8479
5254 7838
3628 2716
8546 5637
2395 5988
6064 2025
7504 2494
4549 9387
6584 6889
3430 7445
8978 2231
1501 402
9445 2364
6202 144
8311 4243
3359 581
6295 4953
5987 487
5332 6224
6881 5026
8243 4830
7590 4343
1501 4907
3766 2391
2046 5638
3015 251
7896 3617
3284 6544
8654 8961
1147 1219
7257 8847
5904 3161
9062 6233
8760 7194
966 1713
5807 3009
7709 4829
3826 1694
7140 5686
4614 6212
5656 2617
6399 6107
7704 297
7545 8719
8634 6938
7187 911
2678 7720
575 4111
8010 6014
1220 8038
4100 624
492 5729
6555 8321
3766 9934
4471 8669
1429 8146
8612 6497
559 5972
6884 2926
5374 1839
8650 2649
1251 5988
6559 3486
5230 4645
3824 8057
8711 6859
9838 171
8457 9634
5933 8587
689 6760
5221 2482
8643 9601
5492 8430
9029 9190
6762 208
1875 3633
6236 1374
7193 6786
1602 6241
9596 6365
2794 3656
1554 5946
786 900
2564 884
4417 9082
2531 8971
8303 8644
9841 962
1496 5008
8036 5265
6589 9471
3782 4020
3042 9591
4023 2378
9809 514
5321 8726
9254 6077
5811 7714
4338 2698
4128 7063
7449 7534
829 8519
1251 2083
2430 8564
3870 6792
1065 2069
9658 4236
9817 344
4316 7222
604 4218
4748 2832
2854 9329
3127 5959
7804 2307
5597 1613
3818 7740
2660 8232
4382 3356
4883 5392
5402 2471
2056 6596
6549 931
4931 9430
6203 9645
8088 506
2601 2068
8017 4971
9266 2797
3114 7991
6812 5549
8259 1486
244 6514
2210 3190
7750 6507
7614 2938
9637 3531
8517 4742
633 1386
6071 3229
8156 5716
3224 2964
9660 4040
2290 1348
3453 3722
9569 7291
7508 2017
9749 4332
1468 5433
9411 8842
4421 243
1940 3009
1792 112
9349 5886
8436 6474
6646 8577
2397 8204
3659 2802
8791 7188
6190 7978
231 8312
9930 2533
851 6318
9218 9207
1621 4258
7624 1875
5387 4276
470 3205
9802 6871
713 3818
9975 1492
8144 323
2988 7573
6817 5958
7833 6970
6069 1293
5473 1303
1384 8740
9129 8500
4618 1583
1132 7804
2752 2194
5081 4318
6627 7671
7267 7775
607 4172
6496 3926
8230 2770
2731 2911
7627 479
3219 5033
1640 557
9049 1608
5816 2089
5030 291
3885 5124
7347 2951
427 3686
2574 4930
3611 9030
1436 6937
7385 1715
3793 6338
7191 5150
4058 619
2680 3421
531 3345
3189 7018
6129 6586
9996 882
4618 4892
8843 8007
2376 6611
1449 1327
4363 6687
4638 2162
4819 787
519 559
8313 5160
8563 552
887 4856
6760 1489
4651 6803
558 3957
6793 2093
5570 433
3878 1518
9141 4087
9869 656
3083 3213
2238 6501
9101 6491
1770 2351
3095 5841
6473 118
7418 8238
8676 9398
1515 1130
1179 8894
8114 2253
927 4657
3117 6933
6617 2153
7594 7541
1714 6399
3856 5024
9385 7972
3159 770
9888 5900
3195 9831
8431 9998
4541 8594
5632 1653
178 6680
3809 3154
4594 7938
8981 4279
7482 5903
4355 1565
6203 6271
7973 6111
4152 3769
4267 7197
1788 3270
5574 9290
6594 5811
3405 5503
4667 7523
2571 3398
3996 1851
8671 1071
5325 9189
4218 8862
2955 6157
4533 9691
86 9831
9896 6880
116 2839
8004 7615
2268 151
5914 170
8604 8325
2018 1177
324 6754
421 920
7689 4180
9859 6581
6051 8388
3422 9366
9102 1553
1149 4113
717 2652
8954 7475
9986 5962
1717 9162
9272 3013
9726 2555
9146 9963
7374 6844
6072 4765
2031 5963
9481 1858
5216 6469
2916 5425
418 1328
2086 7450
7517 7666
9391 542
7084 5367
4292 3266
4636 3439
3423 449
4354 3789
7098 8023
562 7977
1752 8934
8680 7423
7693 1605
2995 9662
7168 620
3749 8474
8800 9689
1412 3291
7964 9646
8636 2316
9818 5840
9899 3740
5089 1738
8804 8224
8670 2040
2621 1791
3667 3549
2192 7365
1379 4909
2846 3504
9688 2403
4711 9558
974 5452
1667 2494
1029 5595
540 658
3234 6611
8930 1779
2622 5488
9142 4245
6950 7134
7679 8366
7913 2976
8968 8732
4157 7995
800 3804
9387 4936
5240 9635
3007 4869
9497 8937
6457 6309
6235 4345
1230 1163
7727 9139
6615 2195
9255 7994
1168 2842
4440 4103
8107 1905
543 68
3835 2573
8281 9953
2137 8538
6153 9794
2099 9379
6502 8046
5752 6220
8714 1266
4477 6265
1172 2173
8747 9028
1991 9410
3470 5018
2377 2360
4327 1135
8485 3709
1435 8997
9065 6527
8563 8729
9689 2802
7642 5847
906 6861
2754 6016
743 4476
4847 8059
7344 687
1514 4338
3894 8586
7967 8400
833 8755
4159 6010
986 9096
9935 5059
2545 7942
2903 774
1480 226
997 7807
2949 1300
2999 7506
9348 9719
5396 4691
5011 2091
2148 4813
3061 1043
5299 60
8400 7128
2226 5650
6334 6819
8790 1365
7232 5911
6135 8127
9894 997
5235 6701
6600 1221
3832 8529
8096 7012
2109 401
4782 2576
1866 613
2979 3230
9851 412
470 5717
8481 5096
2530 6481
5153 477
3686 672
6803 966
5251 3832
8084 1008
5810 6783
3956 4126
9100 3762
6921 1987
4224 7839
538 811
1664 426
7749 530
8004 8060
6858 5019
2325 4047
7246 8426
5123 7171
6905 90
8432 5341
7288 665
3859 8051
5403 1655
7798 6673
7512 1211
2441 5254
6007 8734
2204 9608
8899 4413
6776 8428
2271 6763
3591 6111
4591 7709
6360 5520
763 8508
5948 7251
4016 727
8476 63
7310 1198
9888 8481
2411 5256
5833 7655
8398 7758
9240 8358
9221 2333
1461 4549
5152 4296
3465 4095
3587 8212
1908 6581
6536 8379
3368 5258
5179 6793
6795 6837
2556 1986
6185 2466
8288 9994
1504 8129
8865 2923
4195 646
3705 8851
6312 4327
6619 675
2842 7218
3482 2545
5799 9540
7968 4823
9090 5506
7593 4418
1474 564
9189 8115
7442 2917
4345 7425
7151 4405
5294 582
8701 7959
4801 5006
5682 2819
114 1115
8026 5397
5557 2451
3665 364
5444 9152
3788 3900
2122 7711
9504 7276
761 6690
89 5657
6789 1838
8997 6018
6791 4253
1239 6921
2828 8814
148 7944
1636 1312
8937 3530
6979 2586
5219 6893
770 7206
5077 6039
319 1650
3414 3166
3513 7374
4528 9918
4277 3664
1474 9175
8668 9507
9295 477
5802 5395
4397 5894
4289 9218
9207 943
5332 5783
6780 3448
4124 3050
8349 6739
1495 4393
9987 7337
4067 3431
9958 6101
2712 1527
1175 2103
6283 5669
7159 7874
1916 5101
4670 7342
57 5314
2565 3287
520 5945
6668 6924
641 6571
9493 7057
514 3191
3303 349
5465 3261
3964 6365
1965 2772
3891 7647
3910 1189
5422 3224
8496 1517
5317 6687
381 2031
1778 4767
2176 5680
8355 4313
6626 6169
3916 6975
7744 5801
290 2714
5867 7568
4320 1254
7111 1813
8518 2369
5132 9473
9797 7439
4840 4018
4580 6969
2316 1657
2942 6473
442 7644
9954 7919
2702 6549
9186 9135
7874 4177
2052 545
1015 4081
4564 6144
9107 8028
6848 2060
8510 1468
6362 7128
5540 2844
7034 3116
5926 9201
3018 963
4793 9118
8264 3758
6565 9582
3975 9152
7383 4878
4638 321
2063 7887
6967 1451
2067 1593
6994 9920
3466 627
2479 7009
2450 1468
888 9224
2971 6709
8501 4832
2442 197
7781 4263
1079 692
7548 7507
2863 7536
9903 9610
386 427
8714 7272
4678 1850
9210 4461
5218 3255
8724 9548
244 6993
1740 7678
140 1895
4911 2589
3726 449
9145 2169
5460 2615
7679 2790
5450 8455
4167 7452
2112 2179
6555 2566
1180 6065
874 7364
3957 9897
8375 281
5881 1787
6840 4733
2824 1158
6088 8316
1654 7986
7397 1397
7773 6311
9938 6891
3417 4964
5239 6072
7322 6457
5228 133
3669 8253
5602 5060
1876 9672
6458 7238
2065 570
3355 5125
863 3683
8736 5707
6833 3753
1704 8969
3345 3445
8389 6146
8411 8662
3565 9869
2751 268
1356 3974
6258 5166
6688 4653
1085 4437
4556 3365
2589 3326
8373 5287
1153 1148
7608 2765
576 7028
7218 9879
976 4928
6678 4041
1104 3213
7435 7995
5791 1820
5452 2312
8114 2500
6150 6927
1090 7902
9517 8597
7356 9768
2935 8401
895 6499
6047 2047
7073 4373
9443 7454
5339 4280
9495 5250
1544 4441
5408 9490
4826 2826
3994 4475
3493 9440
8227 5547
7858 4197
109 4359
1022 1479
6272 2597
264 344
8949 7187
4678 1532
3740 734
9744 2046
7639 844
8788 4795
7405 8643
8577 8341
2040 9391
5404 481
5271 6784
2462 6377
6173 3273
3907 268
448 7122
3308 3017
955 4951
9886 439
3004 712
3073 5312
3878 7527
2803 8370
3953 9229
8114 3069
4965 2132
21 4519
3315 6894
2228 9659
2924 1709
3803 6693
631 6681
1228 664
4047 3470
5193 8232
6819 58
9086 6928
7269 7251
9189 4110
6396 1040
7631 2482
1954 2619
2978 4963
2773 7157
7142 6601
858 4146
2375 4452
7078 1209
5206 5460
4211 9749
8808 2526
2738 3911
3701 8574
9075 9889
8026 1423
3662 3916
9096 9876
8477 9123
3186 4163
303 2150
275 5813
5639 3368
7286 2760
8860 6210
9788 4205
7879 270
2986 5114
4951 6684
3416 3320
8384 2096
1891 3318
5879 5810
4699 9988
2552 3100
3382 6041
7121 4720
7899 3854
8500 4480
3128 7809
7001 9780
9949 6323
7417 6023
2991 7322
1172 5626
2262 5792
3628 3440
2911 4242
440 4608
1850 977
7714 7927
1309 8004
6745 3779
8879 181
3488 6249
2830 8352
2989 7439
1434 8711
6331 5171
1047 1584
6376 3650
4879 8421
3944 9394
1646 9795
2416 4776
7060 8652
2827 8243
8967 7013
7449 6367
9070 9416
5355 5875
7943 3155
5369 2084
6289 4376
5052 47
7267 3915
6916 9843
7987 8183
1699 2916
1216 9209
831 7482
1113 1491
404 9152
6996 8747
7904 1877
6312 3113
8918 1598
6355 8012
9803 9026
676 3014
812 7341
6082 8923
5830 477
7747 1159
4077 5640
6694 9717
6454 2580
2762 3464
4748 1870
6004 1430
7790 4180
157 7223
6319 3371
482 3531
2774 8153
5890 1057
1228 6763
5764 6673
3616 4449
8974 9875
2678 6941
1983 1158
6627 7464
4102 6138
3827 4605
1016 198
8804 2668
9230 8531
3224 4840
4228 5854
6551 4730
2060 9642
6106 6988
9657 8444
3761 4494
5412 6845
302 9108
9403 2956
9640 2341
8253 3993
6409 2462
6799 9643
8833 9870
3194 7979
9120 9223
4634 4535
4863 6211
9216 8624
6904 1133
9138 4604
2378 3780
3478 9972
102 2987
3818 7
9204 508
8447 6598
95 9056
7641 8118
8437 2136
5041 2609
6008 4344
5107 1413
2287 7302
7824 7315
7270 2096
5453 3953
7289 4611
5715 7897
4173 8740
381 424
4840 2363
2125 3728
6212 8659
3558 8582
6448 2060
5139 3924
6895 1529
9983 5592
5606 4275
3852 9524
2834 9187
1404 6540
720 8604
1755 4107
1284 8863
8883 5118
9667 52
1045 1799
1432 8696
4327 8107
5026 4777
4289 5589
6964 7884
7839 1313
2229 8056
3794 9761
8030 3257
7983 2236
2910 6285
5358 5082
137 1434
6140 8857
5189 4934
313 5947
9499 8702
4683 6246
1292 5312
4570 7394
7546 4592
418 9598
2282 3639
5796 6316
8521 4623
1108 3633
7572 8936
9644 4054
1630 6727
5960 3177
5086 1474
6665 4349
8446 3301
5986 3765
2957 1295
3966 5597
6686 7893
616 3377
7623 2399
5265 1316
5251 7847
7133 1451
7056 973
4582 7455
818 2549
8088 8831
3310 5734
4979 1467
6160 9197
6749 5146
8021 9704
669 8709
4274 9612
9329 8906
5371 9552
233 3866
1677 7711
4105 2891
452 2122
8123 102
3717 9972
1067 2842
3094 9748
3817 2583
9041 4582
4378 8612
1685 8026
6664 2218
1701 1716
1997 3687
4407 3306
7484 7756
6517 1226
1368 8479
9215 6497
9547 9146
5272 4548
6529 1562
4965 459
4026 4913
9793 641
5915 3828
1916 7014
6574 1757
327 9629
3629 3754
729 8734
1595 5612
9453 2981
1739 6970
3186 5921
3511 4187
5274 5494
6986 8175
7179 123
1622 9399
1681 9549
1584 489
9002 6922
3071 989
536 5495
160 9618
6195 9291
3445 7193
1636 1298
625 73
4380 8394
3613 6026
3451 9401
5335 4362
6505 2213
4718 955
6128 634
2359 5698
5919 1528
7003 7962
4297 2227
3542 8383
9876 3169
4730 3892
1307 3503
7434 8397
4700 125
2559 5622
7579 3133
7015 9754
9261 2552
6753 700
1358 7769
7106 1298
4972 7695
2467 8996
9705 4016
3824 9602
9708 721
6666 5356
4801 4174
7894 1655
8453 9481
8253 7519
11 2754
8522 9871
553 420
9823 4522
8843 7913
7904 1254
8767 4736
5237 3628
5512 718
7565 4890
8780 8169
662 8896
7366 5215
3094 3558
9444 5438
3605 8853
4921 521
704 5801
4700 5177
4072 4870
3640 1914
1457 5184
7610 5370
7796 7073
5862 8541
7293 1831
9491 8731
461 7683
6378 3888
3081 7931
715 908
2569 4616
3111 5393
6538 8409
3591 1336
7164 9887
6452 6796
7589 399
9453 8284
4557 6195
3396 478
1456 3113
9633 199
9775 3314
3053 8371
5967 5828
4425 7235
5704 7817
5701 6698
5975 1038
8937 5264
4684 4741
3887 7167
9901 9523
5606 7673
2241 8370
5281 15
9350 1456
5926 859
444 1119
2224 1543
9032 355
8542 3236
4482 7495
4945 117
2967 3816
7858 8977
4823 4488
3961 3780
6648 3452
1431 5038
7489 239
1789 2034
4672 2589
3971 9561
8245 5353
1938 5645
6005 1975
4218 6110
7767 322
5821 8992
266 6151
9394 3099
7630 6809
5363 6906
6310 1307
6575 4765
3628 4073
6985 8775
3869 8079
4279 7792
1513 112
4931 8563
9044 5824
3646 177
7400 3803
968 9149
7985 1900
7993 495
9615 1558
2604 4145
7608 6863
9246 7717
8355 5360
1683 5500
3149 5286
8098 7664
9064 7028
6820 2763
3927 463
2073 2958
1892 1872
1538 4348
1851 7878
8600 2508
9836 2369
6020 634
268 9368
853 5014
308 7908
3821 5475
6369 8899
1348 9161
4003 2598
2212 9748
8574 7411
7499 3860
6411 3299
9900 475
8856 2085
7790 4418
4580 8282
2955 6788
6052 2599
8291 7776
3041 6214
8774 7579
7496 7701
5118 6060
8072 5829
4339 2559
3319 7964
3428 4915
2894 5588
1093 1740
4904 1593
4603 7041
119 1487
7682 3295
1215 6842
9080 7828
1113 4565
735 9860
9922 3084
3166 1752
5929 5873
7313 1658
6388 7914
661 4395
1452 8449
3725 1310
6620 7603
9424 2634
8950 7170
1976 3803
5022 5187
9124 2689
8845 3921
6071 3039
7791 472
6023 6701
7813 8954
5134 4935
4772 3886
2685 6013
3925 7372
5668 3361
8099 6370
1115 9019
3984 3442
4845 7544
8512 5154
5191 1863
5019 5690
7069 6411
3199 1817
6374 8412
7805 3777
2683 3253
4520 1255
4956 5815
3337 1620
971 9861
9693 4726
46 1207
7269 3023
3569 7895
4420 581
5330 3238
1285 8545
6724 760
835 6688
7020 3124
3439 1205
6951 6453
430 4725
8210 3371
6152 969
2656 3659
3066 8256
1464 7211
7365 2714
7813 2919
9517 4846
7092 3247
4890 8597
7257 3238
5002 1996
8906 7076
3789 3526
9442 7765
9960 1992
5376 8457
6275 3516
1574 9762
8411 654
7386 4104
1504 7154
2776 1816
9608 5228
7597 4145
9739 8054
5534 3862
5780 5309
4399 5295
5750 2181
7901 8535
3109 8177
2101 4607
6953 5035
8890 6618
8927 9266
7091 4655
4263 5399
4042 9195
4775 9167
3038 1244
7414 4388
3538 183
6530 1812
6892 5346
4891 3168
8887 9306
2997 8606
5777 319
6330 4168
269 8275
646 7211
8915 9695
6537 6089
1739 3342
3641 6007
6134 9200
4397 2288
53 4537
6755 2960
4543 5263
58 3225
5664 3679
8953 3314
2068 2952
6871 4674
288 5998
9008 6442
9338 4569
3863 5321
9788 7715
8526 9381
6629 9710
2495 5737
2583 2156
7239 4993
9002 1141
4165 4479
2888 8244
5248 9354
5503 5002
7310 3658
114 2106
3774 3309
5656 8827
8063 5797
7420 9706
870 8904
6923 5701
2860 6383
8553 2544
4318 9943
8540 3636
9388 7603
1967 2587
3050 7527
9841 2646
5121 1743
9940 2215
511 2614
3918 1287
3715 1247
1195 5697
9442 7904
216 2885
2965 5154
2010 3190
5352 307
6582 3757
8573 3683
6230 2403
8807 8538
1434 6283
8272 8913
9812 7910
7875 6500
4635 9116
7298 8903
8761 9082
6209 7182
4701 1854
6937 8387
4778 7357
8086 4451
2598 5902
2522 4337
7180 2125
2360 1026
8730 7673
4377 3152
8532 7173
7690 8040
4703 7675
9004 3691
6199 2964
6259 9184
8825 2401
968 3024
1193 9238
4551 4041
7598 9529
6882 5548
929 2983
651 1552
690 8768
2798 7820
5331 4294
1205 9504
907 6562
7778 1757
5364 5135
1161 2904
7293 7709
8978 6060
4312 8815
7243 7493
9277 1053
837 1493
9254 5699
8083 9730
5825 1632
5742 774
8977 6152
5459 8990
8621 3875
338 5100
6976 5708
5697 6629
7607 370
4840 8180
198 3978
947 2069
7043 987
9747 6283
6921 8192
13 3834
391 7066
9625 4125
6687 1132
3396 6737
2983 7421
8447 2872
8299 9177
1725 9144
1833 8513
5033 170
6883 5606
8030 7259
7905 5090
5949 4605
7788 5807
3850 4631
3876 4189
5023 2849
8428 337
4472 4794
2936 5008
7062 18
8870 9848
4556 496
3874 9352
4293 7148
7776 1219
8844 5318
3990 226
3186 5182
2623 4990
4267 7145
89 1034
6353 3699
2936 7783
9312 5703
6497 1277
7896 649
5264 2313
799 4493
8178 9689
4684 1148
4347 8370
4109 6470
6754 3291
4530 6859
3232 1583
1487 7393
3365 6063
1070 2930
6675 4510
8763 5610
4209 6547
9382 2445
8249 202
1973 3327
2106 7491
7407 6618
1222 3522
6482 3580
5237 3741
2285 6726
1025 5393
9831 2318
2184 3726
7382 5261
2621 5894
5353 1794
9880 4818
1503 8046
2481 2557
7694 7158
8216 1271
29 5636
5568 3859
7449 9174
9536 1801
4340 3054
5809 6485
1345 5520
5715 2918
4490 4135
6983 400
5418 8144
5318 6458
5315 3453
5081 7217
6378 3939
9246 499
9206 6332
8714 8405
52 1926
9522 510
2246 5747
4288 1881
8319 6039
6676 8679
1417 2733
2000 6699
9935 3714
4651 8028
6883 6520
1199 7814
3225 7989
8604 4105
3210 449
2515 2073
9763 8764
6363 9260
5091 53
5407 2319
9024 5108
3757 4930
3283 7297
9737 2215
2647 7578
3320 5991
2814 3521
7270 2765
7884 5836
6736 696
4058 4676
7131 9262
1332 8038
4555 9156
4123 5989
2828 6294
148 7142
5501 1365
5464 8770
5616 1524
994 8807
7052 923
1700 8520
4331 1380
5202 9577
3068 769
5525 2339
2 8132
8793 4662
9043 6756
1135 626
4553 1247
5036 4685
3605 6514
3176 2368
3671 9443
9296 8570
1751 5336
2005 4747
9456 8077
8635 3738
6879 9970
6411 3984
8712 3723
3041 5371
7985 8974
4654 4220
854 8584
4727 953
7939 8233
6804 924
4557 5555
8930 7713
4410 7167
4402 6316
8483 1928
7959 8577
121 5421
7804 3866
430 8355
700 6661
8088 1330
8936 8755
593 5091
565 8491
5881 616
6379 6020
1298 1572
903 2462
3891 2655
6745 6298
5191 3619
4503 7549
8251 2850
73 194
2947 6061
1355 6709
7269 1838
6990 392
5036 7343
6518 6785
7798 3585
1869 7066
1175 4839
9631 736
6772 3944
1884 2165
9113 6592
9738 5391
1188 1615
1008 5334
7847 1560
4060 4601
1545 5684
8398 5354
1654 1133
9707 9230
9947 2067
8795 6158
8651 7386
4890 7064
748 3658
2699 2702
2347 5934
9904 8902
5316 5958
3284 9912
3082 2181
9633 4756
6709 8099
4042 281
8703 6123
3331 5951
8694 7918
6835 4238
9662 7615
3225 612
5564 5414
9972 1492
2027 9325
6554 5521
1547 5109
2674 4967
9325 418
5210 819
2152 5179
897 8326
7592 5451
9822 7845
7129 1619
5655 7916
5008 4005
6059 4918
4579 3466
3737 9303
8956 6414
4630 371
1417 9871
7868 5860
6671 3233
789 6231
5859 6028
8692 4431
2399 3836
332 5857
1907 4129
6119 5303
9026 8221
896 2430
8065 6777
8217 615
2171 8047
1590 9913
4687 753
4560 6253
240 9393
9812 209
9652 9447
6001 9350
422 6703
4718 1138
5477 1336
1473 591
9954 9830
4776 7162
5526 2272
3124 5269
5769 4658
1770 2437
2556 1261
1712 6532
3969 466
2790 3808
3981 5595
3050 8890
7421 7554
674 1017
8541 7896
935 6980
3650 9487
7828 7564
6210 8016
5675 5727
7575 1911
1104 5142
1776 1234
7452 6920
5488 533
3627 6484
8909 8440
4910 5436
4322 3655
3930 9780
8557 3218
1464 9447
2562 2635
2739 850
6230 5994
8589 5143
8324 620
6570 7964
5260 992
7138 3258
4831 6153
8996 6302
1685 5455
4494 9978
7415 8045
5158 6997
8612 7124
6692 5559
5456 1255
6229 6735
5777 5101
4074 6045
6913 4387
1655 455
2879 7335
436 5592
6541 1294
2703 6141
2099 7150
5416 1254
4299 7877
228 8635
3571 7408
1483 4404
8190 8597
1146 9680
7107 8426
7410 9007
172 5387
8551 4440
7801 7336
9985 6868
9403 9780
5406 1681
7433 2935
62 8256
9662 5549
2726 1270
2121 1638
6590 1807
283 4788
3811 7175
6141 5375
6150 5871
8183 5156
58 5022
2922 4402
4490 221
5639 4236
2673 3498
6806 3818
4000 934
2816 3447
2795 1527
2853 1796
1244 6455
8055 7684
3359 8370
7437 110
2020 5916
3313 7919
9553 1833
1027 9589
8109 3555
4355 6004
198 8472
8618 5365
1548 6682
978 3410
7427 861
6378 3180
5605 1564
2883 2085
1838 3796
693 2790
9646 5478
9115 58
4011 1050
2386 4609
7564 5015
2159 7551
4623 892
8758 2090
6596 4075
2931 3279
975 9816
245 4125
3690 2414
1838 1192
3488 410
932 4696
4980 1102
5235 1239
8264 8191
7689 6455
9142 7624
1945 5706
8539 8101
7145 9928
4887 1865
9267 3868
2558 4648
4792 3751
1130 381
7496 5468
1142 4614
3195 3314
7108 2611
5835 8662
2825 1834
6776 7494
8988 7798
2627 9238
1802 1683
2643 2735
3397 3876
4099 4235
16 1214
4337 3627
8196 9450
7825 1201
9055 3623
9657 790
5920 5893
2562 5541
1548 7131
9757 6670
2204 4241
4620 3140
4829 8855
8324 9967
798 9533
7538 3307
7637 5065
803 7768
2219 2484
9322 7944
4923 6349
1310 7315
2343 2420
4233 4502
1859 4752
3114 6543
88 5178
9508 6659
658 5184
1309 3641
8531 2211
5168 1709
3310 7001
7275 974
1196 4571
2642 5663
3610 7816
6746 1945
5017 6401
8926 8408
4493 1371
5598 3738
1759 832
7067 228
6155 3230
2141 8780
5251 374
8957 207
3338 8526
1819 4045
6441 3936
1049 1032
573 2569
5133 7001
7223 5738
4019 3979
555 795
4553 8638
8465 307
146 9909
4280 3441
3620 6136
7838 2886
5737 1347
9785 5849
3282 3669
3681 6577
2223 1922
3475 5071
1688 7858
4288 1137
9287 2928
4427 7936
1468 8187
2847 499
4056 9656
7511 8921
3362 9038
4148 628
9269 8904
4827 3208
7600 8231
9556 8608
2980 5150
8140 8746
2602 420
580 5222
4699 8773
6175 9322
4310 2817
9000 5617
2989 6652
1946 5479
7160 8349
7878 1183
4160 8367
3297 494
6645 2386
9539 8525
5065 9114
5897 7242
8307 3391
7939 2951
6301 1564
2487 1850
1527 4721
8300 5596
449 7009
7008 6442
6996 2084
707 4711
8442 5654
2777 8
8786 2374
3020 5014
4269 6888
1624 9200
8980 7156
8942 1734
159 1637
4145 8383
7967 5930
587 1524
2741 8600
9609 67
9480 1798
875 6028
2132 3471
7845 7783
8214 8916
7649 8877
2641 296
3739 7595
2219 7618
1091 9890
3712 1838
303 1977
5966 5708
1286 5193
5960 4672
5558 512
7188 768
7966 383
1085 3609
1029 1388
2321 9083
962 3489
771 8312
2161 3611
234 153
9188 8587
9377 5417
6656 9369
2277 4104
1996 5532
5098 7961
389 867
9446 6932
4925 879
7269 3909
9687 9942
5011 1547
4125 9762
85 2714
555 2784
288 2841
1217 8754
1504 341
1988 9197
1683 9004
7661 3644
4876 5315
456 9307
4016 7249
9943 3660
3612 8737
973 5222
9293 1780
7956 5041
1542 2077
4599 6811
7646 5331
5656 5510
3983 2370
5035 967
2744 6506
8857 649
7164 6207
175 2728
7665 935
1516 6327
8274 5487
9174 2442
2942 2215
8214 8540
278 2769
6215 6107
387 6614
7003 2983
637 6769
1510 630
821 2641
2273 627
8508 667
7768 4619
9562 9463
6733 5358
2520 8606
5587 4132
9686 898
3043 7605
9798 2886
9194 6400
943 5858
4809 6389
6939 8864
7668 8267
8761 4098
1444 7595
6395 9337
3669 7794
7305 1615
2632 2707
9261 4031
6226 4339
6949 4167
7243 2956
3701 3981
1313 2442
8146 8743
3026 145
8599 273
885 357
7940 4571
1618 5392
3466 2025
7813 5711
3488 9489
5775 997
1809 6656
7845 1239
2252 2374
5055 415
1571 7893
2490 5754
6940 1206
4247 9465
643 8196
3722 4964
9574 9086
2187 8914
1143 2425
6216 8802
5054 1052
5425 3813
1797 771
6507 465
9802 6829
462 4720
8464 9518
4935 31
1982 1390
2663 5200
3486 4135
6593 8
5695 7738
2560 2465
1908 3755
6047 297
5731 3921
4671 3010
7335 7335
4356 7904
2767 1950
7448 8366
7085 41
6887 25
2279 351
626 6147
6009 3676
396 161
8896 4496
208 3470
7969 7870
7128 6822
8432 559
2311 8939
5321 1373
4609 8644
5083 6040
6862 4809
6664 2196
9483 7160
3783 4201
4936 7875
7106 242
5482 7872
1352 4414
9979 8472
6044 3267
5045 7960
9508 4806
6635 5651
7499 4451
7313 2141
5807 2443
6878 9649
2643 5345
5153 4701
3151 3933
5929 9713
6523 8073
9756 3972
5720 8326
6945 2175
2999 6296
1654 1327
8239 534
4938 2007
7291 379
9668 4604
3290 520
4538 3927
4670 5791
8187 9639
941 9001
9734 5660
1347 7682
5937 5549
4222 8872
5507 7299
6369 4911
4585 4268
9953 415
1413 9513
539 4388
8218 5712
3532 366
9778 234
5927 9903
1192 7942
6531 8143
2990 8740
4075 891
8536 1468
6908 6914
16 5589
3434 6551
4176 3853
9499 5842
6602 4168
4410 9567
3284 2969
7381 765
9188 1338
16 2463
5177 970
7184 9519
8690 6842
6177 7606
8612 8687
2161 1270
3544 7587
7634 6304
2650 9860
8348 3214
2107 6420
5512 7178
3520 3751
6390 3717
8514 5016
3976 9457
5532 6724
2629 6871
3920 9581
7207 3203
2018 1240
6381 866
5323 1424
7834 2427
7463 3345
8660 1747
5400 8045
3190 3863
6769 5003
9006 6742
1467 8147
6175 965
7187 5795
6097 2841
8234 8109
716 368
9236 7558
913 761
2698 3321
6833 1031
9464 98
1971 4290
6335 8276
7970 4037
1844 3459
3789 3729
4447 5003
4550 5609
1613 8759
8820 6948
2911 7210
1808 1151
2745 1946
3259 4760
9299 1056
9767 484
1292 921
746 4281
3522 72
3326 9045
5002 9474
6356 5413
2335 3568
4556 8799
6619 4368
3166 9929
8335 8661
2724 9007
8001 9139
4381 1393
6537 8179
8476 6162
1859 8629
7112 2938
4560 6697
3354 181
2324 2821
5073 1346
8537 3202
9649 9014
2763 8495
4239 1238
763 8397
7207 2544
9260 4096
503 3475
3449 8357
4449 8818
3709 5862
1133 4021
841 1207
1508 4263
8817 4317
5254 4249
6255 2130
6581 6510
4847 7507
104 205
7714 8210
1177 5187
7227 6884
3847 9950
8404 6819
5013 5362
7162 6333
537 6216
3005 7923
4974 4410
5346 5211
322 6233
8064 1391
9465 8039
4182 3116
1704 1453
4292 5252
2538 5894
6317 1868
2367 9058
7259 9758
3768 3108
4923 8505
7997 3221
525 4028
2375 8127
2373 1278
9046 1602
1149 8729
4075 2530
4753 5530
831 4359
8097 9891
7083 2267
8450 4826
5806 8208
7565 6263
9147 2376
4767 5706
6567 2987
216 6514
5919 6244
3180 5415
5536 6100
3317 9377
5886 1822
6238 7166
4334 2185
2089 6496
5659 2690
9963 6525
500 1799
2875 2109
7628 2012
1286 3792
8137 8778
5342 8438
5815 7979
9990 2996
8594 1280
9256 4885
1327 9915
9295 4791
7411 4997
6749 8394
6618 6649
5350 997
5906 6711
5523 7569
189 594
9841 2267
8275 2418
6479 7286
8669 1299
195 9127
5979 308
5654 9495
6575 9593
2147 2341
6384 3050
5548 8722
2376 2370
9237 9714
3399 7760
9383 3153
8573 1465
9983 5116
4835 6916
2332 8196
3747 2205
2852 47
7036 8882
6303 3383
2927 2953
4315 712
5204 4888
4102 5030
3958 7468
4647 9381
4899 419
2982 3583
301 7777
4496 2418
3995 4895
4836 495
1177 8439
1448 7452
963 1770
5412 4083
3358 6602
4645 4017
7312 8800
6780 8328
7107 4615
2477 8093
230 7551
7601 3050
5435 4923
7204 5021
1354 5619
8023 712
5005 3827
4367 4815
6002 7178
7908 2781
5677 2668
7251 1199
2899 3537
2781 2887
6719 9700
3878 2106
8528 3556
54 3171
7193 9670
5179 4462
4641 8897
9269 5133
7569 6240
7353 1543
5192 7972
9295 6212
9402 5424
6500 1154
6781 5515
8409 5219
5482 9713
354 8397
9602 8194
5847 1576
6471 4434
1350 4
4222 2983
9183 3152
7348 2671
4695 20
1174 9063
8870 3000
8055 324
3033 4939
8030 2446
352 1501
7973 1680
5121 3684
5515 7418
3 1131
9827 2287
9220 5119
9251 2871
8580 3008
6790 254
7432 5366
1882 1667
1799 7962
5299 3130
2864 6088
1702 8427
4499 1636
9215 8017
4483 6513
2027 4987
8939 1563
1247 750
7285 1215
399 1105
6148 4254
9671 1407
1100 9726
3654 1993
5124 7256
2814 7266
6459 6699
4326 3473
1056 1880
2632 8498
4409 388
7555 6853
1885 5801
2746 2558
1002 932
2162 5875
5776 5849
4936 9361
499 5867
8329 9608
4893 6292
5849 7466
7465 6179
1261 816
3433 9225
704 9765
1954 3227
9522 3529
8395 9347
7156 591
1570 1135
5389 4319
6422 7344
9688 1493
334 3165
6308 9584
7760 9950
755 7060
1067 1585
9131 5160
5054 5335
2312 6937
9502 2456
6376 2389
2788 5067
5821 609
2445 5871
2351 6356
9656 5318
3895 9513
3419 3428
7109 1329
8623 660
1276 8591
1711 5363
4881 330
9373 6387
7375 1838
2717 6282
1429 5627
4968 3456
1990 2453
1979 8756
3400 1186
7573 1336
3030 9487
6140 2897
9486 251
7673 5896
5348 1691
1639 5883
1389 3253
9608 8956
4133 4132
1472 2241
6170 6970
5352 179
7502 2985
7276 1263
472 361
1086 9432
964 4934
6305 5698
47 8975
5534 3321
9148 4456
6674 2424
225 601
974 5347
3850 6780
7622 1645
1733 5907
5875 8850
1109 9135
5169 5039
8832 7194
9505 3733
1201 7855
4616 7818
2358 956
799 9431
3826 7207
8065 8331
3292 7702
1983 2246
1007 1045
3279 6975
7000 1492
9193 8911
1995 9255
4633 548
7519 2468
2288 847
9405 2024
6115 614
2389 3107
4538 6674
6120 2423
7234 6466
639 9725
8764 39
899 5087
7164 7750
5283 5839
9066 6569
5713 3951
4052 7678
8597 9991
9242 2854
9176 9251
5905 119
8346 6786
5217 7291
3406 4664
2855 3263
9881 4956
756 6789
9894 8123
395 4610
7764 9619
9367 7361
86 4409
2227 5278
5106 7380
832 7307
67 7983
8898 8606
6744 5499
6515 3329
690 5978
5119 6129
2186 7414
3607 3584
2984 8680
6414 8500
3485 2913
607 6741
6890 8404
4213 1154
5639 7482
2241 6253
8797 2877
9815 7066
5676 5805
9329 8260
7926 9406
2587 1209
3650 5208
4533 5337
7210 2310
1029 9818
957 1575
1986 8791
5374 6416
8474 9228
1155 6936
4028 8988
7222 2811
4335 6972
6888 1976
3594 6533
6409 2563
9529 5189
6225 8067
8127 7263
203 1029
1054 4550
7556 5879
160 6070
4832 3246
6578 8812
8678 9825
4628 488
7951 2539
7130 658
4683 2125
2766 6051
4763 3497
2827 5687
5912 2264
1907 6722
3035 9589
6459 8087
9699 2752
2554 4466
5490 9453
5405 6000
4784 6034
8358 4898
8711 6316
4456 3838
5605 2378
317 5774
5309 2737
192 2190
246 502
9635 6770
6378 3223
9211 8062
1240 8931
2287 572
2755 6429
9772 1274
5058 1181
3412 2665
6014 9215
6970 7663
2150 8338
8615 7046
4286 5417
5385 827
6683 7982
1663 9151
2345 6170
3982 3754
4918 5854
8319 4131
2788 5886
6718 5417
3194 8017
1149 3997
5540 9730
9007 8341
367 9330
4525 2219
3566 2723
2580 9148
2600 8046
5477 4554
39 2446
9780 7371
7578 6931
8410 9559
9364 7681
7651 4877
3338 3870
4273 3727
4249 1703
1207 4401
8895 7499
3502 3470
6493 4094
2723 3699
8875 472
7863 1874
2324 5108
6142 2593
4133 4258
4465 9272
9778 9653
6508 7767
9538 1685
3776 2285
1774 3901
4034 1634
1078 5102
3514 3374
1804 8987
7845 9839
4678 2987
9860 6504
2528 2235
6971 8220
7976 6633
7315 4455
2753 2266
5048 4821
9504 9028
6235 8889
6514 2677
1025 4088
1124 9882
7554 9227
7929 377
5323 7089
872 4504
332 5898
6956 7075
1659 3245
1218 6458
5792 7379
3982 8256
3127 601
6022 7325
1073 1618
1701 7821
8178 4611
4922 3503
3188 3926
5766 4696
8051 6727
7282 4797
9088 5082
6663 700
4559 1667
6131 2852
2104 9932
6395 1511
9193 9267
6995 6591
5250 4329
6824 567
9031 5924
8423 7134
1890 5501
611 392
3391 6403
4131 6604
8111 9175
8001 5750
2373 9806
3148 2247
1532 8994
1063 6800
4270 817
9480 1611
3150 7740
1466 3842
3440 2298
5979 8886
2172 5650
798 7673
3534 9268
3323 6180
9193 5329
1626 9154
2879 7775
8860 1027
7450 4486
4002 4394
631 7765
8867 10000
790 1277
4507 2095
5691 1509
3366 4023
6144 4453
9321 3484
7489 9339
4522 997
6574 4761
6755 9839
7260 1748
4083 2969
1781 3863
3628 8102
5843 94
4070 4814
633 5452
2875 6060
8090 5781
8361 8033
5008 2212
5635 5648
294 838
8800 2800
8991 1662
5259 2493
3085 1455
4353 7064
2378 4149
5622 8210
4626 4684
5392 9013
215 6871
7594 8747
4268 3931
8963 1237
7867 4657
9356 6405
6703 103
5870 3892
9930 7200
690 6541
3185 1135
4966 4080
7723 4208
2319 8352
4997 7520
2241 4485
256 960
1241 7435
5538 9013
4580 5953
2385 7691
3909 827
5467 8109
2259 4993
977 6175
8136 7822
8983 6853
8275 817
3046 5625
8327 9215
3291 873
7018 4559
4293 8934
5271 5533
4682 5926
3788 8487
8419 5890
6237 3267
8747 7305
6719 8471
3748 9611
5486 6544
4434 9008
2999 7676
3181 319
1486 191
9428 39
26 8914
9973 2873
3364 3023
7510 2107
1116 7463
511 7063
4564 7852
525 5962
2243 7767
2897 5285
6835 9171
6575 639
1731 2432
8768 674
9205 1265
7408 8298
1697 62
7936 6297
4225 6643
1301 1413
4323 4623
1431 2424
4794 278
7315 5615
8989 7168
6778 1436
8023 4007
640 2325
3141 3021
3085 2226
6795 7972
6879 3714
9327 6308
2119 4279
4988 7128
3063 5157
3425 6097
8394 3527
2544 7554
8652 2251
3791 9010
9566 1697
3370 5581
2260 5279
7791 19
7238 4128
9824 6328
4626 6992
2597 3442
3128 3298
4759 6911
4381 7690
5750 7052
5721 1300
9317 8126
2185 4203
5976 2989
8749 9826
3421 6932
1723 367
8256 8147
4906 6363
3461 5693
3096 4851
4306 7482
8501 5610
4994 1094
2310 4245
8115 7600
6131 7213
5561 7612
1160 1521
2905 2050
680 6049
2414 940
3013 3972
808 6796
7178 9203
9624 404
8593 7259
6086 8732
3181 9695
1739 3151
2146 5364
4679 3902
7256 4148
300 6843
4011 4203
8289 4496
9630 2941
1936 9718
6627 190
6152 9022
3588 4536
3291 3083
1614 4921
161 6630
2657 8626
9604 3433
7297 4569
2418 1669
5688 6696
2622 7532
5569 700
8464 4535
1807 2918
9520 865
5572 5005
1982 1065
554 6203
2013 2981
8222 9580
1204 1578
2431 578
7036 7365
2788 3923
8357 2629
2627 9785
8272 1726
6987 8497
7126 5383
2011 5805
4800 7869
9336 5442
8108 4526
8267 3963
5935 159
593 3572
3694 9159
3817 1999
1043 9681
8186 1202
7710 1630
9482 7303
129 7680
7559 6876
1955 1937
9362 3297
6014 4554
5920 172
578 4044
4328 9448
1824 8618
3991 6017
1967 5981
5214 1689
5226 4847
9267 2999
8319 5696
3580 8339
6898 6549
9447 2443
6168 7971
101 7250
7725 5944
5850 8859
510 6707
4639 1250
7775 4359
8593 2179
8039 7868
671 9457
6335 9102
207 9377
2647 2300
5193 2508
4449 346
1594 3281
4932 3344
1891 9632
8058 1416
4280 5520
850 8468
2786 7866
3535 309
7757 8635
231 6853
1371 4998
5076 1182
8030 4192
7431 8097
4530 1538
5280 177
4241 4443
8487 1957
6429 9403
3911 9833
3865 7561
8781 9133
4768 2430
9421 8245
9501 2968
2013 6599
6561 6200
7993 6592
7409 9012
8973 1695
6389 8566
7070 3625
8714 539
1042 8867
8257 9940
8418 4395
574 3528
7295 1424
9673 7073
6731 4597
4177 1306
4075 8370
100 9848
4028 5187
1271 8110
8411 5991
612 4263
7323 50
1623 336
3171 1163
8273 8298
6206 8095
550 9613
633 4972
3390 9360
3784 1223
8295 3634
9585 8295
7809 1764
1871 8583
1089 285
4240 6280
5983 4293
952 5340
4439 4970
4828 8396
3404 5678
8504 1060
449 7094
3882 1090
3134 8461
7988 1690
9441 7599
1325 5556
4090 5550
4961 9180
509 5121
1965 6962
9524 9984
8612 136
3147 4777
8604 1351
994 4990
6850 26
7759 933
4594 5504
3257 8422
8559 4398
5982 3217
3521 9051
8126 7381
8786 7763
5309 3818
4800 9333
757 3816
8671 3141
3458 3374
8500 8218
6804 6796
8794 4913
5504 5113
4865 9944
3215 5741
1274 8676
3390 7432
4572 4828
829 9690
2019 5835
5872 921
5019 8898
5649 7854
8329 99
5915 5496
3123 599
4321 6679
4386 4713
1173 8066
4903 4537
7649 562
3108 5403
5778 3349
8399 7013
39 7644
7794 3172
8438 6684
3101 8087
392 7025
8355 3939
2265 7783
7081 4349
2553 8943
5866 7539
8637 5232
2357 9476
750 3363
3405 4915
6472 7542
9016 8824
2269 3434
2369 7630
2512 5782
8871 8502
2858 8145
5211 1635
905 875
7622 5101
2300 277
3808 5198
6056 2676
4330 2327
9654 5266
8069 956
3698 5469
3433 9780
4574 4455
7263 6426
9197 5812
4887 2623
904 159
6275 6869
6413 1205
5978 5109
5242 136
6742 6426
870 4429
7030 7876
8761 9262
9565 3367
240 9498
4113 5433
1658 1168
1773 4119
9757 6343
1599 9504
8625 9321
2427 9256
8323 2068
8662 1975
7700 7992
1563 4248
9224 3483
6506 666
9128 4376
9700 6706
16 3579
2768 3303
1457 5207
5850 5317
8480 7632
2014 3963
3781 8417
4561 9757
1934 8200
5481 946
5465 7701
4704 3991
5501 5551
8789 2986
4194 5998
3066 975
9988 5954
8295 5903
1748 5963
2694 6100
5095 1614
2709 7903
8981 9175
2183 8642
4715 6513
5107 4518
2906 4816
2467 6391
3445 9975
263 3699
3719 9314
704 446
7579 2926
7925 9040
2450 108
7233 5029
3905 2322
3442 4844
7824 3177
9452 969
4076 5872
9253 6580
8261 5479
6870 5672
4801 1685
3424 7940
5671 9843
9412 2429
7813 303
6714 4794
3371 1498
1883 5863
7502 3290
3783 4403
3590 5817
8304 6498
4927 6132
5437 7051
6476 7196
4840 4490
8879 9864
6657 6128
3027 4898
6984 3182
3363 2630
7814 8782
7375 3590
2821 1338
9214 3576
2516 131
5175 8918
1588 6987
1159 7037
6125 7339
4958 9951
9370 4638
1697 8497
8152 4676
9402 7853
8059 9600
3235 9697
9338 7675
2815 4415
4446 142
6050 5787
1495 6524
4355 7312
8007 2006
305 4635
7220 3540
6475 2574
2298 9203
9639 1311
8727 8866
4588 9398
9838 996
9383 7474
7797 5984
6890 7317
5302 9940
568 675
114 7710
8827 9768
4521 2642
751 8895
643 4135
8516 699
7722 7833
5967 5634
1086 1737
7641 8748
6096 6120
7471 6297
5975 8256
7328 440
7630 9291
6178 7793
6931 9001
8318 4972
7306 2495
4447 7464
9817 1363
9879 2245
4281 7729
4283 6474
3115 5657
9266 3632
3249 3406
5865 660
3616 7928
9874 4569
789 9523
4608 8132
2605 654
1212 622
3259 5005
676 4582
2678 8440
2407 7468
9448 4634
1994 4615
7072 2642
8486 6304
6337 2629
6199 437
8993 4058
718 7271
315 7116
9792 6348
3453 6076
5590 7053
8474 701
7067 7353
5354 1286
7649 2353
6485 8116
9260 1978
3068 7893
6037 478
8240 1725
5928 5339
8313 6885
1478 2
5344 8631
5140 5065
1349 5156
7402 9498
2378 7710
5190 6322
9717 110
5814 9139
146 5583
3185 6290
2143 8689
1775 9161
4799 8647
2092 4454
3048 2857
4937 2459
9220 995
5739 7180
7236 5764
778 6372
2616 9216
2179 6288
9272 3391
5351 978
1278 2219
3194 7183
8842 7718
7477 2882
3821 802
2564 9399
8174 6071
9688 6208
104 400
9862 8212
2554 6606
8422 939
3189 6052
453 4515
3122 6681
6147 1470
2842 5897
8534 1586
3547 5156
1061 1111
7578 4030
8942 4892
6460 9981
8929 1427
5019 7534
9491 3793
4183 1489
6988 6959
4002 4376
3049 1755
1683 3948
3786 7896
276 5272
6149 8025
9876 1116
1618 5674
6598 3035
2748 9815
4768 1901
8118 2371
5917 478
7988 8867
8108 3741
6334 2032
1342 6430
5841 6857
6636 3081
5357 6078
2718 9496
8920 3158
5973 8317
8153 1978
5474 2202
5390 1208
3388 6518
6966 2529
9631 5247
520 91
9944 2579
2523 3183
8602 9365
7947 9228
9691 6607
7307 5314
3015 9098
2269 5720
1852 3687
8891 6551
5517 8649
3090 8525
4976 9385
9458 1515
2512 801
8175 3479
8699 5809
9043 8651
7892 7278
9690 3636
1266 254
4980 2356
2272 2365
9078 5984
1691 4730
3593 9410
7511 2570
2986 8504
1130 5109
3321 5043
6384 4932
3722 9866
4101 7369
6774 9636
6110 1335
7259 9905
5104 886
6600 2770
7351 6833
2706 8141
5729 6455
6834 8154
5121 9837
3541 9352
2332 4810
3930 792
9471 7289
9288 5441
8279 7931
5525 4299
4999 4978
8032 9956
9750 6360
7880 6190
2126 8326
1186 8078
3278 2973
3639 6223
3385 224
6387 285
4197 4520
9096 4923
1901 2239
2345 5245
9648 6821
5439 6607
3087 5727
2343 9564
4035 2706
5666 8951
8548 8844
20 1366
9683 9884
1350 4065
9617 757
8965 5096
9222 703
9792 1003
6123 4662
3981 815
448 9465
4676 4064
8791 2492
211 233
2663 2566
7080 3357
3770 4180
8474 418
5103 7556
1953 4097
88 1451
4537 4056
2573 848
3668 7799
7624 4782
7525 774
9767 9638
2629 5390
2686 8939
9937 9931
6242 8404
1210 5777
7246 2573
6500 5668
7602 7110
743 9246
2207 1827
8145 6077
2684 9482
1779 8802
1524 6984
1615 1235
1958 4940
8641 5353
4484 1787
3555 5011
6388 4906
598 8658
82 71
560 3195
9164 3889
3481 5656
1668 4139
9933 3511
5362 1133
6509 6457
3728 931
525 100
3644 6972
8920 3730
4809 4396
216 2256
2446 8506
1518 6560
6645 4675
3984 3127
2093 3781
8213 9423
4841 2677
3323 6406
7279 314
1458 2014
5850 2623
8895 539
1657 7541
7354 4408
5614 8382
8064 2482
9903 2115
6769 2283
1304 4064
5971 4104
8614 9747
605 7748
5310 3680
7341 1163
820 2399
4035 8064
4676 5308
659 2759
3101 4711
9399 9259
3809 498
2411 1145
6903 1494
8831 660
9817 2494
681 5247
9222 4665
3952 9510
6193 4700
5938 7141
3872 4494
9743 7519
6878 3163
1275 2552
8745 9762
9568 2316
4164 407
6202 6774
2471 4913
6793 4073
2218 3069
8034 2587
3438 9033
111 277
8644 3914
3482 676
7027 9207
7798 2027
8150 2155
4150 6799
5724 599
8900 3993
7447 4381
5964 4328
1197 9046
6862 5532
9162 5917
9775 156
668 7666
5928 529
9782 4409
1862 1737
3437 4360
1432 8997
6766 8780
5365 1387
2774 3380
6579 7076
1256 724
4753 7071
8411 2756
1262 5181
3641 4447
6431 3379
4530 821
7069 7339
4903 4793
7252 2195
8255 6723
1302 6684
2373 7070
3542 7340
9335 7883
8414 5469
6201 5277
9129 5820
5616 2508
2745 4778
5096 6834
7074 2526
5119 4496
3453 4690
9127 26
8230 2706
1800 6903
5839 9008
9627 1874
875 1090
9088 4460
7171 2690
9881 5703
4341 9933
5197 9612
9200 933
1894 1526
9193 4815
995 1349
6520 2262
3335 6829
1004 3462
3640 5172
5251 4337
5969 2663
6019 6078
8480 4069
8420 6101
3160 3682
8244 1092
4833 2054
9857 7885
6851 3820
6898 8758
1231 1459
6879 807
4518 6208
2980 8303
9775 9018
8738 9440
6949 1773
8830 543
6791 8696
673 6389
7047 2495
1286 9088
7132 2473
4590 5378
1391 67
191 6305
9089 6027
1665 3590
8948 4053
9152 3918
6366 5498
2733 5628
1769 1636
2397 7685
5269 3060
2760 6482
789 1196
635 2818
2910 4245
4759 8149
2635 1739
3775 930
8875 9963
6574 1938
849 8204
1279 9442
6708 3315
5187 6149
1933 8365
4735 8928
3627 489
7435 2989
8818 491
5508 8040
5351 4283
6218 6837
3158 8372
6931 6200
5069 5237
4630 4875
8734 4787
6897 2731
2881 2021
7556 8364
751 3655
7492 1201
8968 8648
5449 3540
9998 3612
8368 612
4552 1594
8905 6466
448 3854
4826 1059
1429 6920
1130 961
2250 348
5879 7194
9669 1041
3889 639
3425 1938
6780 9286
1676 464
3522 9401
3018 1309
207 9301
9872 8530
8003 124
2953 9162
9411 3347
9109 8085
8297 6613
3445 5014
9903 2478
7905 8117
2040 4736
2706 62
6808 6706
9944 449
8086 3547
3668 9952
4785 6252
1439 6595
5624 1684
5538 8183
2145 2873
5676 1195
2707 886
3424 7393
5307 2423
8867 6803
2171 3326
5250 7084
3479 4226
4522 3019
9014 8203
6398 4308
9239 1479
406 3950
5433 5112
2906 101
5217 2132
1146 9545
8408 2356
841 8894
4379 8661
3629 5643
1001 7706
4514 5755
2425 9831
1556 8190
449 2040
4088 6905
8400 6664
7539 226
3029 3466
7697 837
4085 1348
4640 8050
3865 9103
9282 2060
7053 9065
2399 8827
1587 5506
2848 235
1454 578
1861 9563
1351 5906
9664 3599
6396 1198
440 6255
380 8266
7879 7542
7820 3594
4125 1651
7845 9992
7738 7259
9043 7729
279 7621
6567 7544
2846 7388
6070 7474
3694 1841
7753 1561
6488 5559
5115 4538
6260 7189
8830 3558
6957 71
1430 8676
9361 8318
492 5933
9938 1355
3452 9455
6935 3240
5575 460
7612 607
6466 5384
4653 5776
262 7613
4911 1936
9518 586
6824 3253
3467 7264
8050 4763
2355 484
1980 5106
6430 5297
6232 2989
7368 1571
9214 2676
2594 3228
1224 7555
7153 6626
6292 3065
8958 9279
1494 9482
5076 4432
6691 2654
7300 2999
8342 6383
3412 137
4174 4863
7276 2657
4638 3728
4072 2219
6925 5417
3177 1082
9604 6904
1460 1346
2834 795
3121 446
235 7861
461 8539
2917 912
5384 8779
2297 2757
2584 1636
2760 4389
3173 3199
9124 7620
3483 7161
8098 2856
2827 7221
6351 9630
153 4023
7464 6422
9839 4602
7008 130
6121 124
7934 8443
7608 9869
6588 5740
9151 2244
4969 533
2665 1273
1384 4441
8497 3516
271 624
5207 3293
9321 6518
34 6065
9108 5674
3545 5876
292 9472
6649 9553
734 496
7618 524
7006 1556
5706 9161
4865 5982
3912 7826
9372 8623
218 7700
6179 9281
9520 6722
6130 4239
1310 3345
5128 9208
6574 3547
3111 4767
7244 348
3718 4781
9032 2040
495 4558
1783 3203
5153 432
3267 9431
3151 5559
7206 1826
4718 9820
3923 5829
1899 9545
6781 1414
2083 6782
6062 3695
6426 8176
6834 7404
981 8405
8905 8609
9711 9128
1624 5410
2856 8747
7624 4169
1617 7888
9174 4804
3201 6320
1074 9269
6691 3812
1024 3920
2694 894
5946 1888
5036 5793
6235 5570
5643 533
5221 9240
8351 7124
300 3767
5110 2448
266 3705
5058 5115
185 1244
2027 9356
4732 7170
1178 9713
5750 4111
6399 5752
2416 2062
7517 9348
1592 2108
3465 3726
3949 7723
222 2306
7764 7857
5851 6206
2710 8950
19 8870
6495 458
9980 6963
3873 1836
4689 1375
8911 6164
8000 3386
178 5354
61 5304
3560 5356
3341 3313
8480 7036
5084 416
8687 6736
5736 3445
8046 2353
2771 2211
233 4220
852 8386
9233 5316
391 5038
1339 6062
6809 2982
8528 5667
1868 6094
1083 3873
1961 1869
7966 3467
9385 5280
8605 2149
1867 1125
448 9304
4082 6833
8358 836
4356 1323
4525 9241
5852 2126
8219 5021
6568 2331
3480 9929
3771 3461
7953 4892
8668 9891
1175 4438
8246 7617
7342 4046
9670 3823
5726 3053
880 4320
1974 1345
6059 2909
4100 9467
160 9696
1886 6129
7647 2489
1612 9405
1417 6525
2587 8955
327 9393
9195 2015
7362 9715
898 6445
3641 3170
3608 8367
14 7217
2377 2435
2009 9992
9270 2058
2275 4515
4564 2155
7020 9425
4699 2989
5175 7638
1400 8416
8969 7497
2331 5829
6525 2679
1418 1793
626 1038
8620 9327
4555 3187
3007 1787
6174 4925
9523 9239
6054 5079
2045 2377
1618 1330
5925 8715
9987 9280
1512 6202
2642 7514
6678 1896
9847 7547
3749 5003
7011 9187
1644 9803
615 9798
2441 4552
6747 8202
140 6641
8 876
8282 4798
9326 9116
3898 4967
9967 4588
2427 3178
994 7333
2829 1161
9489 705
2099 3546
4219 4418
9239 2709
5075 1578
6294 8762
5695 6481
3216 2568
8217 7875
2745 1143
498 6079
9883 6639
3978 3097
8658 6687
9017 2744
1838 7431
8906 4921
9908 2125
682 5722
9438 7548
4877 5968
2566 1217
4170 4465
991 317
6362 8107
6844 7397
1325 6987
4855 5205
8932 9319
6204 8808
3768 9269
4811 50
1922 7265
7241 6055
7025 971
6031 9185
7687 8935
8074 2269
6460 987
4137 7230
3802 2372
435 2505
5279 9153
7614 2520
5886 8822
537 8072
7790 2027
8675 3914
8905 4555
1809 8437
4046 8342
3324 7234
4752 463
8193 1791
5062 7838
543 7501
4249 8302
9500 8306
6552 3232
961 9448
5383 7799
8665 8588
3051 2506
9062 9520
8848 518
6300 7945
5795 6169
6036 9889
1897 8632
7403 7526
9414 3482
4208 7513
8199 6890
6105 8705
4409 825
7167 7190
7839 1001
9213 7510
3904 2019
6837 9138
1158 9810
9739 7810
6816 3494
7240 5005
2736 7842
1672 866
2686 3311
4364 1795
3812 8471
3721 3188
209 2106
839 5824
9622 6092
4164 9764
7163 6901
4686 6898
6875 4720
6908 3552
9891 2028
8598 9127
3639 5550
7176 4596
7454 589
8644 7913
8577 5669
8733 269
3024 1621
7180 6520
9309 7057
4526 729
7166 3808
612 608
2143 3838
8017 7155
7534 6876
256 3645
7966 3131
5452 7915
2148 9621
7382 4925
685 7412
5011 1435
2150 5545
1531 5021
8434 1046
4331 1970
9432 1460
2292 3098
35 5598
5626 5004
9136 9124
4517 1185
7987 506
2995 7095
9234 1606
7124 9807
2520 1685
6989 4702
4148 9062
3494 1072
3879 781
2428 6145
9562 9522
4815 1810
5846 4032
197 1050
9273 3126
3797 2098
3384 4105
9325 8952
5111 2752
3677 6125
1955 9335
9962 3895
5673 5309
1692 7920
6156 8629
9248 4709
7123 1081
1766 2663
7496 1826
7892 8461
1002 3057
5569 2001
524 2650
555 3726
116 8996
370 537
9148 5274
7018 3989
2229 1308
6077 1677
6959 959
8151 846
4323 8233
7048 7385
6585 9014
8214 6246
2210 2310
4312 1036
8463 7612
3612 1050
1047 9968
3889 3538
1701 4110
8078 6040
6184 933
8826 2375
1602 2970
1025 4012
5370 2194
1301 4761
9114 539
2827 9187
5329 7267
1642 4325
3025 5407
2320 5339
3810 550
8444 232
5182 1412
8613 7040
4515 9544
2385 9886
3236 533
1583 7664
2136 2581
46 3302
3498 7969
5827 8070
791 3258
8743 1291
835 2388
8295 2097
9124 1398
2034 6955
6837 5899
2415 8014
405 5923
2340 851
9285 787
240 2505
4494 9777
9602 6208
5161 9465
207 4687
8548 4218
6992 1310
8340 5226
337 397
5085 430
8820 492
6332 9555
6620 7057
4158 2424
3091 8709
8166 8081
36 3479
3483 8870
977 8551
6359 1809
8446 2236
9849 1668
5428 4319
500 6353
6351 734
6334 1248
4641 714
8322 156
1405 3721
2046 3958
1868 5988
7670 849
9947 5514
4991 6260
6667 4348
2181 1515
3248 7727
5445 8503
7123 4509
8787 4553
8464 3124
2758 9835
2680 1333
5271 2535
4016 3062
102 4445
4481 609
8389 6562
1702 6675
9851 4892
2993 4893
866 2759
230 3655
8648 882
5517 3576
3746 4403
436 7727
2917 2911
4348 9805
108 9555
3399 9945
3589 2094
7089 395
6483 7844
7220 6529
7581 3916
3585 1293
7566 4883
7886 8292
9971 1000
9507 7984
1424 2189
7036 4496
3627 5356
1882 1363
6655 464
7250 7232
3435 6584
956 8242
1761 8983
7637 1396
9959 3287
9773 441
5945 961
1322 3254
7397 662
9156 2150
5469 2586
823 9541
4393 5827
9444 2374
354 8158
5119 4750
5080 2795
7794 5062
382 2924
5689 5628
6840 8106
3173 2610
5668 8176
393 8062
9470 2910
1936 3753
6458 5447
7557 1344
1934 7059
2953 934
1045 9630
1728 6448
8637 7367
8900 9223
2074 2434
1025 4074
6545 3142
1959 8873
1341 800
3356 8971
3742 5535
4599 1577
805 2821
8038 8257
7114 7372
3945 9348
4022 5183
8244 7687
8201 4828
3297 1446
6933 7177
5884 8173
5953 6428
837 3053
3879 8210
9394 6973
9126 1545
6906 2246
2496 3509
2362 9782
3581 95
3396 9774
9383 7473
6764 4356
60 7435
3657 2674
1647 7378
7114 7253
9735 9419
6958 1662
9775 3588
1002 7669
8724 5452
7896 689
3386 7590
7122 6193
3960 8906
3083 8406
4631 244
6902 630
5862 1379
9677 5419
137 1083
5163 9170
9974 7908
2658 6333
9687 2840
231 9729
4010 1657
7521 5865
7956 3481
3357 8897
8154 4927
1629 2411
7062 2297
2804 3982
3848 6021
5547 9794
7282 7910
5744 9365
3291 517
9426 2041
8733 110
9494 9139
2872 4831
1621 2126
3453 3180
5707 7990
7043 1294
8922 9966
9141 7247
6949 5546
6689 959
7701 6933
7067 3266
3224 7789
6504 7536
4909 5298
6084 1620
7497 8155
1404 2718
1749 928
628 369
3437 2961
3683 1125
2210 2157
2722 2566
185 5484
6177 1043
219 5126
8258 9984
8579 9786
2316 4324
2451 5560
9385 6812
2399 839
4600 758
4944 1456
716 8151
2322 8240
8955 4342
7478 9002
2975 2494
2257 4243
1113 5504
8299 181
8153 3983
2977 3756
1255 6834
2388 9148
9550 1301
4840 2057
6603 3080
9142 8365
290 446
5898 9573
3257 3264
2789 9940
2444 7032
9324 799
6391 3846
1847 3776
9839 9614
3651 9412
3801 1304
7329 989
5921 8895
8196 6752
8869 7315
9527 8823
2344 2391
3365 288
9375 5299
7695 8316
2855 995
4410 7233
4621 7094
2926 1353
708 7008
6856 8209
6835 3112
5528 4827
3444 7323
2212 4940
6727 8215
9412 7054
1661 5553
6147 815
4781 2671
5428 9073
2210 239
2299 4488
3226 1710
1312 639
4521 5586
7872 4771
1252 5425
9483 4374
3959 7463
7655 253
4896 4452
9883 643
2961 7484
6165 1156
1457 3285
1013 1026
4924 1996
3840 6996
2095 5377
2958 9490
3389 8518
7147 4554
3052 9619
9386 9102
4248 8229
3917 8244
6944 5803
3471 7061
1204 4824
6634 702
8957 1188
3553 834
197 9947
2248 677
9946 4620
198 3410
4336 9275
4410 1031
5228 1839
4883 9524
665 9893
7543 6464
7111 3931
605 6644
7511 9542
5139 4029
5488 3868
5880 8990
9501 171
7891 1148
5133 2144
3418 7760
5954 3297
7852 9
3379 9012
5624 3335
4121 5125
1651 7329
1429 6676
7686 5936
9001 5220
2878 9570
107 6014
7451 3992
1797 7500
8449 2984
2487 2110
3049 9547
452 5448
2769 6240
9296 5234
8504 7768
6953 5767
2899 9320
2475 9302
3883 2234
2346 8900
7677 8971
2124 2425
7720 1775
3516 2222
9826 4777
3801 85
8884 9299
8596 2545
8393 8204
3654 6729
291 1365
8103 5690
4886 3299
6888 4258
6411 3073
7034 1494
47 1402
2805 9004
7057 4291
1122 3778
4375 1567
6881 693
8506 8729
2516 75
2661 9086
3442 5898
5354 5168
325 6574
2093 8916
7644 6551
263 8133
4154 2264
3700 2559
8101 874
4805 6020
5112 6599
6463 9419
2465 7631
6251 6188
2084 9126
4660 3685
8134 3924
8492 4968
1666 1076
375 8698
2984 9253
4077 2726
3097 1724
9917 5928
2300 8688
3237 1811
4381 6173
7643 7515
4008 8418
6711 3852
978 3427
7446 9457
4193 9575
2585 7565
2991 7738
9748 9254
8731 8269
479 3669
6471 657
3416 647
9483 80
9167 2111
3809 4132
6633 7010
887 8942
7534 2185
3584 7696
4747 8738
8739 6243
1905 4976
4266 2882
2116 823
2197 5325
3116 2304
2437 2824
2583 2027
881 1849
9765 2488
180 1149
6299 9917
1500 6899
7473 947
5853 3007
9236 3385
3980 1609
9973 8736
9045 588
6823 9373
2646 4311
1765 5322
6705 4687
6618 20
8430 1467
2470 4894
5638 7495
8976 6157
4233 9954
335 9419
3721 207
7968 9765
5565 152
9539 9981
4335 454
750 1752
2703 7978
7288 4448
3581 7144
7743 6435
3282 2583
6931 338
9784 178
536 627
9021 5049
9288 3552
821 7345
5039 4550
3157 4240
5805 7463
8665 7506
7448 3800
7534 4343
2903 580
1832 7602
440 6967
1454 5099
6907 6307
4249 350
116 9886
8633 9322
7661 4226
6560 6835
737 4236
8420 6561
4435 6366
257 2607
1349 702
6597 5084
5809 7604
1187 1373
3444 400
8337 9145
4973 5457
3641 9020
4243 9055
6124 1653
5884 578
1194 4311
7927 7192
8667 7516
4547 3667
9753 1613
7381 8409
8580 2411
9879 1602
9357 6378
6483 8126
4027 8848
828 3645
8601 7755
1365 6100
4965 3112
1255 7615
4915 157
6928 2073
7481 5807
8735 805
3472 7341
5385 5417
3721 6451
4519 3518
3749 296
4118 17
7084 1921
1749 3813
9480 7179
5370 8959
8199 6005
6046 2056
3404 9923
1708 6671
5693 4013
3654 9397
647 3789
720 4110
470 1109
1075 8678
2190 6823
5355 3370
5189 3643
8810 5707
4214 6252
9763 847
4559 3435
8959 9216
1699 4987
9291 5578
5210 6275
4184 6241
9724 3439
2426 2217
4490 6511
3386 3756
6869 1511
5140 1800
1157 1502
506 3902
1123 3951
8703 2964
3791 8698
4236 516
1611 4244
9118 4395
2909 1235
8134 7787
9729 883
3752 5961
2533 211
3036 1871
5276 7193
1201 8299
3372 2634
4581 9727
479 1171
8542 9071
4870 9507
484 7478
9537 3486
3332 7985
7464 7627
8287 1938
3109 9367
7800 510
4376 7265
922 3680
146 939
6000 1652
4842 7311
6587 8700
2539 7608
5136 2191
8804 949
6071 8213
1254 5145
8925 3676
5498 1197
3843 5286
8265 4621
8284 4553
7537 3671
5683 3229
6823 7519
3939 4002
9248 4830
2317 9399
5654 2398
1814 180
4233 736
4230 8769
4827 7046
4553 9581
915 1049
2626 6088
4475 8516
7524 6744
1074 7863
7767 9512
4763 7669
4441 2885
476 5974
2106 3808
9360 4822
5534 7246
5830 4404
1919 1339
1359 1412
6281 7874
6499 7293
4764 4247
1117 9692
9566 6189
8459 3935
8470 8064
4543 9163
4498 621
6960 2503
6850 8965
3514 5711
3434 798
9434 9537
4148 8897
6675 1123
4332 5197
7259 443
6322 7891
6174 7974
1228 3256
74 9714
3393 4470
6882 7187
8847 7754
8060 3586
6021 9256
499 3753
7978 3827
5653 1432
228 7525
8997 675
2530 2893
3034 2242
8595 4476
8223 608
4061 7015
2817 8941
5607 7000
9572 4396
5150 2669
1838 2789
3220 3000
9162 6548
9516 5629
1271 2936
3712 6407
4887 2645
7579 6275
272 4979
5040 8274
830 5660
3313 3436
8303 2946
3352 568
1701 4998
4657 4533
2984 274
46 9413
8034 7409
7170 1532
4017 4657
4903 5333
7816 9128
568 8701
926 9964
4823 4902
3661 6970
216 4374
6068 8848
9780 5237
9318 162
1224 563
2297 4697
4579 8623
9192 1743
2011 2625
8754 6196
3449 8705
6456 6092
7144 2397
7555 1231
5242 8327
8411 8824
4259 4213
6033 6135
2188 6224
3350 3503
8113 9845
4674 744
3699 1687
8302 6478
4504 5002
8938 8864
4294 1610
7656 7186
5851 5858
7678 7723
1144 2390
6489 2888
2177 2697
4597 8327
8319 9607
597 6701
7790 8909
4865 161
8367 4188
8707 846
9079 4410
6809 2389
3854 5360
8967 3176
513 4045
2322 5457
6993 7169
6901 7257
8258 2051
3120 1793
9597 7260
1492 6828
7950 7242
9720 851
5222 6846
5431 2512
2074 4094
9632 3379
9266 4755
9413 6752
7979 8556
5452 4079
4086 5994
5345 3595
1639 1234
3010 5988
5174 366
5041 1053
3137 2508
8630 6062
1784 5005
6763 6515
6368 8695
4014 8859
5057 9620
6130 2442
3944 7233
3806 2759
7542 1600
12 8015
62 3798
1979 704
7947 7358
4078 4063
1416 9668
6891 2738
9750 5802
6333 3895
1001 2982
5587 8427
3803 4946
6958 5396
1576 4107
9751 8584
7345 8211
2503 6371
3049 8432
1196 3957
8139 874
9098 1074
8849 3680
2984 5536
5934 9876
687 8012
1430 6874
3535 181
9617 3197
9034 9088
9707 4635
119 3026
8823 4388
992 5785
4647 1742
1652 1604
4918 4708
7062 1798
1806 4914
4444 1831
82 1979
1425 7555
9206 7508
9267 6985
4289 5750
8757 2269
6242 3807
4814 294
5352 3410
8633 1601
4505 8466
5811 1644
9500 2459
3265 7452
15 4490
4919 4999
6305 463
5825 4955
4873 8642
8974 6917
6109 908
464 5099
1436 9961
9341 2515
5397 669
9521 3561
7981 9868
5802 5917
6430 1135
5771 4514
3794 8246
8233 3969
6076 1745
2305 2180
5007 1974
3040 571
9861 5839
9929 922
1497 4872
8099 7465
4061 6661
7672 7875
7701 4538
696 167
3114 3281
5316 9098
3273 8808
1731 5331
6769 9312
688 7982
857 1231
4489 874
6103 1263
6946 4891
6922 9085
6016 1400
4384 1770
6991 5582
8993 9038
5693 4459
9683 7536
1276 2532
7571 6351
388 7567
9458 9068
6254 4842
8149 2717
7130 7346
7333 764
9674 4301
9421 8726
565 8209
9919 8509
3445 778
9759 519
1225 1672
1542 2156
2484 4862
7456 6555
3756 9301
4671 8678
7244 3591
5270 3937
514 4660
6526 3799
6065 16
2900 757
2929 9315
7705 7837
8026 7303
9233 821
2493 8126
1893 5269
2699 9146
6769 7661
8507 3587
7558 8252
7464 7173
7993 570
2769 2623
8066 5727
7096 7668
3262 6601
1827 206
8078 6235
9294 1222
1558 3192
7415 5517
2862 5884
9729 8263
8788 4419
4914 5979
889 7328
8212 5332
9743 840
3335 6147
6513 4548
526 7258
6636 1395
1790 2450
2302 2197
8706 9862
8654 7281
1625 3926
9027 1360
9782 8325
7723 9967
9728 9692
5142 6561
2432 6021
8585 651
4357 9920
8556 7223
9747 2801
1692 1185
1503 9056
5834 1885
9701 8551
777 1327
4483 9880
1316 9313
8523 3941
3670 9425
7045 7638
4128 7216
8442 6631
7798 9524
9178 7750
194 4582
4647 8745
5872 3621
3512 3175
5888 1122
1335 1914
2696 8706
3987 9299
6415 7311
2383 6966
4563 343
9921 8489
1652 5211
804 2090
5639 8354
5014 4198
8915 2707
379 9299
9431 7902
4648 2727
4482 7172
2184 238
4026 4251
2859 9432
5062 2811
8754 4664
9172 3283
8709 9846
6116 7444
2077 5086
6954 5429
6778 8047
1488 4126
3165 4493
9698 1341
6207 5520
4192 1876
2009 8019
3871 4488
1098 69
8824 7124
2757 5019
3192 3812
5871 8844
1839 8731
2277 3828
7025 2093
3892 5618
2136 8453
4127 8633
4095 3728
541 6115
6408 417
5849 9305
3384 2971
3744 8156
70 5418
4278 6720
1887 4490
6001 7131
6293 5246
285 9483
1387 9755
6998 1069
2571 1642
5569 4950
4736 1785
3171 6126
5644 6795
2936 9280
8851 6387
9038 1628
2862 7901
4919 1558
5578 4502
2587 5060
1094 1103
6611 5779
5544 6589
4703 7346
5513 6796
2305 8981
3012 9816
1216 3331
2475 786
1782 233
3922 5905
3027 3798
7202 9086
647 7725
4375 919
2171 8230
3763 6189
1785 6380
6057 7862
4176 1552
4770 6331
3137 5173
204 2875
6660 7314
9269 8742
804 7923
5860 8068
6559 808
7425 140
583 6485
632 7709
4403 7392
3787 9448
4174 2231
3869 4963
1687 551
599 9240
8896 6422
7654 8564
1472 9705
1019 2792
6449 6670
6362 9324
3746 1204
2988 5079
7541 9982
7261 2456
1682 9429
2814 6496
6403 5507
1652 3797
2230 6680
9175 6673
1390 7496
436 7985
5779 8426
876 7239
9533 923
6515 8489
9836 6281
7329 6175
4867 1625
8212 8984
1993 1890
8892 9750
7047 2976
4910 1997
7708 8017
6930 1960
716 5051
309 965
4428 6628
904 132
8872 5433
1471 3755
7854 7176
9826 2389
9601 2901
4719 78
630 249
1878 5273
474 9326
2780 874
1034 3892
5241 3453
9689 2336
1722 6813
8750 5800
9327 269
8227 6600
4398 227
7207 2575
4446 7656
6557 5827
557 4617
5931 1865
3147 3257
4700 1694
3645 2989
9422 3457
8730 6894
5797 6294
1073 6507
3158 9092
2418 6132
6189 5832
5136 4704
9463 7616
1077 6440
2777 3505
1054 1593
2567 1106
1339 8054
93 9791
881 9828
5994 5462
1399 893
1520 3837
8460 5005
8630 4634
8543 5400
6198 9065
2726 3282
9183 603
2520 4773
7332 6417
2355 9215
7754 2053
8742 5585
782 2273
568 7297
3373 8917
4176 5993
11 8325
5498 9174
6109 7305
984 9337
1086 2348
4271 9721
2446 8846
5190 6288
5038 4258
3595 3434
4869 5856
1581 2393
4254 6532
1074 8451
8760 6445
6099 7234
5461 655
3244 163
3579 1826
5661 4968
7590 6976
6043 7974
2644 2763
9823 1576
6887 5140
2726 9018
3511 5637
3903 3646
6893 5401
3680 9338
8281 7998
3042 584
1022 1738
3440 2358
3456 979
7804 7348
461 9605
9178 1704
2721 4752
8883 8461
2048 7224
2260 5167
4144 4755
8604 3729
5388 7279
7361 5703
8994 73
8412 5724
4374 4870
8152 8238
7421 9438
2743 7213
3523 284
2733 5663
3845 9024
3411 7247
5400 2045
2197 8281
6464 3259
5701 7856
9098 2214
3414 393
8322 5037
3009 8733
445 596
1459 8763
6321 3650
4381 8067
4776 5604
4451 556
9633 8392
3326 1327
1231 5267
3946 2105
8968 9036
3704 7581
4375 2670
5421 7024
5050 6634
7441 219
8532 3986
1058 8973
8572 1983
9438 5367
3213 3437
5644 3389
2324 8362
2596 4651
5013 2506
1826 8254
4951 5846
4983 6119
4691 3848
5032 812
2185 1952
2301 7287
6298 3634
3011 8837
3119 2502
5451 5031
6289 4791
9321 6068
2319 4805
3797 7830
299 4739
5853 5624
2029 4121
3553 3391
4894 723
8358 2206
6958 5360
1060 6704
624 2659
8536 3394
9785 5334
4403 1893
5860 5778
4728 1889
7280 9577
2530 3629
1216 6236
3020 9912
7514 9189
2807 3443
7753 5615
5719 3845
5916 1224
1126 8166
2740 454
3008 3252
7561 3631
9046 3265
9222 4815
3403 1490
7545 5718
1930 4210
8084 3416
8814 5645
2463 2571
9863 8613
3155 28
7452 8577
3616 9130
8820 8073
6184 5114
4860 7499
3154 3441
9028 2457
9992 2749
3490 1049
5017 9757
237 3203
1752 2692
8691 7127
507 266
7011 6196
108 2939
8852 1634
5644 4230
3629 1769
635 4734
8426 2936
1761 2429
4702 127
3817 6492
4635 1541
4192 7645
5931 1379
6970 5217
5883 9190
862 2738
2731 9041
4261 2859
639 8313
7374 5386
7841 791
5213 405
5468 10
4600 4946
498 9346
8889 5437
7416 1046
1791 5638
501 2575
8684 9680
3878 2923
6184 5460
397 9035
8221 8748
9501 5124
6105 8808
3680 6498
111 8956
6897 2657
9766 1520
9874 514
8376 4191
5560 4620
5284 5224
4714 4840
7645 9648
9173 6644
6570 4110
3131 2897
2372 2158
9727 4854
6906 2751
7082 362
9776 3589
7450 2957
2251 9239
1598 704
9639 8546
5579 9528
2737 3284
2970 9679
6366 2274
295 8035
8690 5554
2979 5894
9850 6306
8004 2764
2403 1647
8160 7968
3568 6399
3429 5775
6087 8600
3540 6475
3605 2310
5425 7721
7334 4201
9333 8931
2893 3796
6972 8296
5010 9216
4088 2247
4207 7206
3740 2407
1123 7209
5137 5954
6159 3690
4756 9158
4027 5074
5254 2339
2066 8619
3115 6959
5409 3223
7244 2725
9964 2104
5045 3665
3786 1638
3143 2742
7684 2157
455 2840
5306 5996
3965 2994
2302 2342
4790 8498
9894 453
6147 6472
2894 6450
9208 7419
6708 1230
6030 9283
987 7581
7585 3024
8360 3318
4802 4514
5560 6036
8038 1262
6632 6552
1109 5584
7323 6932
8140 915
8328 2865
7179 3579
4442 9146
248 9083
590 6095
6603 4687
2920 2611
8272 2868
5342 4559
5560 6411
2075 157
6775 4074
1518 4861
9831 9226
2872 7811
7300 42
1522 2663
4943 6890
9621 1667
3883 1537
2191 5241
3475 456
3269 491
1474 2941
6251 5745
3577 97
910 8358
7788 7290
5307 4267
7797 8066
3589 6819
1872 7222
6883 9381
4206 151
6847 5678
6002 9405
9480 460
1591 9727
6001 7684
9879 9260
96 5564
6133 8293
8479 7138
8613 5520
9375 1539
1807 8439
1424 3637
2991 3783
6938 4190
3688 4946
8248 4714
1356 5293
5160 4569
9349 8274
4428 3470
6976 1551
8203 7169
9245 950
576 8958
8032 2955
4714 5348
8691 1417
5627 3207
5026 7053
3818 6783
1917 3833
801 2023
1545 5587
2063 7518
6192 8883
6774 4857
6076 1240
4958 1167
2896 2484
9361 844
6047 683
8445 126
1059 3865
6709 5003
3335 4041
7616 4921
9037 3438
1369 3237
6522 7934
6461 4621
4869 673
3600 9270
6363 9607
9592 1878
8142 8431
80 8714
3505 2337
9879 3810
46 4821
2446 5504
4944 7114
4046 3821
3257 6816
7776 7796
2941 3694
4994 949
5189 829
8281 3827
3918 3402
4985 4311
7703 6248
6367 3851
9703 4444
9272 8895
8804 671
5319 8343
4060 5728
2451 8746
8512 8383
118 7093
1924 1459
3743 855
3921 3445
3841 2995
8340 5411
6930 7088
1084 1086
8109 2588
5471 3628
48 4997
4645 4999
1663 4415
7036 6891
3007 2833
8323 4860
972 5959
1263 9982
2115 8241
8728 9995
3224 8451
6813 7793
978 1939
7132 2353
2634 5823
5019 2433
2592 7140
4770 3003
4854 7639
3198 4668
3442 3408
5808 5670
2160 2650
4604 9310
6990 1029
3963 6478
783 7076
5817 4484
2057 6560
9239 354
1815 5250
5178 7548
8311 1485
7258 8845
2908 7442
3252 3554
2237 4057
9337 1661
6405 6191
6429 1091
577 9186
888 7183
1957 5095
6600 4221
5559 917
1198 4671
642 2008
4076 8380
4997 1662
7277 4460
9714 9837
2237 5341
5295 1563
8461 3409
9544 8997
9009 6270
7339 8041
8257 1788
490 2731
4523 7435
4333 8020
7071 7098
3709 398
7458 2257
2954 9289
1228 8328
9990 6058
1482 1741
5160 1687
5020 3507
6171 7276
4872 9901
2188 9368
3285 5671
2367 7761
545 8958
6314 1244
7644 6306
9528 3766
2715 8203
2343 7006
4262 3937
6667 8184
1225 9443
8553 2923
7927 4545
5324 1684
9650 2306
4100 7729
3653 3023
6082 5623
3754 2022
5102 1917
2132 984
6545 3838
1207 9627
8555 8107
6507 7832
782 2551
8332 9006
8353 4793
6509 2413
6158 9405
4608 9084
52 819
7455 5733
2853 8191
3575 2627
5369 2663
9704 1162
634 1113
5878 9391
2326 9234
2411 7308
1344 1399
3826 126
7167 5040
3582 2311
9534 9752
1313 4364
6266 3583
7573 775
5735 296
1175 790
9996 5723
8934 9434
3874 628
8249 2842
1672 8594
1366 4077
9922 5145
8396 9379
3558 7312
9706 9021
4430 6980
9237 4673
4392 9571
2902 7927
2617 1394
2138 9166
2277 4760
9024 4903
6841 8641
9454 8073
34 5755
1165 5964
3523 1772
9848 3118
3379 6666
3201 9329
7436 8257
221 8859
6446 4033
2531 8580
1065 2990
1296 8267
9095 542
4165 6610
1664 334
1256 3885
4643 6942
3023 7240
7092 4064
968 8142
5544 1117
9588 338
2875 3584
4919 5018
5402 2521
8250 3134
8153 9947
9145 5182
6703 7790
4006 6234
5701 4414
7796 9191
395 3562
6316 8369
8627 7158
7067 9491
3412 4089
5746 8320
8856 5568
7349 7918
7086 3225
6365 7558
6729 8521
9174 3174
3550 407
5137 8991
8874 7118
7619 8454
6539 6479
1365 3975
9170 3676
7410 8365
3607 9534
380 7900
2740 9281
3558 6120
7449 7811
2155 4235
8407 5992
150 2195
8581 168
9720 7489
3359 6448
662 9403
5889 7853
472 4954
8272 5956
1467 3917
7745 6909
2128 3797
1040 7651
2443 9863
7243 3430
5956 7661
181 6329
4585 4949
8035 5908
9611 7840
834 8674
5996 5316
6431 6292
3207 299
9581 7997
7720 7570
2931 4053
3632 7131
7371 6518
8019 2059
2325 226
9849 2236
2210 3258
32 9212
2329 4584
9368 4797
6725 4695
3478 5491
7508 4165
3570 2233
7594 3848
6200 9340
1404 6006
2427 2222
9062 9547
5293 5028
1654 1255
7993 857
7886 8845
986 8137
3733 7286
7217 8599
1015 5772
2770 8535
4465 3503
3607 9204
4118 691
3852 1020
4604 2832
4513 6191
2335 7009
8556 7763
3998 8726
1076 499
1273 7570
4839 5099
8329 9837
2581 8958
9448 9283
4402 4816
2468 2963
7800 1485
5105 5808
8466 6608
52 260
2355 8140
5448 6696
157 7063
6957 2750
794 3978
7780 4439
4263 4994
2532 7373
2516 4562
4552 5082
4261 8047
7839 8799
532 3682
3243 2191
76 6506
6979 9329
8511 1943
176 625
7634 1344
1443 8463
2732 5198
8302 3854
8762 1999
519 6503
7006 1428
424 7652
5243 5779
1937 7845
5675 4613
5285 2974
505 4377
3656 2359
2632 2080
7464 9515
9066 8079
7121 7833
5625 1776
5351 230
7137 3233
416 7929
9124 6531
295 7134
9669 1740
9051 2340
9533 9734
2797 7391
1162 2622
9062 9974
6779 3541
302 8214
2693 9410
8422 3453
4481 95
6063 448
5435 6856
6129 7861
2693 6383
3957 1962
722 5834
219 8780
635 2707
8869 2337
3613 2407
1082 5647
6793 5848
8772 7154
2195 7099
5202 2586
7572 5179
4471 3434
5720 2692
7225 2058
3857 9480
7699 9670
7090 894
3475 782
5444 9262
5869 9284
292 5302
3910 96
2163 4216
3289 7535
4357 6042
1014 1024
6003 372
6734 2310
2329 6197
8136 1625
3544 3887
3552 1909
7461 5719
8018 4776
8088 4886
3123 5128
926 4986
9305 2236
7464 5285
638 6670
362 4013
4049 847
8605 6091
5108 8755
3933 9980
6367 3905
7211 6515
4012 5860
3596 3221
7225 7244
2472 6875
553 2830
5500 2468
803 1072
7944 7136
2961 4302
2306 9046
9155 1384
6818 4431
138 4129
2996 9160
7693 3714
1161 3316
4615 4309
7190 3560
3542 5626
9667 1966
2254 3669
332 7058
8020 7150
9428 9112
1428 9359
4702 7060
6156 4186
2514 6352
6174 8241
1950 5146
6882 3372
1682 6355
81 3750
2211 3569
2955 6160
3049 7629
1682 3213
7584 5830
3229 7732
3163 7069
5030 9602
4156 5543
3932 5701
4846 9614
6610 2434
3516 2800
5646 8207
9670 3662
6395 8058
6275 6958
9255 8096
6426 4234
7446 7974
7383 79
2621 1700
5645 6511
7144 9238
2974 159
6804 8105
949 3450
677 3828
9532 9420
9122 828
5238 2711
9588 158
6982 6946
7339 2569
5078 7621
7081 7409
2898 2686
9572 6302
2858 8015
4264 3659
7827 6477
6787 5831
1111 6579
2680 6823
9312 509
2397 2498
4033 8461
7628 1972
2685 7738
8517 6043
6494 3100
8603 7501
1071 9089
9619 7104
4499 9643
2376 3985
7196 9200
2858 5662
1316 4905
7898 1500
968 8515
7871 4113
5975 273
9284 506
2807 6407
3879 9543
5537 7681
5948 2842
720 8666
5689 8188
5302 8101
599 5000
1080 1800
1687 9678
5085 9884
1354 6401
3218 2079
1304 3050
2841 3665
5771 4067
9877 7018
3713 1612
3919 5619
7085 2457
9157 6552
1525 2305
3525 9069
2502 4225
9687 3270
8844 9208
7968 877
9611 4264
8672 2527
4793 3243
4645 5551
1745 8684
4677 5266
2417 3562
9737 7202
8860 7208
2924 5500
9802 3312
2752 7329
9139 5035
1337 2264
8520 8362
432 5067
3082 2609
5153 4005
8960 8486
7165 3499
6598 3990
8601 5248
5577 881
5389 2622
5707 825
3127 9140
101 7463
6517 7859
976 550
8126 3648
6971 502
3882 9750
233 8586
8389 6257
9520 5531
7296 2499
1450 6610
2784 7538
3719 9762
1261 2840
5642 220
8804 3746
9384 1592
5046 3314
9772 2755
5623 9614
8246 1307
4832 430
1703 1909
1517 1569
6966 3112
8895 5929
