10000 8000
5990 2828
7115 8081
376 2268
5082 1466
112 6337
4502 2670
5631 4624
5537 674
7029 3999
8287 2401
6284 6155
2155 9721
7374 3109
6305 1260
3050 4641
6353 1760
9123 470
3203 8383
4721 9233
4109 2008
8398 6193
958 92
281 2524
4055 114
3367 1065
8013 8083
6061 7204
905 9934
2663 6638
5911 117
4901 1370
7098 9375
8472 8193
5223 1076
857 703
917 3364
8803 2564
67 432
2292 5715
5026 8543
352 7750
3351 7419
3950 3640
8523 3233
9385 4745
3259 2661
5808 9518
919 603
2646 911
2551 9391
338 8232
9585 3566
2433 3992
1029 1851
6831 8612
7474 2779
1522 6517
9597 5161
1903 2822
5857 6851
8546 3447
3162 1227
4107 9437
9401 4582
8332 1551
6051 4081
7804 5434
5218 4423
1510 3375
3874 2508
8011 336
2485 8245
5180 9798
2608 9966
7745 1614
4108 9699
5428 503
5222 8327
7814 3381
271 7104
4554 8322
2908 9960
4725 4872
631 8814
4533 3991
2844 627
1222 7893
7805 5038
6750 7930
2271 4584
2018 512
2299 7905
6175 4473
589 4121
7458 6408
9944 1255
5136 8870
9809 1910
4479 7711
5824 6467
6603 8803
6530 9248
3922 181
9657 5333
3800 4351
1050 8313
324 6172
3518 5421
7073 4077
8962 4258
8622 629
1703 461
607 7757
2274 6746
8441 4737
7597 6038
1546 4528
1332 7172
3694 6416
5513 7609
475 7959
5777 1569
630 6691
4741 4743
8636 1876
1362 9056
939 4829
1945 7729
2325 5126
3471 901
4916 3116
4350 6104
1232 3696
307 4190
3579 8964
6814 3981
2982 2961
2085 7454
6761 3908
6113 1536
7375 4412
9375 5461
4071 7694
320 6436
3124 4273
2393 5221
4078 4227
7908 2984
3695 7858
7918 7886
5735 9411
4487 2878
6825 4110
5973 2642
7132 7295
5169 3111
1178 5399
8647 4113
9060 202
3083 9652
4892 1167
8543 5004
7929 7779
3822 2198
7943 9430
9749 4229
4548 1996
9716 7262
1796 5165
1553 5484
3711 5509
8885 5804
2350 6341
2125 578
1153 2576
8826 4931
8971 7903
993 9049
7332 3902
5548 1362
1190 8092
7608 241
6977 7999
8725 604
216 5006
7161 3420
6626 869
5805 6928
6457 5188
7550 1274
2014 2416
1501 6240
8851 4065
32 3948
9983 5602
495 6573
6030 245
2407 6404
6127 1404
9275 4088
9988 9121
6270 5522
6309 2351
6938 50
8269 6758
8172 9752
4092 6715
8389 2475
6291 9685
890 1990
5387 9394
5477 2534
2062 9136
4467 1581
5324 6052
3220 2402
6408 7686
9742 5631
601 5667
6202 1314
8618 7274
6406 4044
7673 5328
6689 421
3803 332
4225 4182
9223 4331
2432 3213
7735 5341
7691 7645
8650 1510
658 7339
6229 6846
9115 7650
1277 9969
4224 1296
8142 3632
5980 327
9607 9679
9937 4941
1132 2981
8981 6716
9747 1903
1648 6339
4055 6268
8031 3507
5065 6370
773 6642
8057 9032
5269 4587
7729 170
5881 3949
8123 6393
8334 4232
3926 3736
213 5779
6709 9808
8068 5144
2095 7532
1187 9670
2448 6974
9232 7118
2679 3241
3227 9159
4182 388
6378 7963
566 1133
7670 1911
6848 7476
7949 1887
4 3580
2862 7
4470 5069
1840 5387
3660 8421
1675 1928
6513 6642
7965 6065
4022 6985
9622 4427
4156 4931
156 6513
8602 6826
328 4304
8925 1745
6952 6156
387 3737
523 1978
1471 5469
1800 1460
5913 3063
3623 9512
75 5128
9254 5161
2116 6532
5605 7212
6009 2867
7690 9437
2015 6338
1006 7496
4515 592
4527 7488
3602 4385
3596 2603
8417 7903
3484 4947
7254 3476
9591 1575
908 1680
3979 4552
3140 4521
5400 7852
3823 5766
2101 4111
6532 9444
2153 6637
2112 1825
386 2233
6257 9748
2722 2762
4491 2323
6988 9560
5603 474
8060 995
1430 7355
7852 4941
9043 8393
3296 3755
7517 2908
11 2759
9770 400
8359 6481
1638 597
1154 6809
4977 9456
2699 7767
5677 2265
585 9044
9825 2988
2004 6798
9768 2584
5914 4536
2435 7650
4988 327
7923 7875
6222 7270
512 1270
4778 2051
7797 9115
782 1776
8961 8759
5417 6259
3159 6690
7138 2342
879 567
9201 4807
7571 8727
4660 4905
5763 2054
3612 4050
1921 797
7277 3787
2518 5254
1601 2483
299 6020
9158 8204
9969 5208
1147 1356
4009 3821
8055 5902
7805 5597
2210 2975
1397 6505
3514 5809
5587 5845
8992 3611
2840 2969
7560 2566
5772 3185
3885 7042
4970 862
8282 7519
1569 1124
8994 1637
6004 1706
4505 3500
5947 7372
8472 8964
9920 3292
2157 719
3443 5997
5353 7618
5255 231
8320 5752
9826 2070
9884 2958
2145 5067
2555 4136
3377 6265
5932 1963
3511 2121
9398 9425
9226 7751
4162 4232
6883 2178
1100 1331
196 8400
8053 2311
7630 2279
7220 3264
1593 6645
1504 5145
4608 8490
4072 7943
3346 921
5435 5743
99 2555
6240 5404
4648 4075
288 1258
7151 6874
2759 1101
9125 3629
2886 1227
6093 554
5284 8190
3632 415
104 7491
2008 4363
9473 3773
8147 5411
3630 1762
4998 3006
8774 3293
5192 298
1474 9979
1746 2869
3838 6590
5478 7092
1660 7565
789 3423
9056 5586
8615 3507
8389 8586
9399 3103
166 9065
1621 5383
806 4899
6882 484
5001 1012
6535 3634
5240 4569
7086 9185
4977 3109
4103 1093
6933 6365
3653 8614
8441 6988
1887 8481
3173 5248
5903 1621
8840 43
9414 2486
5618 8563
1750 3837
8120 8674
9878 470
7603 4246
9826 5520
513 4898
1609 5057
2563 3548
7261 752
2846 8061
4902 8009
2186 6420
5360 861
7990 7155
8968 8095
8017 4256
3778 9799
9955 7830
646 9299
7170 4049
7631 5025
6029 9350
1371 4663
8101 7368
5774 4812
3135 4132
574 8171
5443 8118
8568 9239
2192 4674
4506 2306
6630 7868
7623 6420
7738 7792
5270 5627
3493 4907
4643 9221
9397 6335
5501 2567
6827 7779
1958 5066
5964 1953
7303 6072
2769 8887
9673 1587
6006 7302
1964 3951
9326 8358
2836 2275
1837 2656
5783 8076
2845 2162
8256 7466
8666 2735
3695 6242
3190 8493
8759 9546
2278 5445
4927 2383
8898 2502
9282 4418
377 5778
6863 3559
9163 2495
5961 1173
5549 3255
6535 8089
185 4248
197 7202
747 4277
2306 3350
3621 5876
288 8412
9547 2110
2504 5792
9592 2163
8371 1971
7080 7747
6065 7640
3964 5365
38 6040
4649 8660
888 3935
2280 8700
9315 2957
7464 418
2693 6837
7544 1626
7794 4129
9389 4942
7937 4540
4882 2174
1180 6806
9267 5050
4388 4564
2177 8554
6748 2750
9313 5943
6233 1712
669 6303
4888 4361
7009 7444
6744 8190
559 5102
6668 7464
4076 2261
3274 6866
5680 567
2030 6876
7322 2904
2216 3611
4554 8701
3017 6358
2069 7952
1963 3322
6501 6096
2726 888
2102 5997
5019 5714
9850 5664
45 3297
1094 1201
211 5330
755 7231
6392 500
4990 3340
555 539
3864 5070
7695 4337
9542 2864
4844 2272
7618 5390
7324 7913
7192 5197
5695 6783
6602 8448
5336 1549
8237 3684
3837 1228
2154 2389
1290 6478
6286 9591
4143 2102
5146 8846
9294 1661
6419 3526
6638 239
9923 4172
9931 5164
9222 1570
9011 4007
6782 2463
3706 4794
9200 1053
775 81
6469 7369
9541 3194
4234 2295
5603 1803
9824 4828
3284 7340
908 4626
8464 7401
5768 3703
1713 3137
2625 6494
871 9322
6711 204
8037 3722
9392 9308
5153 8815
852 9244
1176 8649
8658 4766
9703 6539
7498 8904
4771 9725
1730 6036
5250 140
1202 1393
9728 5113
2183 464
3980 5894
2275 7431
2728 1469
2539 690
5868 2392
7320 157
6803 7625
6487 3723
9900 9684
8121 7234
1386 7968
9603 6669
7861 4955
1839 3784
1783 531
4842 4920
3408 4573
5956 1793
515 5857
8755 9133
3158 3900
5072 2188
9350 3788
8648 9886
2913 1208
3164 8539
9690 9542
3505 9372
9368 8131
7633 3135
8823 9647
5609 4022
9957 862
7705 760
726 8280
1063 5551
1 3945
236 2953
353 1266
8965 3800
326 7702
1379 7266
6769 9086
4220 1601
3467 7414
6360 3955
7278 2237
8356 4379
6586 3881
2306 1134
210 7777
7975 808
1181 7457
2476 2021
7573 9241
1390 2152
1227 7566
1663 1735
3345 5176
8530 6892
1358 4194
8194 4278
1534 3422
3148 8118
4032 2990
9792 8403
582 5772
3220 8342
7992 8931
8161 9422
6481 5075
5316 8254
7248 6657
1710 506
7449 6804
6613 7070
1042 3882
9809 7799
1350 529
8703 9687
5941 7086
6802 9285
3010 8601
2285 1819
5892 8095
7994 4166
4421 7503
5990 6826
9734 7038
818 6524
2873 611
884 2693
9942 2219
6436 8310
1287 1958
2255 6302
1707 6984
6088 758
3894 1513
9794 5798
5632 1718
7815 6189
2866 1965
5428 5484
2268 4869
5770 4107
1170 4212
4271 1988
9530 8695
6187 1235
7087 7501
860 7660
5745 4908
7554 9269
9187 6811
5299 1415
6364 9990
1304 9393
4871 510
3566 1333
6290 6918
9383 41
2707 1863
8470 7832
5454 492
3654 31
3712 1319
4548 1168
1608 8427
7040 6882
424 7231
321 1710
9144 8833
2334 2868
5492 17
5205 8756
9929 2722
103 7382
2284 1356
5786 787
3459 7597
7414 1849
4633 2867
9065 9450
6046 5139
2243 141
4757 646
9754 1980
9173 4583
1784 2085
4473 5414
6216 266
6912 9671
9548 8400
1997 1268
8250 4691
1864 183
3962 6145
2875 225
9226 3995
4549 7910
8906 4791
939 6878
721 6528
3010 9334
2006 6548
3878 7565
6231 6373
5047 87
4853 457
1095 5326
2662 2458
9581 2844
1362 2183
7828 6081
3751 7473
3052 8403
6806 9055
648 4521
7843 7450
1135 8944
5176 658
4364 4535
1954 1655
4958 6802
2387 384
2040 9338
8831 7816
1906 1242
3935 140
4342 5716
177 7054
4340 4123
9365 2037
8702 4967
8497 1195
381 5588
2303 7501
5706 3714
2330 5087
518 438
5428 406
7874 760
6419 2923
1176 7620
8672 4623
1488 6713
9334 4481
1707 3260
7961 346
3389 2534
8572 5778
4810 9906
6906 455
3824 7488
5726 1581
1277 853
3754 6521
4533 2025
1236 5845
2349 343
6341 6112
2115 5120
488 1355
4787 8936
2833 1132
4179 328
2387 8239
1176 107
1657 1648
31 8017
158 9026
7189 7598
3141 5579
3695 748
5537 9749
6707 4101
9982 2783
8173 218
6279 490
2572 8191
8525 3661
2930 9484
263 5970
4871 2557
380 7814
3110 3731
8650 4877
5406 82
5827 5067
4514 3377
5179 8412
3722 7596
443 4461
7776 3861
9137 864
3908 7231
4190 4716
8153 9026
2166 5595
1669 2698
2596 6795
2021 7064
3859 8126
3990 2975
2534 7689
4205 1944
7153 4520
9680 591
4237 2345
7483 6403
6312 6733
1277 4538
7075 9818
5480 1786
7234 2059
7540 4914
5439 1310
2364 1951
6600 2325
1103 6823
8109 678
1472 7122
8707 523
4903 9627
1427 6931
4559 419
2683 2255
6069 9839
6540 9382
7535 9477
8570 8529
1523 403
8832 6591
4971 3912
6761 2883
8744 2169
9976 7217
3532 3693
8321 4852
4446 2562
5629 3915
8378 8054
4378 2024
3391 1326
4905 544
6351 9474
1214 3389
8306 335
8676 5039
8243 3844
4998 6230
5681 6613
2359 3226
5536 3804
843 5540
6758 3714
2332 7714
318 3594
3558 487
9288 7415
7354 2440
8999 8481
1327 5744
4305 9765
6684 685
8019 1954
5488 8832
4635 1004
9531 6705
9420 9916
7586 2297
3357 3022
1390 3623
3210 6289
589 4972
9138 9419
7712 8238
4119 8035
9916 7352
3665 3413
8921 6073
2827 9730
5638 849
6213 3181
7123 3095
4768 590
2469 3461
1877 6819
5861 6042
622 1242
3921 1399
3868 8249
2186 1155
5327 8487
6261 2247
3729 4640
3658 7331
6252 1908
6232 1047
5759 1832
5727 1451
4317 1875
1652 1527
5821 7059
753 1355
2859 5398
4210 1561
2998 529
4569 2774
6592 8109
6170 1853
7201 484
4592 8411
5365 552
7686 7556
1145 4333
6847 1357
4497 1658
9071 9472
3077 3372
9616 5147
5104 1604
6814 2145
7008 3348
6091 2503
9481 2677
6828 8984
3218 6803
8761 6786
7478 8959
6321 119
7923 2701
5236 93
6159 7220
183 4318
5598 4657
1636 4201
4701 1299
8583 3567
4235 3536
5570 23
922 9775
4042 6010
7282 8509
647 4359
8767 4328
4776 5680
1246 6790
3693 8028
7444 447
8251 7603
5831 8767
6796 9717
8274 3782
1884 2707
8854 2359
157 1300
8756 5212
9860 8114
915 4608
6505 9322
6800 3908
6155 6496
8105 1771
2618 3944
2305 1277
8699 5086
6464 9576
5992 5903
8416 6794
3085 5742
2161 3640
9452 816
2933 9547
2570 7072
981 3678
1232 508
9738 2049
746 1062
3108 2633
171 1572
7223 1773
8568 784
7993 4571
9256 7144
3974 5169
5995 8095
892 820
7536 6586
3311 1196
2925 101
4134 5734
7770 2684
2044 7889
2662 3906
9712 2129
1329 1757
6549 2576
1344 7431
1395 4296
1613 4495
5716 3674
4693 1798
8168 2314
2712 7859
1313 3296
4059 4383
4600 984
6073 458
3222 5747
8094 8356
9292 1428
8667 676
7676 7076
1221 6261
7501 3503
8790 1060
3738 5301
5851 660
2964 5929
1204 4506
2652 5941
7910 2224
3002 3541
2572 1446
3721 6375
3266 5453
2856 8529
1481 8010
4666 9547
4199 5097
7303 7841
8963 951
5337 530
7869 7543
1664 5652
2916 3327
7183 6893
8062 9800
1788 6187
9748 7697
1587 6590
723 4875
3300 7225
828 4830
3121 452
5524 900
7633 2637
6773 697
6672 5698
5915 9329
428 6248
5496 7234
1417 8744
3105 5381
8302 3084
8911 1225
4102 2246
1647 3120
9073 1258
7890 3057
8992 8191
5870 8212
7052 51
1499 4761
2623 2036
1030 1441
473 1895
8769 1875
2765 8884
8881 4489
3393 7016
7951 4000
2882 1025
2520 4508
9869 4438
6941 2593
7015 6333
180 8251
8903 3619
8293 519
2278 5624
4541 3816
230 4896
110 51
4408 5523
7453 4259
9156 3933
3507 198
8149 3727
1965 1037
5914 8796
396 2352
3415 7869
9734 2808
3906 5326
2771 4516
7782 8638
1296 3716
7187 8291
4352 2289
556 7188
4278 4627
3543 3245
1484 6633
8913 9822
5823 8181
6024 9740
8720 413
1535 4287
3620 7484
5277 5219
5845 8878
2606 5719
3216 8967
3072 3440
2725 6765
4920 2311
2650 858
8987 7015
2408 8731
2565 5840
5436 1315
5189 1991
4887 7017
287 6099
5471 533
5193 8546
6076 615
5054 6386
396 2576
8750 8760
8655 7640
3724 2588
7563 2374
7071 9643
4569 3355
7425 5316
3206 5623
7843 4412
8403 8450
8647 6842
8246 2757
9428 1387
775 1854
5238 1455
8404 5216
4204 1034
2717 4080
5048 3588
6168 5753
8322 5658
8894 5081
4982 4138
9308 1106
9985 2907
9700 90
392 2467
761 7915
8897 2047
6278 4100
1095 8782
5928 1958
5514 5318
5375 5047
9629 5182
7249 9698
1671 3506
7319 9782
7362 4755
9199 7299
863 9348
5848 7392
9584 2014
1721 7831
5709 5677
202 423
4352 272
9160 8050
7081 5341
1622 396
2826 6298
6199 5954
1995 5157
1637 9888
2199 1982
9069 3050
1278 88
3665 4532
2417 2619
6740 7178
8409 3973
3793 2761
1729 6340
5205 1684
1639 4429
6753 2480
3327 7977
1993 5960
6688 5811
1511 9929
1957 6747
1256 1735
4109 7141
9278 8855
2923 411
9596 8259
150 535
5213 7673
7882 1658
3006 492
9302 4104
7808 34
732 2921
5351 4532
309 9210
8285 5249
5994 4538
6239 4203
3484 5662
2927 4456
5788 7437
4976 8162
5747 4980
9246 9128
2476 2499
9795 2507
1029 6541
8499 4977
7154 5788
4833 918
3370 4860
8327 6790
8072 2716
8515 6084
3899 8832
340 4503
8246 4001
1857 6967
5185 507
6322 9476
5222 6733
6549 4336
3141 797
9626 6096
2448 7250
1672 1054
8527 9080
3510 570
398 6191
7330 3109
122 3548
3566 6260
7816 5671
3326 3363
3854 9836
6091 111
1128 1002
979 8955
2740 8471
5414 9292
5062 4377
5419 1389
9333 5134
3289 9404
5100 7925
4382 7515
5306 6019
2140 7264
2082 2416
7319 1301
6940 7591
6776 6312
3570 8057
4029 2332
2708 9434
5222 8487
4213 8259
1002 8370
7403 7871
7824 5564
7395 622
7846 5223
7722 8212
1678 9994
6805 8395
8156 3773
2010 2237
6105 4320
7733 6827
3859 9380
8404 3113
3195 8240
7323 6767
3333 317
4769 6329
5243 3803
5233 2952
1499 9450
7706 3120
4036 9074
9248 9400
2461 8059
9833 7309
4655 3541
3600 5262
7413 4450
5573 3473
4755 3511
3994 3997
8652 6831
4104 5630
5787 2984
2696 9701
5307 3091
1371 7733
8687 8712
563 8263
235 1872
4327 2343
4152 2761
547 852
5012 6390
5477 7380
7280 3692
1490 2814
16 9383
1775 4110
3727 9971
2792 9028
7592 5650
9100 7461
8062 1181
5678 8313
6645 9339
3718 7019
7238 635
6750 7868
9823 4112
5990 7105
4641 5952
7841 8704
7056 9045
3846 9991
6855 7292
639 7509
6481 2040
1469 2943
3185 8783
8706 1932
1003 9916
6773 6058
6376 9420
4530 2679
9558 4833
8023 104
4550 6626
761 8469
3181 3081
141 6571
2659 6563
7583 8969
7703 4036
4334 4659
4376 6736
1278 5331
8237 9715
7268 7507
4479 1610
94 9971
9786 9304
8425 1449
4528 578
5289 1292
6485 9507
9076 1801
7476 4441
2391 5823
5688 7110
7632 8754
2468 9376
7762 9323
9532 9137
2180 5670
2010 6967
9202 4498
8938 6181
5258 7717
9454 7265
465 1302
9434 7668
7356 7041
6377 6381
3687 2535
9670 9134
6609 203
1348 3933
1646 9829
231 8309
1220 4179
2681 1538
9294 1955
2918 4505
3884 859
8688 5549
833 6930
7563 9083
6356 5636
6306 7823
1904 3409
2160 1997
6659 9118
1800 4777
9170 6978
414 735
9284 6171
8444 5964
1715 8903
5166 3266
3262 5259
3542 9176
4810 5040
1096 5256
508 2272
4143 5696
7168 573
519 7938
5830 2507
609 9411
9311 3105
8674 4351
2404 3357
7155 6180
9696 3165
5651 7058
6545 726
9072 2994
1915 1584
3202 1404
8517 1767
3297 7103
3897 6812
5913 7597
4984 2387
5277 9292
5332 2067
6945 9686
7445 1017
4799 4633
4853 1396
1155 8424
3124 7450
4991 7545
9188 8738
1128 3957
4637 9977
3991 636
5643 669
9800 5326
379 6948
1166 2082
1698 662
173 7619
9446 3599
8895 654
6178 6447
9600 3429
2806 4329
6850 1327
2949 1463
4906 8677
8726 9668
7217 8775
9636 3265
4579 4469
7966 7233
2915 4983
9223 4108
518 8822
1255 7504
8483 2400
3224 3083
4714 1640
8202 3618
5818 7987
15 3214
9272 4828
6527 3258
9823 8448
3158 7910
4891 6259
209 3383
6909 4090
5029 388
1146 4959
3400 1339
8284 689
38 6378
9615 1104
1133 7398
181 4341
5873 1751
6195 8776
9785 7818
2050 1208
5872 8094
5886 4487
853 6919
3706 747
2075 2511
3227 7247
4170 4976
104 5727
5564 9531
8993 832
7649 8916
8981 2917
2043 2899
9834 1883
4563 9076
9848 6158
450 9176
542 2978
3993 2866
2748 1931
2569 1595
312 5973
6572 2463
8681 7645
4266 4750
8159 5
3557 8875
3865 4884
7710 8592
9965 5924
3597 1097
5988 1683
3069 2388
9082 9650
1869 9543
4578 7481
10000 9754
8913 3729
4446 8969
4367 4776
9857 6547
281 6497
729 6014
4929 2001
4568 2576
7132 915
6023 9687
8403 9525
7503 6067
9875 8393
1297 9111
349 4453
4223 7947
518 6723
2336 525
6616 9778
8000 6075
9296 8163
4989 2106
3198 1372
2859 5283
1944 6409
7105 5360
6759 8870
5130 5523
1351 6166
9653 7456
9116 8639
5878 8671
3736 1884
7315 4011
3222 1258
6855 965
4658 2795
8706 1953
1118 6502
6278 8263
1519 7764
7484 4388
1150 6853
989 8263
2152 2361
7978 8708
5102 6536
581 6868
7990 5547
5973 6835
632 4000
5830 1345
4433 1225
3079 3442
9300 109
4170 3166
1556 8470
3511 6977
2234 5010
4665 940
9077 2467
959 5058
2358 5295
301 1180
7344 1280
8072 1702
6894 8756
7102 4367
4301 4094
5516 7181
1133 1603
2566 8679
4580 111
9410 9049
5547 3358
5741 2643
8511 5331
3204 3930
9409 1684
2908 4390
2119 5403
5740 3939
6361 4983
7822 5408
6148 2073
5377 578
3914 1016
7273 3762
5760 6797
9694 5499
2783 551
9609 3661
8884 7993
7130 7693
449 7895
1701 5554
5753 8941
8431 2010
2983 3816
9558 2659
6584 7546
2759 9282
3804 2794
9430 1279
4185 5202
1817 2711
6312 223
5293 713
9878 6501
5392 1610
8981 2873
4501 5505
5400 6725
9075 5851
4138 5047
3942 2472
9368 7473
5133 7260
3378 331
7722 6703
622 8637
5941 254
261 918
9433 3239
3748 5416
2342 641
3949 7656
1341 2722
7235 2643
4903 5687
3298 8820
3519 1567
6852 8255
3347 4288
2732 6170
7527 7761
2400 8526
225 5374
9687 3850
6334 2200
527 8032
9916 7842
6409 9063
8782 1029
9163 567
7052 6525
1101 3504
5296 9465
5453 8115
8329 4175
459 9991
7900 7397
2573 166
3374 7049
2940 9805
1083 8043
2534 1871
9411 8830
8842 9699
7783 9482
4543 3890
2688 2045
5261 2026
2633 8757
8081 9997
6768 2327
1614 626
9193 8892
6903 6419
8219 7567
6454 7358
4784 5680
856 2645
1929 6179
1487 8061
8361 3906
6879 9042
6821 7527
7617 9954
5594 5027
9570 3086
8807 8378
1973 5212
4830 373
7005 5719
5160 4494
2452 3101
2494 3047
2632 6960
8032 9092
4296 102
2274 764
235 4858
1386 8268
761 3528
9252 5700
1472 8468
7998 9879
2560 4772
1420 3519
95 145
2165 8408
7431 3307
4852 2081
7731 7298
2312 4350
2645 8317
7188 7016
7075 3719
2944 2715
4341 509
7366 7462
2121 2881
9877 5151
4928 2362
9522 2605
3038 3362
2322 9644
9677 7047
6098 2636
9611 8314
3279 8354
1527 2019
782 3366
2696 9627
4949 7588
1750 4080
3184 7211
8687 7956
7917 2305
5203 5887
9632 1644
8761 7817
272 8138
9720 3073
7800 6234
8302 7000
9031 7201
2813 566
9456 4343
2569 1060
9419 2135
283 801
9666 7794
5809 1598
8117 1340
9708 2241
7078 5118
4288 9094
7790 243
2903 1369
166 9899
1327 1229
3455 1194
6679 1384
603 2410
8886 9220
3601 9413
5460 8768
9005 5084
2447 958
3549 9203
2040 5074
8485 4114
3859 6985
9340 2949
2747 2943
4381 109
9835 4440
5751 9486
8534 3000
1646 6223
7023 299
9143 6701
162 4398
7520 5015
6394 3315
9285 2611
936 498
2524 232
8915 146
2603 9698
2498 8756
7196 4418
9892 2345
480 5179
3608 8278
905 7110
6997 3111
2606 6703
3764 6634
6315 4245
112 2256
7950 4798
3757 8799
5787 9345
5327 1714
25 1290
9790 1319
7811 5593
6232 5408
5657 8947
5983 8995
9532 4560
9479 890
9845 5323
8234 8100
2734 2517
3156 4418
9703 2067
6454 1323
4019 3019
7655 4984
7128 4603
3390 3960
3619 882
106 2638
7058 8549
2714 8062
3128 6955
4741 3987
1180 3762
7044 1932
6090 8136
227 5723
9776 5186
6051 6453
2226 4088
4555 6916
5752 7623
3458 1432
6731 2702
4727 8849
9787 6817
4810 7143
2107 2938
9680 4707
979 275
4594 2899
5118 2668
8414 1466
4730 8043
6597 1533
3690 2199
5116 5111
4711 381
7435 9494
5211 4460
9393 1915
3828 4904
7773 6654
6647 4234
3462 5752
3435 2446
8165 4280
1082 8803
2998 3119
1267 7487
4299 4067
3387 6089
4472 16
4471 7373
7240 6802
6691 764
7847 8348
5838 5337
4821 1956
3596 5485
7321 4852
5875 9315
908 5931
702 8509
3546 2026
5133 4205
7333 7080
7747 8365
225 5631
8551 5032
4969 8220
5475 3726
9209 738
3688 324
4241 8824
536 5217
8089 9366
539 5875
1047 316
8379 6872
2778 604
5671 2645
6979 4987
7460 2179
7975 5156
1495 2988
8670 2180
5420 130
8999 3135
6674 8537
9026 6058
2509 88
500 9343
531 253
9527 4940
4864 9270
4183 132
4242 4648
2102 9564
9597 2571
7128 2575
9271 4619
1352 9067
1565 633
8354 8690
7597 8745
5799 4010
9914 6738
9868 173
6524 3281
2234 3594
1165 1893
7056 2978
1692 3364
5484 1820
6302 6181
2454 1217
4616 7941
4262 3488
6326 4034
5529 7147
1800 2611
6255 5353
9215 3501
8752 9234
756 895
8418 1558
3250 8440
4181 6006
9687 1691
1207 2089
4279 6850
5632 6601
2889 552
824 6115
1592 734
2220 6171
7011 5559
9549 3270
8493 3451
3488 2253
7326 4968
3775 2720
4112 7596
7462 3281
8498 1372
8631 1445
3417 2417
8503 9671
6954 4934
6062 5365
6882 7067
6603 6769
5726 5861
14 6753
515 5611
9724 1775
695 779
7983 5257
5302 7507
1907 8834
846 168
3354 2383
4707 8498
7913 2572
2700 8990
1289 8885
6644 1531
3799 2525
9818 6909
5956 3738
8465 638
2661 5078
1872 4152
580 9088
548 4540
8621 2569
5433 5886
3138 9640
9493 9286
6744 22
9245 7088
6568 9347
9422 4189
1663 7087
4341 1648
2734 370
4919 82
6154 420
7130 8831
6797 7701
4378 9575
1267 9591
7477 4830
8686 1215
5423 7867
6531 4359
4543 6349
5595 2239
640 1345
2403 5128
1009 1405
2956 295
8038 1593
2219 5560
52 7617
8218 953
4329 7108
4965 1018
545 9400
3950 6804
1442 1683
7882 6863
9698 9379
8658 3466
3579 5560
1827 822
8270 2133
3950 7115
205 6082
761 8659
8015 9005
4379 6826
5855 2964
8628 1508
9726 2444
9267 4855
9901 3470
7486 9452
6260 4948
3502 3298
4798 4433
4800 3339
5386 1702
3989 334
9964 4350
3042 6195
1481 4723
9841 6042
1887 8742
2831 932
5019 1003
9580 664
7680 4874
9678 4624
4263 2944
398 937
1001 3260
1321 8231
5975 530
4816 2782
4499 7563
7160 3274
6900 3347
8683 520
5382 8218
6150 9003
9447 6788
7641 8488
2300 9369
9194 6538
2282 8229
2130 5407
189 8761
286 1768
4980 3800
2527 2013
9634 2315
1178 5095
783 9118
7337 7925
38 1216
3625 6215
3589 9879
7706 5654
3919 1610
7394 3706
5821 1493
2378 866
6569 3544
6991 3760
7409 2024
1810 1450
4250 3085
1113 9243
2955 1427
9948 9231
8173 8857
9400 2042
642 6020
1232 1906
4347 7981
3751 1105
9712 5183
3879 6644
972 42
7901 8830
2559 1043
7546 6726
9946 5857
7364 3172
5958 4930
9107 3480
9230 3412
2404 3508
3056 7276
1593 6701
3983 1698
4824 2925
2548 8883
104 436
4201 7886
2551 3778
365 9400
1958 8767
3395 4568
4123 4644
7570 2459
9806 9487
662 945
4188 4547
9966 1566
5783 7525
5884 1658
8917 2736
8856 3698
3373 3538
8189 1956
4061 4733
2315 6119
7638 6167
1971 225
8846 7818
6350 8335
7405 6981
9223 9072
5232 9225
7404 3514
3258 4556
2641 1140
1902 6298
9676 2154
7270 8319
3338 5917
6367 6462
2617 848
3675 6701
1340 1036
9565 9575
1114 3229
6096 8136
7887 8722
8241 4821
4442 2689
8656 9457
8493 9408
7475 6921
2945 365
1988 2825
287 8152
3310 21
4567 2644
9443 1809
6429 7289
6329 649
3319 8213
3560 3498
3265 5734
3982 3639
5369 4817
5835 6469
2355 2783
1413 3215
8277 7995
5445 4562
4476 3765
4201 82
3414 1682
7264 9652
3510 9385
9921 3378
5908 2935
8308 1418
6234 524
8295 8303
3608 5484
3770 711
7408 7392
19 5339
7866 6018
2236 3386
6770 436
8368 9814
7125 7690
6929 7909
4376 9003
1349 2241
9425 7172
7620 3929
252 5589
2060 8766
167 8161
5933 7591
3142 4371
9038 4685
7136 404
4390 7791
2271 8470
3347 8832
8084 8620
1847 1236
7266 9487
7381 6534
6206 5835
9689 2981
7045 8191
7053 4595
9926 2721
7333 4293
1220 3080
7300 9541
4869 9696
9317 6803
7781 5769
8307 7056
7988 6328
2784 465
836 6149
3218 7186
7484 3820
33 8144
1208 9404
3003 3374
2054 2571
4241 3969
3658 6367
3287 7684
5723 102
503 101
4996 9711
2415 2998
6244 6783
1390 5405
5022 1582
9579 3284
5370 8119
9742 6857
7986 9867
6357 9135
2294 687
8721 412
936 2105
1926 5593
1 7991
6862 2005
1274 8264
4023 1474
9652 7296
7264 1687
8721 1961
176 4236
7448 3677
8208 3521
6853 2397
9980 5991
1974 5581
453 7445
4559 6629
1777 9380
4743 3297
2026 4244
5209 5170
5579 6149
2084 8300
1927 8895
5451 7590
3314 6362
9910 701
8325 5494
7487 5648
2382 5925
2790 3621
942 9468
6462 4307
7321 5014
6013 4278
3881 9329
560 1695
7212 5694
3573 4417
8673 7205
8958 5317
5663 9855
3973 8167
6303 8218
5299 3686
1005 9673
9255 4136
3210 5938
6485 3348
6173 2830
5444 7574
3277 956
3535 1982
5897 7470
6933 4289
8368 5322
1338 4583
8249 3674
292 6331
3165 988
30 1054
2056 388
3560 4885
971 1957
1189 582
7405 5516
1803 879
6853 6101
1623 9887
8418 9443
1926 9275
9636 1772
6301 5163
9472 8251
1811 9338
4751 7293
961 1897
8047 132
8089 8604
2977 4583
3148 7179
1145 5936
7458 6323
1362 1020
150 8179
6439 5423
56 9567
5931 6830
6297 433
6578 8706
6610 7683
182 1868
4365 3061
4195 8603
2090 3405
5898 8631
9292 2034
34 4794
7018 4817
9666 1394
9438 9769
8841 3521
7721 9838
3783 7933
7165 2633
9153 8832
1234 1702
9232 9880
7809 564
610 1992
7260 3833
3208 470
9044 8220
3239 1611
401 9513
7703 694
4911 7521
8071 8345
6891 6247
3975 8842
6153 5924
2412 6932
209 7859
719 5012
2702 5350
3230 972
1070 8783
2042 1875
5717 6296
824 706
2985 6428
2720 1064
7719 267
1889 216
2109 1210
8379 5654
9342 3328
4547 8670
7457 7195
1426 1805
9074 5225
6071 6645
1088 7887
672 7406
8493 7734
8901 7935
514 408
2846 6073
8968 5399
2343 4989
2847 6135
5795 3344
2427 5135
9814 8382
2322 5869
4170 5701
1535 9743
2907 9141
3778 2602
5691 6695
4158 9510
9871 2787
2842 7439
7183 5192
801 5094
5546 6312
2210 5199
5072 7497
1328 3473
3110 1317
5794 6233
8662 4250
9556 8407
2972 4988
1717 5646
5514 3518
6184 2584
356 7245
243 9729
5701 2021
4226 1783
8041 249
7061 8401
8161 2559
8701 2276
2594 946
9603 2159
5878 6671
5794 8065
6217 4280
3016 9325
4381 5732
9353 7645
5975 1725
6140 7004
6959 32
6876 2043
5540 7456
7864 141
2374 5524
2323 7722
5530 6965
5300 9136
9658 2705
6967 2941
2994 8667
2363 2038
7540 472
1219 9220
9861 9539
7957 1810
1454 5738
5901 1168
1659 4638
379 8035
6351 8567
1681 6930
3695 9294
4406 6667
7074 4658
1845 2908
3032 6292
5951 2362
5200 250
4901 8077
5359 1295
4366 5858
80 1265
4743 9704
8367 5186
7982 6947
3309 4712
5191 749
9151 590
103 1392
127 4705
3547 6957
3033 7139
5810 7656
1823 250
2239 7993
9078 5490
8632 1612
6615 9879
8618 3762
7599 2301
5618 9358
9247 6184
6197 3609
4444 7764
1657 4863
7504 1342
7738 2608
2599 3992
2102 4416
9187 25
7057 7398
4585 1227
2 5057
9874 4844
4084 4718
2459 9693
6358 8659
325 9206
9435 8552
8181 3328
5899 6297
4597 7961
5792 3669
5138 676
1578 7506
3612 3974
140 9318
4169 7130
2492 1823
7889 2046
7047 9357
4579 8596
5274 7027
5055 1890
5610 1177
9211 4834
4542 7997
4127 2195
1855 781
2920 5526
1295 2046
8808 5265
4863 2713
7892 1280
7591 8520
9877 9727
6130 5134
9576 1057
8127 8508
9022 4364
8081 8957
9437 7771
2512 7899
2828 3771
9446 2871
3323 1998
8483 5029
5049 443
6698 8109
12 3035
6482 2844
7629 5774
517 5553
8809 8116
9204 8720
9473 7669
5185 642
1835 5738
5843 6963
2958 7025
3046 7923
4074 4764
1368 4150
4526 7458
4317 6212
5792 3309
6316 9193
521 8859
5137 1430
7862 5614
1689 8814
8872 716
5512 1994
1045 2063
374 150
9733 2053
2877 8961
1333 1601
3421 1249
2631 3592
7817 8045
3536 6454
1576 5169
4969 4327
8964 4045
3647 5246
3822 5510
8068 6689
856 9860
4715 7882
8345 515
1407 4744
7645 7042
5149 6460
7491 7718
5125 5869
1501 3096
2013 6692
6339 3075
5694 3376
9744 8103
5941 9380
292 5801
8435 7092
9904 8096
2782 7484
3773 3354
846 8937
6133 7701
5696 6141
8920 3254
9063 4159
5961 5877
9174 6553
1135 3263
9431 2232
5605 4531
3047 9600
1961 2342
9703 8214
592 511
2685 1300
7793 9547
6337 7864
5958 5642
2176 4517
1886 8368
5469 1792
4990 6277
6539 260
1355 2966
5892 79
2689 6081
165 3891
5567 6589
3791 6198
7929 4144
9784 3490
4485 3719
1864 7061
9838 1137
9005 4146
3956 500
3559 5503
7306 1639
7308 1285
2407 2022
7317 9219
2902 4386
4719 5787
8534 1806
5260 9652
9786 99
6975 8790
5065 9501
3156 9809
4143 1243
725 6630
859 1075
1718 4892
9631 7819
2570 1501
6851 9761
7627 5654
1219 3877
3174 9194
9404 3066
1852 4512
6275 8280
8963 4353
558 9677
7331 7243
1432 4775
2298 5248
8273 5451
4904 2567
3756 5122
8260 7018
5024 1319
8805 7143
4440 5658
5881 4240
4195 9760
4993 5642
996 6368
1651 8274
4947 3543
7799 1715
4490 3749
5451 3489
328 7470
5295 8673
882 1739
1306 9038
8189 2710
4963 8582
4917 2433
5720 7947
4890 9440
1499 1091
382 5978
2447 2313
1176 6572
4239 7257
1363 726
9304 327
9680 3819
7995 6905
528 6086
2876 2473
8698 5168
4901 1220
3435 3403
5331 5981
8961 7450
7512 5242
671 3206
6888 1718
5181 2427
9068 6910
7157 1784
4882 6788
8119 9027
9578 5215
2901 995
6747 8329
7784 8548
2700 8096
1241 4390
9579 4885
3065 7854
5274 5984
4474 3492
7100 4218
9635 3380
5453 9201
9567 829
4472 9799
5919 7893
3486 2660
9908 5170
181 1600
662 6130
3191 4538
31 1460
1647 2931
3041 413
2816 9939
7148 6293
813 1939
1992 3479
8434 4194
7474 8724
394 3841
2614 945
3478 7510
5834 2452
3996 877
9540 8491
7366 4210
2686 6101
5167 9176
5497 4166
7146 8773
8022 9192
8923 3988
1823 5237
3019 849
1420 9822
2648 9041
5359 1511
8962 8071
9369 5224
5264 96
7954 1229
457 4552
2645 3911
8220 7107
7089 4218
616 1509
3193 3053
5380 1674
2405 2605
9288 1103
2015 5769
66 1542
1255 8183
2579 6119
6640 2526
3519 1305
5888 906
6481 6397
5412 2700
6068 5236
1289 7383
1483 4548
4660 3636
3498 1431
172 8943
4602 4475
714 6679
9657 5187
1712 2994
1000 9972
7503 5703
7723 5561
6063 1106
3421 7184
1883 5155
1577 3643
8146 7295
6178 6096
2232 6814
3180 7401
5026 4923
9040 4629
3054 9879
2796 2069
1081 8823
1361 1216
3526 769
5923 7775
4798 4643
4573 9697
4938 7548
4778 9929
2619 6625
1517 7723
6515 4970
9594 6323
4169 5762
3914 9725
6249 8058
891 8766
9570 3606
3486 9082
6198 1294
2680 5371
2973 9567
705 2513
6754 8408
9288 2028
2756 205
2588 2100
6439 8520
5748 9506
865 675
9833 1364
8429 5631
4583 605
4939 9279
3408 1138
4878 5950
1224 1070
189 9813
1466 15
7074 4470
7489 8150
7710 9620
7344 4091
1491 2504
8395 8039
3064 9086
412 665
5369 1541
5023 4290
4533 2275
8229 312
3310 3231
2997 6983
8636 2341
9238 491
9114 7126
4599 9655
5048 8981
8344 1265
8903 4123
3502 4323
5216 5443
8098 9980
9646 6927
1411 7405
3791 6305
2143 6333
4519 4355
526 7206
1244 176
9928 9301
8987 1800
6729 941
2322 8208
2244 2613
8260 3183
2637 2197
2216 9667
7438 9997
4074 3802
147 271
7401 5385
8254 640
3351 7897
4211 4699
7244 8788
3917 9214
1252 1757
7064 3594
1212 6853
1636 4935
105 5911
5257 1086
8737 5005
5949 2733
5647 9400
2719 119
195 6668
5344 5201
3328 8705
7973 9206
381 547
1127 8388
6245 5955
3586 4861
2295 7877
6905 4487
6006 2896
3408 1228
3497 5985
1633 5051
4860 9928
600 7493
1326 3256
1383 9121
9649 9227
9059 8920
1294 4701
1732 1433
7070 6556
2329 8614
977 831
2162 3142
891 827
1252 9361
418 5263
8409 5639
2418 1322
6173 2073
6441 3471
5762 5742
987 2008
4461 5920
2703 4720
6054 1517
495 3048
4924 9302
9644 5587
7871 4963
7913 2921
8068 3468
3115 7992
4469 9282
2399 4974
3374 7828
7620 8465
4625 5706
6220 7575
3475 6686
9952 4702
2221 7838
4409 117
6508 5836
9480 7201
9281 430
1118 8153
7569 9630
3524 7643
6854 3626
2565 3957
9628 6469
7631 316
6165 997
726 6728
3654 8403
593 6918
2343 2414
7851 8437
2919 1800
1059 2826
2614 4151
9020 6508
1386 69
1758 6536
3258 6769
3523 5838
8454 4812
75 5138
7485 6701
6841 8348
3429 5230
3 2744
9974 2204
2997 6407
7471 7386
9727 956
608 7935
8563 8656
8047 9267
9240 4975
6787 1254
8698 1001
7004 890
7223 6242
3609 420
4963 3793
6912 6430
2773 5413
7977 6232
6456 1003
6867 83
4795 7465
398 5188
4033 8983
9376 7607
1474 6433
2177 8602
7896 6342
1710 2045
3203 1212
4713 4489
1910 4777
3351 1206
1783 4379
3345 2787
5939 2018
52 7618
263 3041
865 8392
5272 4400
5325 7970
4764 3101
8706 5563
6255 5558
7260 5975
8655 9888
9630 5996
7489 6884
506 5283
5082 6124
8652 3771
3766 7579
4880 615
8916 8594
2487 5867
39 7836
5463 1746
6343 1827
8392 8299
8558 3160
7143 3223
9532 1903
8422 4205
4548 5744
6746 6775
5676 4808
4380 1954
6865 1414
6905 6402
4096 6686
4354 3211
9854 6841
6029 2249
1026 3651
7618 6665
5942 2268
2174 4638
6681 8520
6515 1997
1023 1855
1366 2945
1727 3805
1632 7976
7092 2371
6782 387
3038 5796
9761 4618
7438 4313
3775 4982
1261 8862
8896 3878
2725 2098
8001 6091
4726 2923
6373 6059
7747 320
7327 6689
5202 3725
7657 2539
4944 1474
6016 8731
187 3972
2341 4919
2614 7035
5549 6810
9416 6595
4738 2624
1421 6331
8017 6957
4404 1480
1434 7447
9631 6963
659 9992
2406 4567
7141 2909
6308 564
7549 2889
7112 1951
2941 1091
7654 9855
1912 3971
7476 2530
2185 4777
2061 6886
7005 3543
8273 6240
9748 226
4627 6249
5716 1012
8778 3115
4278 1277
272 3080
7511 2206
8166 9588
3112 2076
1358 5894
9487 9443
1136 6539
8228 8672
7286 6291
2373 5478
4879 8962
7170 2634
495 5680
3441 3815
8814 7738
619 7675
4901 8703
1693 6920
6692 8611
9913 5492
7167 5535
7090 7113
2300 4751
5347 246
1318 9090
169 9068
2381 3022
244 7825
68 3146
986 6897
6066 5042
4501 5976
5762 679
7104 825
2114 2940
4861 8474
7864 3450
8146 2150
1480 4045
2023 6985
4319 5764
3802 3896
6540 7221
8939 4279
2545 7446
8992 1888
7462 2981
1410 2819
7031 9490
7534 6896
5777 2032
8662 4030
3337 6183
5261 1352
4261 3237
5215 3323
4272 8792
6214 6778
5642 213
8102 2026
5702 6389
3282 6198
395 8387
8196 9212
5108 9807
2777 5709
2720 8142
6451 2369
7634 2887
8917 9121
4865 5735
3227 9803
7881 702
5823 2754
3705 5712
3509 9884
1860 7110
9392 3282
3328 5402
6346 1699
57 2190
5072 2337
4351 1654
3668 562
5603 8089
9146 4768
4975 6340
5035 9354
8603 5607
6885 2369
4632 8614
9608 6060
6249 3833
122 7652
2277 812
596 2264
231 16
5940 9579
4446 1512
7593 5153
5677 9277
4298 3142
2780 1131
3487 3798
3973 6913
3462 6774
3752 6901
5216 6282
8567 14
8785 4253
9451 2392
4147 1196
2541 7027
2563 5051
2590 2501
35 4462
4543 4595
7223 4305
6313 9612
6984 7377
7351 1358
2020 3041
135 4591
3371 9590
9261 1573
3332 9483
4400 5102
7894 2046
1787 4185
2143 8945
6189 4667
7713 3146
7994 764
6560 2083
9063 5735
2341 8602
6801 8813
62 290
5767 3955
203 7361
6828 2767
1667 6752
7862 1023
5997 8222
4754 7986
3863 3357
8557 7564
8947 7412
6860 7991
3781 9595
8501 5117
2758 2738
148 3279
2580 7098
7671 4097
4576 6858
8483 6491
8574 4699
2028 9913
9208 2477
5136 5212
2380 6720
9118 9064
5721 5996
5911 4468
102 8281
3668 4237
220 2392
9055 8706
2775 7416
6744 1481
9736 1537
4289 8889
9046 2413
4595 1934
5640 4090
7063 489
9852 9961
1694 5613
36 6930
7418 6883
4532 1758
1058 7319
2021 2363
6994 8840
6677 7644
8584 9116
5045 5895
5465 1610
5689 6117
8138 8942
3244 8709
2759 8152
2057 5609
5455 701
3203 6439
8901 9157
2606 5577
9969 4379
3795 1774
6893 4592
7056 183
3209 9033
4998 9882
472 1340
1738 5523
3441 3623
6580 3438
9662 1209
4162 6974
5552 7495
2534 617
9081 9673
6132 6282
7392 2506
6246 4670
9729 987
8120 439
7451 7632
9659 6396
6480 385
3350 4775
1912 5195
288 4581
2622 7741
4040 714
5905 5211
9342 6155
4725 5199
6983 7185
4352 1939
2268 2493
5885 7832
2027 9774
4460 4705
1061 5484
7024 3289
9486 3473
2735 7657
5537 9419
9990 2771
1769 8780
6803 1930
7209 9530
4089 343
8805 8447
5743 4038
9591 8249
2721 3094
5563 8795
3182 2637
3571 9611
5848 450
3443 642
8487 5153
3846 7663
6166 7963
2759 916
5316 5523
4761 2391
4405 2770
3456 8979
8495 3
2822 2437
6413 1880
6999 2111
9983 8883
4261 9688
696 9150
2116 8137
5999 8260
6559 8578
847 5333
4049 7347
8375 3286
6445 3779
2538 4350
6151 3901
9983 7691
3161 7694
5410 2843
8223 8744
9266 2915
523 4995
177 9388
4786 614
2039 6704
3452 5618
5311 5378
360 3368
537 1427
646 1261
2390 6558
2491 5309
1535 9469
416 1798
3135 8065
8036 1528
2852 1630
5766 1452
9954 2540
395 4410
9248 3319
2030 4273
4024 4784
6266 4947
4571 2907
6194 118
6859 3055
3707 9236
4480 1913
7900 8764
4484 585
6228 6639
5271 9874
5476 3619
9531 9694
8321 5700
2280 185
6596 7326
2058 1921
4473 5940
5518 7101
5027 3308
2873 7458
8743 9601
7233 4687
844 4320
7937 9891
8833 3627
3482 6993
3127 9673
4173 3507
3811 3220
5713 4660
8414 2361
8547 965
6437 2700
8897 8393
4008 2497
8958 8680
911 2948
9778 1680
7216 994
3591 3999
1883 6878
6285 5787
6831 7517
422 7930
1649 938
9579 6442
2172 6147
4693 154
4620 9033
4436 7951
258 5540
7100 1072
6947 3949
2867 4779
6713 5971
9541 3918
7664 999
720 8750
4794 8351
3080 4195
5484 6406
4084 1482
6047 2602
4735 9234
6720 3725
4744 4112
320 1046
9826 7115
3460 7373
2837 3616
8950 9202
1051 2543
3938 582
1428 6956
8250 5408
4578 9679
5571 4041
3470 2756
2438 7664
7121 8332
4719 9768
332 1002
3377 5
4576 3191
9153 6883
3575 9807
6311 3231
6329 9202
7984 6075
7512 8500
9662 1630
4597 4877
8870 7986
3224 3993
1 2053
812 6392
7836 5720
6592 9663
1208 1795
2887 8950
1754 9519
7337 4457
8812 5546
3888 8071
6010 2391
8988 4918
8182 267
4895 3164
5093 1681
7522 631
9296 519
4510 5127
7332 9199
9428 4303
3586 5295
630 9095
6255 8625
5851 8029
4469 5396
1071 4415
1873 3209
9952 3458
1427 838
2802 799
785 1335
3260 4304
7060 4152
8025 3336
5321 2220
5417 9304
8193 8489
1181 4315
961 6234
4046 4795
9491 3884
9734 4409
5859 6161
3717 7481
2084 9248
4750 147
8825 8402
3383 3188
2187 4679
3453 4971
8585 575
5597 3244
7444 5746
3708 7168
3887 5225
7281 5203
7365 3282
6053 7941
242 8671
6202 6538
297 6680
2529 9866
4045 692
2866 8705
488 6724
6072 3936
7303 5049
2738 9754
8571 6121
9508 1208
2281 7342
9076 7830
731 4518
4381 4995
6782 1476
1951 5445
8706 1934
6509 6307
8765 6669
909 2841
9240 5264
1676 5863
7168 2889
7496 1602
2182 8126
5908 5186
2192 6105
5575 6691
7446 7209
8077 9188
1669 5039
1620 7962
6415 1986
7201 8926
9274 4731
6697 5179
8493 6201
9832 1633
2262 5711
5341 4469
3318 9201
9564 2223
3442 5003
3067 4602
4932 8026
7061 6919
1065 5312
794 9450
289 6724
1261 4844
4146 3520
3972 2055
437 2018
5468 1101
6679 5227
9667 418
6042 7843
8252 2605
7393 5619
6286 5275
2951 3113
2101 7740
2601 2408
4832 3172
9399 8885
7457 1067
6327 4395
3216 7694
3602 1976
857 2908
7350 7438
8249 8217
7138 3411
8036 862
6445 5217
8466 2455
6527 3526
2718 7764
7749 5173
2054 7096
5730 6820
3262 7789
1513 1532
7357 7774
9988 6108
6173 3276
7328 8694
1839 8506
2382 1025
3909 8753
2932 485
903 9085
5946 3938
5839 9405
9182 73
8140 4295
8528 9521
6979 3649
8006 9444
8217 489
2185 4127
2634 5343
2087 229
534 4454
7871 8205
8238 2838
2088 7056
363 1373
2058 4380
9592 4889
5123 4371
323 5359
5107 5516
2512 168
4224 1825
4038 847
7731 9072
3680 868
570 1579
5020 5916
8532 3336
8624 2654
4520 6449
7520 9799
4830 3716
3929 5767
6900 9652
9274 9954
8890 8918
7349 4241
2406 213
339 3710
3713 5215
2477 2331
9785 4246
36 3132
4109 9536
8329 3352
6660 6600
9829 940
2934 4442
5555 3112
1873 1002
4065 9984
5829 7310
1219 8460
7673 1264
6672 7336
276 5005
355 917
132 4104
939 5398
5851 1463
683 5700
6028 2101
3403 4235
6947 7583
789 3738
8762 7943
441 8087
6309 9332
4793 969
2999 1040
4189 540
2842 7465
9361 8288
4908 3904
1186 7147
6620 2189
4837 8930
7681 8601
6912 4660
227 6466
3519 5727
3888 9179
4384 8985
937 4009
8679 5032
1618 7751
8811 2122
6085 5187
631 2479
3424 9278
8810 8297
1826 9808
7415 2963
6306 659
8374 8231
4344 1283
3825 8774
4274 356
8040 5893
7137 7580
7886 1274
8809 5828
1961 5667
1236 3883
7830 5119
6240 8451
1522 7026
2188 6962
4674 1990
5711 7715
1564 4341
7985 5778
9388 6112
5696 3508
6672 3131
3901 6396
8828 9454
5692 919
3543 1317
3224 2161
716 7553
4572 3598
2746 3174
939 4402
453 2875
7609 1609
2082 3085
4767 5248
1439 5771
5595 6602
2809 7899
7517 6412
6051 6868
4764 9697
5574 1330
9119 5318
8667 8118
5061 8191
835 7123
4221 1793
9872 3506
8606 1654
3785 495
8689 6540
7754 6057
8354 6982
6913 1590
6114 8569
5778 9117
4024 32
2804 2202
2395 6937
4290 6845
3818 854
2588 3995
4724 9581
6675 5052
9056 6424
9152 395
9975 8278
8669 2282
9621 6264
6170 2571
5867 5509
4714 455
3376 6710
3171 4043
6283 6826
4722 7814
8443 3860
2949 2989
6463 9880
2287 5800
1998 9442
903 2146
9265 3646
2825 2476
9908 993
8339 1626
8441 3791
9898 708
7076 2082
7395 7799
4720 5498
5450 6082
664 9064
1710 9177
639 5697
4146 4150
2089 5217
2286 1203
6479 9589
1517 3745
8175 8832
5885 3188
5914 807
2705 2180
7637 4245
3570 9277
9576 4072
6954 5088
8930 7042
4887 1344
5218 3912
7135 4134
7856 1335
950 8014
9266 8042
3145 4279
2775 7525
4502 7735
9792 317
4434 9205
4274 4686
9122 4941
5301 3556
1426 7728
184 5762
4065 705
5066 110
9411 921
6355 4050
1310 7571
8569 9261
7357 465
2139 4672
7424 7013
6234 9554
2810 8505
4059 4493
4642 9672
1494 7118
2434 5442
6058 1160
267 9772
903 6498
4719 2077
6450 4901
2534 3507
1460 7967
3226 8268
5131 9730
3354 1085
5304 3877
1707 8799
9472 2594
5794 7612
4507 3623
4587 7447
4552 2229
4582 4385
3143 2884
1812 3125
6781 3773
8974 1485
420 2574
5743 154
5160 5338
6517 6064
1243 7750
7844 7719
5169 301
2482 5403
6853 5757
7564 8829
6579 9752
5216 1009
2428 2228
3425 3486
6549 5067
903 5137
2583 9644
8668 9370
737 5064
191 6764
2882 390
8133 5953
3855 5551
8659 7029
339 4210
3813 7414
9466 4994
3195 8043
3253 3987
6871 1018
9609 8672
6096 2623
4111 9656
1361 9372
8982 7773
4682 2339
5053 8707
3214 8814
2553 3591
2100 1032
6773 854
9831 8946
9645 6609
6230 63
6050 9728
2260 183
5481 3611
5513 2504
2316 2067
751 4384
6263 39
6581 2661
3532 6543
5408 6941
2896 9141
2933 6630
907 4743
3649 8207
2044 7495
6769 9869
6835 2091
4922 9895
1349 1933
4658 235
4972 8731
8645 2679
6484 3272
4513 9408
5855 7258
3130 4014
8258 6730
647 9934
8214 2791
1587 2111
5800 2723
9341 8086
169 6276
1400 6362
2174 6884
5836 2200
1585 6594
6307 5728
8814 9855
6573 4022
6167 2514
2012 5506
5201 4549
5912 5664
8581 4629
2973 3329
6976 2677
8248 4456
2371 156
2606 990
4947 4978
7941 6607
3274 4279
2281 7339
4980 6829
6952 5206
2883 2761
1415 8744
7836 1078
4842 1277
5912 6737
5199 5061
9604 2526
116 6005
9569 6497
1245 6805
6004 6118
4464 9089
5879 9979
3912 7480
438 4784
2501 1936
7924 8910
7241 3904
6355 3453
6685 2131
6095 3164
7690 7164
9956 1261
6401 1949
835 6534
5428 9006
4562 6417
3754 8381
5881 4476
751 3256
1845 9194
5761 2132
6600 8993
2436 5226
8375 4714
303 8916
8267 5268
3949 2485
3073 9458
4077 4062
3738 5352
915 1034
8875 5553
3044 5219
3278 588
3214 4938
80 7354
4174 3827
9905 3538
3111 710
887 478
3570 320
5291 9547
4904 9392
1946 2717
8650 2202
4021 1480
9370 5063
7937 8568
9855 6499
9736 2730
5221 1342
8055 9889
8987 9852
1342 6754
6531 1109
8163 312
5045 3909
5503 5409
4380 8061
7503 3694
5719 9888
3268 1143
1226 3671
6372 1941
2426 9630
2359 8327
8325 6340
4058 5486
3592 6255
4287 5360
694 6854
9067 5816
328 3461
4327 6980
5368 2924
2464 9494
1876 7985
263 8420
7921 8121
2674 457
5542 387
2841 8513
4013 7389
3962 9905
325 1885
9429 7132
3618 9817
7968 3551
4619 303
8260 3126
6108 1726
1646 3396
4066 5227
6015 816
4017 78
5661 4834
337 2914
4960 8282
3325 1864
1125 3338
9283 2308
6927 1687
7015 8287
2945 8875
3999 8563
2485 5798
1560 5618
6568 7305
7152 3184
2219 6377
9642 8612
5892 5010
5725 7883
6491 2785
3669 4037
7581 9881
3025 278
4189 7343
4435 4182
8254 6910
6835 1298
7642 7012
5228 7193
7982 6771
7534 9679
4587 529
8890 9293
423 9864
2745 7855
5562 9975
8774 2805
6450 1743
4927 4690
5135 2790
3544 3648
7335 4952
2311 282
2915 9169
4873 1057
9888 8404
6476 728
8544 439
8963 8536
2806 3541
2806 2925
2093 8730
2335 774
66 3627
3133 7081
2485 8604
6741 1244
6557 6071
7292 5437
5697 604
2670 7196
7919 3995
5130 1868
1672 3388
916 2373
9282 2679
7234 9797
3397 4396
7632 7466
7615 7965
8156 8761
8032 1007
810 1931
8414 253
193 3739
963 4213
5179 4185
8842 6632
6441 3114
9493 7982
3885 3301
3818 7264
5727 6711
17 8092
25 1840
3736 4501
5563 1444
5423 5217
1255 5612
3069 1289
8038 1970
1689 3628
4081 1816
4833 5468
7272 7666
3494 415
1167 5191
6414 8319
9884 2148
6945 5259
3515 9225
8221 5860
394 9962
6435 2913
6621 2031
5655 6651
3115 5684
8547 9329
9487 5050
8276 8230
1864 8292
236 2366
5177 8859
4975 2069
8073 3083
2358 1383
5093 931
4719 6121
5993 1897
8698 6207
7067 500
3421 6612
4704 1488
2 9477
8981 8190
1556 9702
8343 7169
5669 5851
2123 8801
4059 6896
535 2684
6863 8482
4055 9216
1436 8612
8761 8483
7014 3819
7825 7851
4336 6322
3606 7158
8148 7191
6931 4852
9744 7564
4967 4775
9971 6599
9189 6666
212 5554
5509 2807
4620 8028
2897 8863
3958 2533
7609 7383
3606 6182
1759 5797
5503 2199
8012 2103
6428 1031
2265 4780
8424 3081
471 8312
1398 3681
2520 6165
7689 3514
3875 5821
77 5747
2388 6545
9805 4445
4441 9909
1658 1311
9766 1105
8043 1219
4866 8609
6775 3430
7832 4006
1996 5259
3223 8900
4284 5673
835 530
1675 8697
6705 4477
2674 3817
9695 5700
1727 7963
297 3709
4131 6838
8837 1679
2210 2756
8489 3334
6855 1107
1631 8371
6301 404
2456 9129
8935 1567
4534 9937
4073 6653
8480 2167
4460 6668
130 5562
7870 9343
2538 6272
5104 5692
1276 3024
4246 1484
7407 646
7402 1262
2190 5762
6042 2276
1784 5993
1430 7940
3857 1315
5459 5336
8623 5835
2282 2575
493 3139
7161 9146
8203 1885
9441 6175
156 7490
7750 8202
5910 9439
9523 4231
6214 8899
979 2649
2441 2707
6953 6023
2932 2855
6729 1993
3710 6042
6988 3711
3713 9597
4000 730
5868 6948
1910 5409
4131 8919
8178 1838
4845 9811
4015 5151
6726 5079
200 1429
3595 6696
9152 1224
2576 7693
187 6112
2173 5347
2675 6862
8620 3530
6692 9681
2301 3494
1519 2050
115 3183
2955 3192
2293 4657
879 3844
8350 8333
5530 7799
4972 5942
1612 7847
9012 6053
5450 3262
6989 454
29 43
4113 7545
9907 3454
5887 8081
829 736
2235 6120
5456 1465
4445 2889
4388 4920
670 7637
7208 2431
9006 4623
4876 9477
2289 9648
7893 1218
6669 5683
5116 3270
1821 2410
8847 8578
6593 2407
3471 3949
5916 2132
6433 6992
7141 2076
7805 571
6806 2111
498 2494
3664 9234
2032 4448
7349 1341
700 1580
8141 4219
192 3215
6578 7213
7064 1708
3235 1191
6902 5288
1493 1234
638 4317
7645 488
8651 3451
4823 4140
3048 1491
210 7679
3624 1850
9410 6652
6767 6220
1325 845
8119 823
5486 5891
3372 9195
5142 5154
9584 193
3637 8930
856 9729
8261 6847
2140 4266
2592 8170
2635 7998
2165 9399
8197 5555
919 3325
2175 4131
5998 8537
2835 8845
5220 4603
7037 6610
3944 9094
4895 2808
6671 1988
6910 5355
7774 4865
6386 391
7361 7691
9466 7583
9768 3561
2118 8409
2804 6705
571 4672
1038 4767
3443 3185
5889 5765
7082 638
3963 6965
3506 3102
3232 1497
1792 4587
3383 1964
7244 2578
4763 8127
1829 8903
2379 7093
1963 9182
426 6662
8883 4755
8255 8720
4183 643
2871 7521
7091 3825
5934 5711
8297 6658
474 1264
5726 7745
8144 9186
747 5004
860 8900
8332 164
9502 7147
68 1793
7176 7902
2456 2988
7089 1563
6031 4900
8980 1888
8137 7898
2626 114
4789 2660
556 4041
4265 1213
282 98
7629 8659
9878 7084
5104 3528
1361 6620
3202 1939
4702 6425
5816 3276
6754 6720
2572 5571
6763 2561
9035 4521
8981 4960
5173 9029
7718 2581
6607 2352
8931 1436
8788 5929
3497 4902
384 3267
8357 1686
9012 9378
2108 1237
6805 8610
5220 9391
5149 2896
2921 4180
5017 8126
7241 360
7193 7635
3576 4835
8898 6825
8397 7633
7567 2830
2675 1314
7484 1827
2665 1035
1898 144
3267 5908
783 958
8822 7033
3538 779
128 7513
9827 6490
5821 4234
6353 8416
195 5075
4098 6408
5431 1248
5711 5952
7030 1201
3908 3898
478 235
6709 5372
8001 581
3204 8384
7945 2589
9980 5861
8526 817
6185 8076
6930 8806
2957 3851
4118 5381
621 7998
9650 825
6802 8145
5649 4978
4361 647
4050 484
6307 102
4984 4025
4454 4441
5899 987
8666 781
6406 3339
6092 7956
6454 2733
3998 6261
2065 8313
9173 3674
3853 7452
2922 6480
36 5829
3066 8026
4279 9272
2070 9455
6360 1534
1108 6184
7774 8115
7276 3443
5029 9159
2971 4818
443 7134
7027 9901
3141 6448
633 7052
5992 249
6710 2317
3520 1690
6151 5684
12 4598
8029 598
6687 2422
1390 6589
2753 8326
4002 9927
6381 2117
7574 855
5584 2105
8973 9283
10000 8617
938 4084
4563 8289
4423 5961
5203 5794
3361 4788
5537 1503
6025 3595
847 9648
4484 8056
4117 7139
9516 5066
5100 9606
3438 3058
3734 5263
3210 9319
4644 8980
4838 4770
5086 8435
9547 851
8495 8155
3622 7706
3991 8801
4776 6414
7783 4509
8071 9754
696 8122
4075 7163
2516 4969
6514 1123
844 334
7100 1529
8576 5906
3695 5511
8970 6927
6612 5179
8916 1223
9528 7478
4412 9054
2268 3952
9175 4987
6358 4562
8540 3915
5918 9978
9445 6926
546 7883
2641 504
2354 6842
3781 6225
5796 7074
166 9446
3377 4241
8368 326
6886 3945
5618 7125
3668 7296
4976 3372
3089 9600
2320 9671
9909 775
2733 8518
1502 2120
1592 1820
1964 9145
3649 4339
8117 4883
1010 2231
658 1061
7605 9798
2913 1665
5865 8454
5553 2270
7169 6271
201 6740
3140 4269
3713 4947
9342 5903
7350 4908
4254 6171
1995 7622
4278 5720
7395 5835
9215 4370
8088 7048
4354 7833
6535 289
1007 3778
8066 7290
9290 2436
3980 8767
5001 9501
4080 3709
1607 1051
379 5318
6181 7491
9262 3090
4516 7966
7101 5656
6603 1287
7810 5641
5719 1710
9082 9846
8822 3544
7046 3733
7131 8940
6636 2768
7838 4871
4436 6901
6793 729
9628 8839
812 9654
2773 2267
2889 4791
9907 7164
6456 1014
7600 2120
5285 4757
9385 769
589 6760
7488 3709
5109 1894
8216 4215
1043 636
5677 4539
3090 9530
7593 9261
4419 308
3376 1619
2151 9986
4885 9447
1621 5856
8130 8102
8426 8127
8309 3603
1044 7890
317 4165
3239 5266
6737 4340
7000 235
1817 4816
2756 5676
1091 4298
8618 8587
8639 4953
6557 3359
8420 2119
8691 1844
8601 82
4888 6747
7452 2987
4764 8231
4031 4042
4785 576
2070 5352
9678 7716
5594 7219
3726 881
5481 2830
1858 1021
8243 974
7579 7870
5775 3102
9169 8018
2980 620
2543 8601
624 6634
6564 7445
6005 9789
467 6737
6279 2226
4564 3079
639 7332
3089 6104
5051 4503
762 7033
2315 3489
3505 7136
8726 779
6799 6907
7475 9508
6925 5865
8432 6670
7564 3662
8383 3823
6045 1572
3780 8114
9914 5989
9192 6931
1995 6306
1225 8391
7650 9231
5255 2306
2416 6148
2713 3998
3661 2542
214 6106
3028 4539
1165 6121
5524 4962
5261 8063
5120 5369
9453 5784
2688 6317
6918 6689
5566 4398
7475 4957
9786 3695
8872 9313
8199 6794
9544 3768
4891 8811
3502 1663
3699 5792
8453 7210
7724 3967
7984 9502
8235 5312
771 7573
3511 3727
9863 1197
6121 1755
7322 9385
3715 2522
8989 3742
4262 1507
3412 743
3082 1202
8314 6594
1082 1863
3322 9249
7989 8615
7383 554
5775 2874
149 3240
6605 7211
6365 119
8269 3164
1357 3467
5132 9839
7686 9434
9213 3309
6092 6733
1289 9427
6202 8660
4426 3296
7963 1631
2062 8553
8994 8341
2138 342
7427 929
9957 9474
1527 3280
2200 9550
5292 1572
6645 7118
9715 5812
1981 8570
6257 4282
360 831
2782 4915
1441 2332
5721 7971
7960 4246
129 3230
6926 4916
1469 7936
844 5715
3766 2438
6172 6259
9224 8419
430 9128
6021 8476
5829 4426
7857 8364
6600 3509
6743 1585
1857 8730
706 5389
3969 8684
5941 3301
3386 7188
6772 5110
7155 7006
6265 5467
3096 3162
4800 3880
4040 5803
218 9715
5413 3227
2494 4965
3351 8693
6900 9309
5754 4986
6056 5773
6907 2509
6429 1083
1006 1239
3639 4721
5835 6179
6960 254
5773 8371
7252 5699
1474 1369
8405 7783
2766 4751
5815 8244
7783 2848
1269 6471
7418 4236
6074 1987
4645 9720
569 5375
9995 4284
8374 8164
5875 5171
731 3408
8713 6814
6148 9637
4092 1409
5843 5338
6590 4501
1052 9593
3080 1493
4746 336
6755 9617
7641 2864
6191 6237
1194 7905
6224 9395
7714 3084
7244 7469
9066 5135
2622 9692
6000 8461
7686 3284
4405 6363
4375 8957
1694 4996
9624 4
4724 6502
8340 1271
8915 2467
8890 5821
14 9425
6173 6300
1241 5755
3124 129
2702 9133
8571 684
7497 939
6961 4337
3500 7355
3384 8279
5628 6454
3865 8045
6274 5659
2605 7008
6090 5389
2468 4759
6503 8592
5874 8360
3069 1231
6493 879
4358 1849
5937 4670
4126 8352
380 9543
2471 2025
1234 9316
7078 4558
6618 4496
5668 4735
9438 3148
941 3676
6863 5579
4036 7053
256 7621
1870 1883
2822 7496
338 8644
8942 882
3328 8266
4055 9401
3878 1204
1124 2963
1356 1980
2923 9918
3594 8304
3624 3353
9261 1522
923 3561
2230 2840
7541 2006
6810 5180
8880 923
4691 7324
9524 6025
8589 1787
4354 6804
8250 2207
6253 916
7807 3985
4604 470
4293 352
4586 7273
8088 206
294 8882
5867 3921
5412 8392
4563 9315
8089 936
6695 1939
7186 482
6631 9570
9278 8794
6098 1095
960 5912
2462 892
2510 984
4659 8446
676 2651
7168 7872
5938 7252
1349 2329
4554 7580
6104 1345
2211 9199
9408 5960
5305 9853
1725 2656
6554 1082
4222 6574
9242 9358
3625 4733
3584 6245
5063 5978
6295 5535
4900 4265
6798 6322
3523 607
5688 1635
1769 4885
301 929
4654 7644
3767 7194
8879 4083
7110 5124
8190 3411
3389 7190
1088 3140
338 348
7694 325
2866 3014
21 3144
1098 2873
710 8451
3583 3372
7718 3872
583 4637
7039 4637
2222 8410
3902 8717
8227 4344
1683 2998
2184 7840
2580 1873
965 9677
7321 8398
8165 2783
8257 2077
7991 8890
8093 7877
8606 4440
4832 8304
162 3891
1717 4797
8333 4140
2888 5598
4911 1943
3643 9303
3915 2220
211 9061
6583 7320
3513 7157
6448 426
5322 1688
5540 9478
9575 6678
7174 1909
1734 8999
3581 4259
4687 5467
1909 496
5583 404
2332 832
1737 6775
7478 7963
5391 7775
6554 845
3325 8842
9587 951
927 1194
1633 2268
5015 4996
8501 3861
3224 5172
7176 3790
7373 8552
5924 3718
6419 5185
4537 5443
2138 4469
8314 5148
4104 2111
4030 5837
3862 9389
2671 1799
7921 2849
3790 7549
8634 2657
381 6151
8631 3176
9219 4499
3088 674
8828 1807
3762 4516
2759 1057
9823 4705
8070 1567
4188 1718
4993 503
4242 3439
5891 3640
7054 671
4331 167
7938 9581
6141 6204
9361 9425
4335 3170
854 4667
9004 6106
478 7053
7060 9032
8137 2396
7098 133
5693 243
357 6443
9699 415
5199 7916
88 7092
1737 2188
4638 5350
3733 2402
5976 2433
3019 5083
8433 6690
5397 5047
7830 9900
4562 154
7943 5396
3655 7724
9034 69
73 7898
504 6477
7924 5123
190 686
471 1723
9310 8878
8838 2267
8507 2567
8967 7039
9856 6024
9061 2167
4506 194
7504 9366
4841 5499
235 1862
6628 6895
7325 307
1682 7418
9297 9467
2385 5599
3094 3908
4402 8164
7951 2998
9291 2132
4883 9533
9460 4843
9006 1912
43 1566
7487 1629
2288 369
8120 3251
4361 8606
9457 38
911 4485
6918 310
7135 5814
5428 232
9643 6265
4784 2563
7239 3830
6224 7285
3836 1981
4735 4236
2407 2448
4557 910
9963 4052
9037 3345
3019 3300
6710 3251
5617 2062
9523 403
6282 5331
4403 8726
7960 5707
5177 3011
5903 4975
9773 9447
4408 8574
1625 610
2336 1496
8940 8936
7226 6534
1147 5346
4153 6192
2523 858
7159 9781
1784 5922
5313 4519
2610 2718
2569 5740
8171 6885
9299 3582
4346 8180
7864 2316
3274 7307
7862 7319
6395 7246
621 8790
2912 1285
1171 2306
6800 5964
5122 9994
8662 3284
1813 6593
1777 9872
8638 59
4356 2921
3939 8596
7687 2443
6620 3305
4372 5429
6135 5996
9915 4765
9685 7412
8350 778
3914 1563
9670 3208
7952 6446
7340 5464
1461 7009
6961 4221
2744 9528
9590 3855
6896 2543
3045 6620
3909 5507
6902 7762
5077 8039
2282 3607
6672 4992
4901 7521
4413 6121
3595 6686
4755 9520
7834 1022
3296 2551
1584 5187
6630 8356
1921 2760
1689 4513
7202 4407
8386 1885
9153 9265
8079 5033
7978 8443
3808 7515
5875 3115
6940 9854
305 1647
3130 9553
945 6870
9689 7444
5088 3429
4968 1070
5907 83
9262 3977
7952 3565
7107 7812
6051 5635
7765 304
6763 4681
2117 4276
2346 8599
2071 1450
408 1690
4710 415
6240 6544
8589 9382
3009 2912
271 7414
3134 2352
4991 4104
4895 4605
3721 9226
6478 1687
2248 4430
9419 3857
6845 3035
9161 8917
6815 9499
9038 6591
4805 9500
999 461
718 5711
1073 6149
2345 4924
4705 3359
8541 8332
2109 7783
9347 5998
5969 5932
2998 146
9388 4836
9882 289
7168 8150
8051 3475
2981 2014
5049 2327
5862 2508
9434 8463
3442 1077
7592 5121
2220 9249
8359 4039
1852 7387
5440 2448
6813 7957
1585 6445
5596 2801
8779 6068
1599 9992
9635 4577
9340 1447
6753 8000
7069 8350
52 5572
1331 415
6635 4372
7792 1685
9709 1752
955 5418
5811 7792
4576 9807
5721 7741
6606 1192
5424 1446
7335 6717
5631 3557
6387 3291
5229 360
1085 5985
6377 7760
5924 3316
35 2613
9660 6923
4240 3472
7291 6083
8345 9839
1660 1420
3628 7764
8079 1834
8778 4903
2631 7957
9624 4976
10 1225
7166 5677
4757 4679
2107 4274
6774 8466
5054 884
1744 3635
4830 5053
5162 6022
6676 5932
2160 7083
6380 5010
1345 3717
5000 3669
1055 8766
2380 6320
2722 6641
2819 6577
9749 2879
5576 6314
2776 3243
6158 2690
9612 7854
377 1233
8714 5779
7251 9799
989 9292
6792 8725
1059 9803
3066 4482
4223 2970
6477 727
9242 180
2252 1556
7326 5721
2419 8265
4282 7262
626 5661
2097 475
1233 8203
9418 3467
9046 128
9777 4607
8704 9295
581 4651
2928 4733
8120 9512
7675 3988
7858 1089
7337 7204
8831 3974
9161 2654
3580 3099
5083 5400
590 506
2580 1403
795 5069
2318 2360
4574 7189
837 6991
807 7126
6891 5862
5481 3704
1652 7064
6635 3432
475 6995
7832 1188
428 4169
7918 5187
5752 192
3315 1947
9668 2370
2827 4281
2713 2062
9235 5117
6518 2981
602 1851
3785 5917
578 7323
42 7634
8467 6201
1137 208
8761 4213
4203 3194
33 453
8984 2358
2896 2399
6528 6447
9596 4767
1289 4210
2129 7767
3283 7857
2045 9417
6620 451
9508 6239
5324 1858
2108 5540
5051 9803
8466 1353
1686 9890
5828 7025
6318 5467
2741 7972
328 370
1741 4112
4798 1508
2278 4371
7436 6372
4176 8467
6548 2039
8541 2886
9787 8696
2694 8154
9865 8725
6532 9294
1277 239
4184 9111
5863 5326
9011 7101
4476 7099
5646 3979
8054 7109
1956 3362
7185 4141
6019 6
7087 8137
7199 8175
8597 3364
511 2250
5900 1932
3390 7286
9697 7892
2251 7960
421 7696
8809 9847
2237 5883
1648 5776
6851 8804
8154 5171
3635 4604
1335 3332
8687 3642
7209 3339
6780 1175
953 7380
3075 2307
9072 7376
7665 3918
2895 3410
6903 9599
9000 6627
9626 529
3682 4367
7444 3585
4584 8406
225 9585
5371 9756
5587 7592
5356 9321
79 5792
7667 6793
9854 4807
6411 7308
2173 1438
7107 8696
861 9949
4974 8834
7219 6445
4868 9097
6809 6348
4287 3259
8507 7133
5343 5086
1931 6485
3479 1561
6990 2735
3373 6792
1309 9081
5933 8379
85 3413
135 1415
855 2825
6317 3827
1881 7903
5334 4045
4498 1158
8990 451
7378 9167
3603 5834
9096 8737
7465 7691
106 3109
8503 7009
7873 4746
328 5452
9770 1250
4652 1616
2502 3011
5508 4391
8362 8360
6777 8843
5264 5406
8021 9037
1349 4935
3480 4737
1625 634
5 335
4034 9201
2210 2260
8601 3801
380 1631
1003 1190
2368 7316
6009 3276
4435 4908
3832 7815
7516 4691
5314 68
148 2441
7972 6966
61 3810
6222 5058
6424 6518
3942 1923
8653 5041
9573 2054
2999 2788
8296 8911
7525 4130
4896 7955
5771 9108
1410 4684
5919 5494
6888 4632
4460 9704
5631 3098
1378 189
1143 3176
1140 5807
1270 4043
4152 5433
229 1346
8171 7868
9489 4239
2763 7611
3739 1096
4395 5630
1929 6311
4162 35
8355 6971
8492 9560
6982 3877
5207 1683
7413 9724
8168 5706
8707 4329
2852 683
6538 2252
2871 9685
4183 9461
8768 3901
4651 2411
5859 5851
3628 5129
9558 1690
6706 2012
6468 1227
858 1526
9229 2434
8294 9214
9268 1512
523 974
2064 7207
643 2452
779 8801
5881 2481
7510 4842
1439 1437
3171 8825
1530 4897
2041 7835
7589 6827
9380 8256
8746 4702
8179 2828
7452 7919
9512 9479
6433 2425
5435 4846
9392 586
6952 3056
4423 8724
1276 1521
3735 7341
4236 2842
6550 2319
7854 1655
2460 2584
8173 1160
9078 6731
8937 5920
4167 7838
2933 7529
1314 7770
4712 4447
9441 3870
4604 7456
7249 3805
9218 2834
8915 3275
8156 9357
1821 9331
7778 1613
2183 5396
8750 5921
7551 7871
7872 5663
8341 5643
9098 9054
9119 6290
6868 6410
8423 5825
7705 387
408 5372
5241 9246
8596 5447
8021 7971
385 3278
9942 4541
3319 9278
4551 4125
8500 633
1414 2296
2248 8759
6807 4756
1881 1151
5553 9263
8624 7586
7295 6408
2603 5169
2720 852
217 8626
9431 1930
8337 3599
2987 3431
6667 3158
552 9099
2453 8602
5901 1738
8447 9888
1149 2333
7311 9427
9374 6654
799 3409
8988 2127
298 1212
7863 5828
898 7019
3232 9668
6365 1926
1504 6540
4003 4028
3058 5036
1090 1153
1716 5640
6330 8984
3194 2984
9922 2766
2587 2632
1153 303
2082 7449
2533 4254
3694 9630
7072 5138
6930 7120
965 5331
8054 6987
1296 369
1620 4270
8795 6909
1196 1775
5786 1230
2528 7509
9488 9886
6825 3676
9143 8443
1040 3269
2717 3526
4021 803
5153 9815
4524 7710
5738 3943
5019 4916
9296 3348
5646 131
8065 3025
5523 7153
3534 3107
3774 8836
1435 9493
7270 5162
2370 6853
70 3731
8897 6933
717 7153
2599 5867
703 5407
6203 9089
9137 8503
6149 4501
1248 6987
867 3018
539 7517
7414 5878
9733 6150
5634 3250
2692 9923
4577 5197
3189 2371
6705 6041
6821 9179
673 3164
9241 4242
8600 3441
1255 2277
3983 8085
6315 1668
9937 7450
1155 659
4658 7927
9187 1946
1861 3061
2354 1526
3717 1988
4011 5797
7277 2564
5245 3886
432 7388
8620 2519
8146 8679
6990 1565
4572 8802
4574 896
6140 4160
6668 9251
851 5590
7146 7328
4069 5631
6673 8755
5020 4824
3850 5434
4998 309
6374 3019
18 5275
9559 7934
327 8660
5348 9519
4254 9118
185 9917
3891 1964
6196 958
1255 3427
1210 2617
4001 9534
1344 3114
9544 267
6562 1953
3163 2124
7279 579
4233 9591
5418 5368
313 4343
283 5851
9748 824
540 7710
9526 8526
8125 1203
4816 5247
1 4084
5289 6980
7391 7419
5800 2829
1457 6811
9116 9242
4776 6405
7973 706
4390 6388
408 3760
5442 4434
2638 7681
4152 5952
453 1159
2758 9714
8814 5785
1105 1920
2109 9489
9022 7591
6365 4476
1865 3366
7529 958
6321 6194
4116 1483
1882 98
2610 9023
6729 3603
9724 1383
956 7957
6145 2726
7248 3628
5231 4785
2905 5008
3374 9859
4813 3325
5653 1674
1625 9300
4675 5000
987 5944
6888 2563
454 6482
2105 53
8897 2750
239 8332
2696 4860
2488 5627
6809 8543
2901 4552
313 449
6571 6140
9965 3325
2530 3478
6129 8212
6505 2296
8388 4089
896 3272
3498 5973
2188 3105
8585 6739
486 2015
3308 2725
9484 8438
3523 2925
8671 7468
7233 3525
5396 7867
8909 4840
6531 9984
6882 9926
2555 7247
9870 1940
2812 9948
9703 9082
8747 8755
545 5939
705 1857
313 1920
6333 1048
5182 4501
3677 4175
2738 1371
8953 8208
8957 4349
7993 1577
6378 283
2105 683
6953 1705
8172 9486
3147 6833
8118 6603
7929 2349
8833 3792
1870 4286
6889 4736
3464 2280
6336 4784
7787 2851
1867 3916
846 9484
7026 2447
5707 6785
564 2910
2323 6329
2321 1374
7560 8314
4318 5194
5762 1713
421 398
8939 9326
6594 1582
4899 4517
1239 2272
5276 9870
2888 1853
7038 4773
6016 2468
3157 7755
8795 3896
7806 7971
3354 6045
3390 4150
9682 430
5995 9295
1773 1402
3344 3760
6231 9875
6397 4044
338 2142
9381 8938
5058 7141
7999 248
5826 8088
9430 1174
3102 8119
4473 4135
7991 2234
491 4515
8386 3834
2532 8440
5481 8869
8766 3844
2296 5869
201 7645
7169 7226
9319 1881
3449 3123
4768 2406
3769 4537
5664 2163
6237 9853
1764 277
4728 5957
3777 6596
6591 4923
9085 5995
2137 8589
9572 5675
5974 6862
20 6056
661 804
7265 2458
811 1192
5298 2046
8259 9081
2082 4035
2985 1049
9824 318
6686 8062
8559 1878
6311 9939
3031 1608
4718 5764
6738 964
2207 421
8352 302
6076 7404
9235 7294
3722 8803
5732 5328
498 3175
9052 4085
9905 7067
1404 5937
4120 6246
4213 3515
4156 5136
6433 527
6327 1561
2136 7391
6453 515
4572 3502
3320 1011
1294 7956
4149 5316
342 8557
3925 4963
671 5929
2725 9396
1960 3518
4918 1324
8260 9777
8493 3381
4987 7153
5844 9565
6023 540
40 6407
9896 3112
8505 648
1712 7084
653 7787
8408 5652
2316 1774
489 6176
613 6691
2964 3493
2056 7024
8331 1498
8651 7919
8149 733
4118 8206
846 2972
9542 6000
3508 9948
4893 8651
1195 4342
1632 6984
1114 8005
8104 1191
6652 3465
7698 5272
2368 1286
2127 1042
1306 438
9077 8255
3296 6019
6459 8078
7197 5134
465 3201
4209 8587
8838 5245
6830 2322
2288 9356
1869 8112
3224 1198
9032 9908
107 7811
4989 514
5562 2883
6049 8963
1546 4230
506 7811
4677 2572
7668 3698
9112 6439
9582 2708
8387 1212
4010 7169
3324 9062
6112 5557
6972 7667
4043 1841
5936 501
1002 1144
3337 2961
5969 3075
1565 8739
2998 9118
2772 3609
6788 377
5387 6116
3531 6615
4948 7258
2366 8738
5140 9302
4947 181
836 502
3591 2817
4241 3708
3447 3577
6317 7518
8584 6085
9979 4439
8753 1299
2822 6675
7260 1537
9339 7655
3080 6869
9530 806
5833 3445
8105 5117
6359 1391
1153 3240
8603 5218
5759 4218
2325 9171
1764 1194
1129 8730
2262 8832
3852 946
3709 6092
9276 3180
5494 6432
550 7260
2996 6913
8942 2347
9370 5738
2986 1491
4018 4248
2919 2390
7641 1071
531 5896
3424 8483
5457 9248
4397 7808
104 5099
8968 4564
1556 2489
5038 6591
8164 5646
338 538
1002 8226
6183 2429
142 7266
7703 9782
5803 3021
5711 6681
8705 2551
5248 1643
6817 5353
4384 2806
3860 3055
6791 3257
3445 3849
6947 3589
674 2090
8164 4288
7183 8748
3456 6726
5554 5531
6592 2947
760 5221
1185 9210
303 8672
5493 6545
8826 7604
6847 1187
2097 3133
4043 9789
7614 9642
4163 7281
2064 225
1067 1430
8444 9705
6998 245
6919 430
8254 9390
8525 9632
2448 1057
6894 1140
5629 3766
6235 2114
9067 7653
1421 773
8066 9854
5759 2542
7920 8995
415 610
5397 2201
529 7271
7368 283
6972 2059
7552 2007
3658 6685
4251 8334
2908 4546
9098 1928
5909 2513
2675 5646
298 7799
4830 7599
6776 7476
8953 8587
5614 925
20 2987
7886 4040
2918 7527
833 1394
7334 8590
6784 3820
7698 7106
4779 1914
8956 2649
8310 8259
3543 8541
8151 996
6622 3901
6842 9101
8942 8490
909 2930
1368 5947
1076 4043
6944 3753
7782 4772
6512 4996
9086 9438
5029 4172
8603 1356
3969 4216
6128 6951
7336 3011
6005 1707
4435 1034
1988 8167
9632 4351
2572 4737
2383 9049
6882 1680
4855 6626
9883 8368
8383 7031
4756 8562
357 5388
2858 5657
6619 5381
946 9037
8372 30
5522 684
4252 6149
1750 6644
669 5082
2076 6491
2363 645
2248 8439
6937 4224
4497 1926
7298 9769
8530 920
7761 6114
7354 9520
744 4801
7484 5750
5517 6816
8928 1415
9097 9358
9936 5204
1239 5740
7036 959
8939 2000
7831 9873
2872 2357
6759 599
2585 7498
904 5056
1817 4063
3034 1937
3531 683
1423 6321
2755 5864
2414 2333
5786 2309
2931 5733
9470 9923
204 749
8271 2473
7981 1293
1748 4529
6477 2802
292 3352
6279 6858
5229 8593
8698 9308
2545 1523
4106 8126
1876 8167
3836 5901
703 9291
9982 233
1264 3281
5485 4261
7080 4960
9196 6027
555 2450
9076 3735
9076 1765
1086 1879
494 6203
8459 9889
4812 8793
8141 3853
4082 6267
651 6135
921 623
4689 8111
879 9493
6589 6872
4405 726
4499 6604
6703 2298
2410 1158
1848 5616
9693 2022
6395 7594
3228 9441
7179 174
5288 751
7052 8054
4442 5595
3719 5169
4140 2615
7258 32
6766 6821
54 329
6435 767
7391 3784
9665 2079
272 6841
2197 3192
3236 9839
1917 9515
6254 5153
5628 9363
9730 9351
9321 5306
745 2577
1008 3969
881 7936
5231 124
9131 9467
5962 5428
9212 2444
985 5763
5804 4321
1349 9099
3338 827
142 176
7349 7234
1863 6761
5284 8463
2472 5027
2304 9792
6268 8862
3141 6295
4657 2062
7445 364
3626 1547
6388 4039
336 2497
3293 4038
7437 5313
1467 6221
9199 1502
5185 6241
9387 9393
9987 6396
456 4326
2554 1181
2448 4061
9477 3029
9714 6201
7586 1882
4067 5028
4489 4343
4664 8441
9121 1754
6349 4489
7961 5862
641 7303
2881 5311
2392 3564
8958 7008
3736 771
6841 4184
9100 1502
5857 9016
2052 2319
356 5847
4275 7216
3738 1054
9456 7308
7179 1869
2245 9667
5587 3764
4371 4778
965 3802
6172 2649
789 1754
5224 507
9373 4097
9377 5889
4265 7970
8358 8463
7403 178
1692 6670
6167 7548
6728 2425
8280 5581
6358 8512
5690 9065
469 9687
8077 2213
9929 9016
4585 731
5416 7213
9556 9785
4766 3911
4653 3266
5417 1098
9461 1115
8333 3102
5089 1231
6112 912
8633 8876
6879 5039
2716 4580
440 6863
6106 3517
5742 2921
2328 3553
2873 1113
7168 4079
9411 8799
2398 5192
5403 7103
948 9794
5590 8017
4199 8569
5705 7713
3935 3721
6496 8096
539 7685
7627 6801
7595 6259
251 6925
2356 4798
4314 9759
4432 6579
8720 5545
9643 5940
1678 1278
5591 4376
3143 581
1705 1465
1618 124
6409 3556
1258 7251
1782 8141
7454 4909
7424 4760
1793 3779
4364 8865
1915 4144
3700 9669
3206 6501
1460 5175
1169 1799
1198 108
2065 6604
9239 4815
8763 1186
2616 622
4124 2264
718 1739
193 8947
4890 7931
2815 4571
6049 8458
8732 8315
8637 166
8244 3124
8218 2672
5381 2378
1306 1230
7347 3110
9970 6187
1797 5650
5562 3158
8214 7536
1681 2527
3317 9044
9623 5501
8853 2469
5890 1962
3918 8960
1705 5653
5002 8133
8572 9999
136 3320
8410 4207
2109 8593
280 318
8174 1004
9745 908
8280 6282
6929 6233
664 1279
8217 2860
3843 4850
4174 624
6447 5615
9738 2178
8 3960
5530 20
6252 1328
9454 4845
1295 7679
2812 2807
5080 8913
4540 6288
7938 8278
1469 6761
2028 9236
6831 7194
6602 9712
2488 8156
4049 313
4752 2797
3839 3069
5876 4976
3121 2514
4118 3898
1914 4671
5659 3990
7283 4288
2284 3218
1461 6373
422 2928
1329 5651
8410 118
6873 7025
3565 1246
3492 4493
4153 4247
2238 3093
9674 1458
4325 2686
5667 2342
1501 7073
5318 4588
8461 1097
3359 9155
4880 6774
26 8941
4213 3212
3752 897
5536 7797
8431 295
8358 3435
1639 2751
9077 8047
9229 5050
9546 5557
9971 7999
7224 5957
6910 7496
4392 4236
5415 354
1619 601
2091 3361
9962 6672
8523 3321
5039 6298
509 5670
489 4595
1529 6133
1588 1355
5276 361
4814 6198
4792 215
2524 5100
1666 1738
2467 5113
8659 3967
431 2350
8696 6538
95 4942
2226 3360
8326 9458
2007 5419
8636 1430
927 8217
4604 2810
6263 8861
4900 6753
8210 5869
1687 6005
5443 5954
8046 6305
4212 9451
5011 2486
5522 2634
4676 7735
5806 2821
8246 2412
5677 5750
3200 6259
489 7100
8427 6410
7199 8152
393 647
127 9921
4939 4128
5471 1728
4841 4227
3368 3301
367 8639
3223 2784
4490 7849
7214 6408
7102 1337
448 3304
4035 6186
7464 1629
8004 2237
8723 7577
1919 3622
5777 6227
8887 3582
3416 2837
3109 5199
2913 7149
9283 4363
297 2716
9184 5990
2017 9786
4639 8935
8655 416
5495 7915
9771 2716
9380 8002
9123 4737
1605 3696
6199 3972
2092 3277
6749 6880
369 9030
6622 7827
2127 5002
5863 9391
1942 9485
1882 1146
6023 2472
266 3662
9451 9559
9906 5033
6509 746
3215 4654
8171 8356
9249 835
41 6703
4206 545
7101 6727
2000 9063
9716 154
306 7720
3212 4862
8230 1640
2488 4187
3138 6642
9199 5101
3294 4869
1533 3299
7799 1234
7937 5507
160 7328
4285 8804
5068 9945
6842 7554
469 2282
8609 3805
5560 5383
4946 1642
631 4868
3153 4529
4341 5069
6996 4669
9822 7567
5895 3487
3980 9485
1992 6428
6387 5052
5339 8666
6678 7447
9926 8295
2047 5515
7430 4274
6091 3132
5721 8624
2588 3311
9522 6984
2661 7326
57 3655
6034 5047
9304 1741
5405 2301
2815 3951
7418 9317
7280 6611
5708 3035
435 6038
6397 907
8292 5241
8298 888
6672 448
2405 1656
204 4866
6450 421
7214 1020
6346 7774
5234 494
3483 5444
4902 8444
9301 45
7470 5310
350 7525
913 3200
3919 2344
5753 2387
2774 9481
3303 3018
4578 2383
6158 3518
4458 5634
5267 2267
838 1122
259 2689
7988 3329
2653 5395
1541 9604
5684 1147
5805 4693
334 372
8374 5588
7655 2975
3645 3137
671 3759
6964 9812
6840 8524
7807 470
425 9844
9367 9717
6878 5957
4650 4612
5541 1733
5608 7944
7410 2954
4808 9436
7964 8162
5729 5022
1966 8397
225 9952
5287 1038
1690 3736
9418 1357
3712 448
9183 3767
9708 6166
5376 3773
6620 8173
6045 3185
1632 3899
2520 6572
1839 8985
8282 251
5632 8182
652 3821
2241 7556
3311 167
8740 1369
677 9680
8893 7088
4293 7061
8085 8694
7931 5366
9978 5261
1669 2455
3885 2812
5783 8768
7602 4940
8536 4494
1411 4733
6483 3616
8558 9455
6727 8426
8418 9161
3735 2517
8342 4486
9499 5517
1571 2259
8637 8834
5413 7155
9021 2583
4957 4667
3438 8214
2130 9830
8070 5899
2843 129
8834 148
8982 4288
1200 5191
4597 4408
9858 6460
44 6691
9090 2943
692 5167
121 320
6875 2671
6406 1938
1714 1368
6765 1391
381 2837
7717 1586
791 2884
969 3995
8715 3575
3256 3375
7116 1988
4326 9110
2990 6102
8761 7595
3274 9849
940 8272
5246 9793
9231 8999
4971 7780
8309 5098
5557 9963
4708 7347
3575 7638
4169 6053
5372 3221
9297 9345
8759 2543
9521 9026
9788 8223
6336 4802
6437 5218
5752 6738
9342 5002
6840 5670
7240 158
7412 8087
4234 5352
8099 511
3963 2485
6832 7408
4570 7529
5003 3230
1063 8056
3413 592
5975 8766
4327 1427
6291 888
363 6999
857 8489
6497 1856
6266 9286
9884 4486
1082 5562
2659 8453
7780 2243
5280 1518
8915 1187
228 116
2202 1184
6929 7376
1085 6852
7455 8702
3814 7181
3208 238
4785 9102
2171 7203
5968 189
9276 215
6103 1939
5714 3573
6769 863
5369 7118
281 7539
9822 3253
5842 485
8582 4403
9360 5696
2854 131
9197 2912
5820 5879
6437 842
4821 9825
1642 9249
677 1867
8880 2898
9762 9568
7266 6777
5257 6416
1147 634
3464 4240
6094 1593
5538 8856
1423 4258
1327 7379
7512 1010
1304 5538
7205 1915
2591 4314
6520 4532
4613 3217
7766 2983
3555 3893
3959 5250
5186 245
4810 9110
4386 5893
7407 8331
4679 9311
5627 5018
8119 6877
5847 4209
9469 6288
434 7123
2921 5388
154 8245
2142 6441
4071 9699
1683 468
5633 6089
8691 6300
6084 3977
2637 2917
915 7163
1588 6920
3139 2857
3199 3473
1595 7087
3866 5760
4138 353
3764 6265
8001 3477
1248 7236
7525 3172
4116 1949
7647 9566
3004 4773
6731 3939
6328 3871
1180 6234
1513 1860
7078 1150
7496 239
3699 6283
8352 210
3711 7590
1407 1280
556 915
6313 6624
1087 3180
1781 7616
1425 9217
2750 6528
686 9042
6179 835
2185 9767
4663 1762
8071 5561
3217 7304
6575 9222
7293 2518
9697 6208
6394 1345
9500 8351
4459 1823
8773 4811
902 5310
3719 658
6903 1245
2254 7672
9790 9713
2395 5250
4525 4434
1155 5770
875 9307
6144 4686
8563 4381
7054 3473
2886 9500
1487 8281
1717 6769
9160 7887
2983 8582
6994 5522
681 8205
6138 2868
6537 7498
4465 3595
651 5012
6956 3234
8020 2392
2597 4149
1633 9526
2872 6440
977 9794
3415 2081
8599 5076
9255 5114
8537 6808
4993 1040
8212 863
3665 9366
9061 2509
1434 307
577 1177
6465 9743
2014 8367
7454 138
4168 8241
3390 1190
1293 4130
5603 6712
3521 5098
1426 7771
4155 4437
180 8620
54 5956
6150 8639
7713 7290
5721 6521
6864 911
2050 4996
1416 1217
987 1822
5174 8382
848 2810
8313 3772
4291 9645
6548 6722
7753 3138
6701 7772
1163 8647
4593 5962
4406 6814
6413 2017
5227 1053
2982 9561
7695 734
5427 653
5148 8959
9501 9422
2591 5892
9878 7216
2328 96
2319 2588
8509 2687
6688 4445
5591 4256
5332 51
5555 1251
9738 2035
4978 6223
2325 1412
7753 8799
8717 3971
6338 7999
9580 8384
2441 3924
1138 7311
5105 5106
3490 4824
1037 4691
3747 3640
214 2679
9663 5662
3163 1406
6823 9198
1661 9312
9309 3329
543 9141
5416 739
572 4990
2404 8708
8544 7562
895 9032
9422 9617
189 6855
7497 3709
6949 349
747 3836
963 8555
3985 9904
2436 5812
4124 5742
4236 593
5649 6035
1171 2302
1578 2682
9603 2987
9108 3255
7628 5339
1919 2751
5697 4264
9473 5037
633 4205
6451 2543
8638 2587
2610 4279
2161 8469
5967 4796
4356 1523
4352 2230
14 6259
3181 6373
971 2851
8019 4170
4554 1657
52 4987
8269 4395
2822 5588
8972 8503
7088 6369
1650 364
1520 5030
5567 8831
551 8935
676 3144
3898 9423
9082 1442
8163 6333
7019 7054
1487 3747
9639 544
302 6278
1473 3057
54 9089
8224 4523
5824 4113
239 9440
9993 5242
6460 5492
547 7696
7596 8558
6897 9391
5686 1515
6254 3973
6116 7627
9639 3714
8581 8690
8684 1919
2430 5432
2403 692
4 5626
9221 639
7491 2087
192 6964
9354 4563
5859 5208
4525 4855
1093 4645
9106 5295
6286 6666
3716 203
1099 7992
7299 2223
8223 2902
9250 3522
525 605
5240 1491
4527 6364
3296 4927
9634 6853
7113 5932
3655 8990
4774 8658
2036 5714
7342 3117
5889 8830
6445 3612
6252 2916
3234 3589
725 523
3263 8735
2978 7692
9805 134
5004 8631
6389 1770
2737 444
3543 3088
9984 3491
8583 5840
7536 7140
8827 2629
329 8288
8174 1760
5673 7446
8593 8710
4624 5006
6644 1437
6868 610
3937 9491
9854 8032
7426 8023
1227 4745
4486 3790
1373 3429
3584 8783
1224 4157
1288 8055
5925 9344
7144 4790
5106 8446
9935 3265
4223 1024
7026 2526
6386 8622
4710 7498
4500 263
8 7926
5059 4221
6981 8742
6110 630
4498 4401
7596 6860
4597 1076
5973 8382
5609 3983
9479 3533
5711 3542
8290 2320
6664 737
269 7824
1995 9132
1087 2237
6677 3224
6806 4663
2436 6232
8067 5941
699 229
4828 5186
9026 7035
713 2139
3923 6906
4024 754
8446 3877
6810 942
1317 7142
6243 3225
7089 2104
2493 6560
8635 8012
1718 8135
2756 2389
8045 5203
590 1052
4633 8029
5056 348
2130 4054
5797 9430
2038 397
4110 5007
8694 331
12 4414
8934 856
4951 590
6160 7058
8041 7650
1218 3165
5204 9772
2267 6638
280 6404
9058 7743
3182 8903
7071 5311
6640 8630
1856 3007
6158 5907
902 9189
7770 8391
6405 3037
5741 8559
983 195
2384 4458
3290 5146
1028 4621
1629 4312
3466 5775
2695 7559
5564 8285
4144 4502
8882 9191
6166 1254
9118 2065
6618 9646
8033 5555
4768 2696
4019 2762
8915 8657
3471 8053
9182 3885
1604 1576
3764 9376
1253 2540
1993 1574
6826 333
1238 1980
2685 2203
3401 3556
2846 2793
7154 5269
6512 6273
3032 3449
345 4495
6258 1342
9030 4913
3983 8278
2132 6942
6286 7254
8840 2587
1846 1146
1193 7015
5312 9312
784 9857
4248 3448
1199 3628
7871 7643
1927 8946
3580 1009
8528 8622
2102 4569
5413 912
5804 6069
4069 6189
6221 9483
2052 3885
4576 3877
6183 1339
142 6002
9948 4873
9891 7859
6464 601
6256 5679
9126 9557
5612 8063
6743 4855
8446 1890
492 6930
9013 5770
4822 2807
6160 4878
7463 1377
918 2774
5494 9690
6832 5634
79 9843
4922 4676
1905 4192
2918 112
558 474
6904 9251
382 6155
9643 6154
1820 9813
4570 4326
3239 2652
232 9855
7907 8103
4473 3534
5206 4147
1894 7393
1131 8336
2557 9722
2194 3538
2943 3793
1358 193
9057 3838
8806 9289
4923 3855
7028 9547
6284 7336
5177 3258
6275 702
6743 2607
984 1083
8469 4630
17 654
2447 7855
445 9656
6564 4765
3197 1695
5606 8442
5701 6558
397 2209
176 9571
4772 691
7306 4081
7019 3795
803 6956
9219 4970
178 9631
5717 6131
3536 8585
9436 7200
4457 7003
6630 1619
2255 3676
8919 6790
8615 8309
1013 5892
2569 7926
4781 9069
7668 5391
925 9862
4616 6872
7768 7143
522 4409
4133 4603
1091 2690
8256 707
5665 4469
5240 9556
3045 6455
863 1924
6116 8723
5597 3825
6870 406
8734 8554
8682 6036
4079 6739
9584 4482
2629 1462
2717 4890
9702 861
3259 4042
429 25
534 2869
2234 3726
416 8080
5040 3764
6157 8790
2630 3208
6600 1317
5655 2137
6765 9823
9954 1019
3533 8938
3818 8231
5501 5536
5110 7209
6934 8272
8626 1105
2695 4299
7021 291
591 887
361 6519
4387 3504
2319 217
174 9922
9192 2842
1148 5152
4260 6093
7902 3793
2375 8075
8393 4605
4167 623
1302 964
1248 9563
5108 4055
6128 6098
6114 9709
4283 4955
5525 240
2440 6932
1304 3357
7297 7837
2087 2888
7879 3017
4835 9253
7389 4177
9441 4432
8968 4288
6219 7286
21 7879
4877 2378
8291 6555
5641 4209
2004 8786
5972 8342
6609 9098
8982 3319
9683 1714
7022 6598
7355 5951
7500 9496
5690 4185
213 858
6537 4235
6483 5143
8019 822
9250 1171
5062 9166
3540 9875
54 1292
4590 9619
2778 3130
9577 2943
7165 2954
7106 3834
2894 656
6170 250
2336 4787
9414 4905
4443 4048
4480 982
185 2311
6052 2850
9466 4156
4756 8660
7969 1879
6021 1621
9236 9332
7024 5045
8127 8228
7746 1604
6482 1883
8716 265
8063 7888
9299 5663
3309 6719
8161 6643
6664 7386
5154 87
1662 2132
6504 4626
3027 6549
5480 4302
766 9401
3915 6393
5882 4753
2766 276
7254 6544
9890 9879
9973 8222
6652 155
8863 3865
4710 8222
7470 7808
9660 6083
5122 4390
5633 4399
8350 8341
9703 9310
4312 5768
2410 5179
621 2607
7590 3163
9962 2239
7020 9171
8788 9056
6978 4509
5713 493
4672 5400
4253 695
4595 2085
6550 5618
1469 2603
1777 7063
3555 9267
5459 2289
5950 9404
6840 1360
2395 2008
4175 7673
11 1758
1083 3523
4995 4310
7732 7131
8109 3488
836 7041
7878 5165
8731 7529
2030 212
3868 5611
4299 3503
3357 1492
6054 1067
2379 6243
8188 252
5796 1228
9166 4486
5674 2280
9985 8549
1207 8707
8943 4598
9124 8253
997 5660
5264 9066
7347 1692
9695 6130
9215 225
4584 3985
4354 5960
1462 6584
3945 773
249 6058
6997 3325
1586 7072
812 8266
8122 2694
7653 7034
3883 6492
7200 5008
2517 1029
4108 1378
1387 1259
3855 569
5155 6313
674 2372
7450 2064
3042 293
7310 5363
560 9746
3698 6698
7682 9765
5213 6563
5568 4509
2379 8316
1144 1531
1067 427
5962 3654
2399 3590
4732 1911
8079 2715
9207 8526
3926 5817
7208 5691
8147 2773
8224 9381
5514 7543
5493 8071
8513 874
4783 1006
1091 479
4331 9932
288 8938
7676 3608
2171 3076
1285 6716
9531 1447
1920 1894
3450 1814
8554 8903
6553 3282
5844 1191
1082 6085
4692 8703
4773 6123
9810 6829
9220 4324
2795 2020
1590 9636
5906 6313
1391 4132
2826 6471
6311 5518
5869 5084
4135 5476
8744 4234
2431 4633
5084 1303
547 454
9711 6205
6905 2775
681 6363
7916 3948
6920 2353
7836 7273
3308 1880
4844 5797
5179 312
9923 5695
7230 1969
3452 8420
8258 2515
5365 8426
8169 6853
644 6249
6102 849
9901 6701
884 7830
173 7013
8528 8357
8531 1959
4762 613
1201 5802
6457 1744
9663 5514
6916 5939
4201 7799
473 5234
4540 7286
7497 8961
4765 4095
1594 7116
5954 9149
9716 1952
8518 5681
6581 5232
777 4928
2093 1121
4174 4848
2162 6654
7964 5007
894 9348
158 3404
3436 4455
6035 4668
5326 5788
2206 5814
5082 7341
6534 3319
3800 7432
2008 6816
5814 2880
4416 4435
9700 1594
7236 2649
2392 7922
5577 7006
1676 8324
6139 6115
4843 3091
1034 1804
2359 1701
6103 2176
1510 1876
4044 4956
8832 6847
3985 960
2099 4279
2647 3360
5008 3138
657 6580
3195 2988
5238 7976
8030 7537
8065 6573
9798 2980
2801 3158
85 1196
