10000 10000
2628 7237
3861 6699
7074 2641
2861 4265
8990 571
7026 4520
3155 5919
4841 1694
1376 7243
9019 7971
9000 2131
7828 6183
8049 8256
6070 7497
6358 3260
4308 5665
6389 3607
4983 7991
1842 3093
3741 9337
3554 8414
3429 4809
9265 4813
5876 1965
3213 8306
6739 5710
152 1232
7358 873
3529 6159
4230 1969
7804 7307
2016 1387
3230 9523
1253 8608
7505 2203
6880 2574
4094 2010
2227 5080
9454 5773
6242 7954
2896 7650
2133 1061
5095 2142
2699 5873
8441 3080
3554 3046
6609 7643
6048 6042
749 280
2237 54
4080 1170
6566 1641
2033 2576
2732 4723
9739 5550
6227 1083
7083 3916
5715 6506
2709 3533
795 5006
1712 3690
2265 7400
8661 9469
8179 3982
3860 2550
7793 8682
9918 186
6032 872
92 686
8464 6956
4439 176
2423 7786
8926 4015
2317 6028
8963 174
7694 8832
2750 4005
2683 295
2536 3360
3737 9112
4081 7118
7040 6874
5244 9843
5981 5485
5614 9174
9472 6882
6818 4372
5823 4414
4487 4283
6305 3068
5776 8032
500 7816
99 7978
8568 4484
3611 7972
2562 9270
1399 895
9546 6552
1896 7069
2941 1399
2247 1943
9691 5861
2844 5208
1866 456
7048 1632
5153 4920
9868 2163
4718 9365
3824 5399
8913 7774
4077 8777
1823 1707
4723 7305
1663 7284
8580 1481
4208 3815
5895 978
4450 710
9638 3086
7928 4999
2640 8143
5932 2226
5880 5815
8539 1591
3572 1822
1973 2517
4126 2432
7614 6580
4759 9180
7536 8252
6719 854
7495 2396
5118 7653
1155 4100
6703 326
2233 9338
2959 5783
707 9529
7858 8909
7291 574
9535 2206
2900 6202
959 1944
4977 4242
754 9880
7100 3202
6201 8340
2817 8837
9853 1986
9712 5023
9319 6526
2334 7972
534 6360
2964 8350
8524 7348
9167 938
8001 1832
8926 6987
3151 8689
1192 1670
5316 4638
3107 7189
8611 6387
6942 7493
2019 8072
6232 8055
238 9416
998 2226
9555 7651
6033 7119
9733 5500
774 7100
4427 8827
1252 1770
4990 5179
65 9263
1773 4445
2726 5653
1532 7812
8462 7225
2416 6215
9067 237
181 4563
6785 6166
9896 3142
3257 958
4270 5957
1344 8515
7419 8791
2469 8550
108 9879
9598 1662
7854 4102
4212 8803
1172 54
9330 67
1925 9808
4618 399
8923 1455
2016 7199
1253 931
5389 3978
2565 7919
6605 8143
3507 5068
6881 4976
1561 9220
6766 1105
4854 199
9916 4669
4587 8617
8921 2993
1472 3874
9907 9231
9360 2605
2337 6365
9256 3017
539 1140
6732 9035
589 5617
1459 3466
2729 5094
9846 7890
2402 7770
181 3314
6705 7221
3442 8142
7523 998
6115 9165
777 7709
4084 2923
454 5232
7251 3561
2341 5482
3843 7224
9857 1432
5769 5826
9211 1210
2642 5105
2392 376
7803 1318
5088 1498
8743 7811
5200 4575
7901 8097
5049 631
456 1195
63 3001
2069 4609
9834 8862
6232 6663
792 4116
1047 5091
2681 1788
3581 9426
4802 4683
9497 8531
3627 317
3852 3034
5889 8302
3439 6319
7956 3887
491 9261
3434 3207
1678 8499
3642 3279
8381 7622
8338 565
3404 1901
4818 5802
4616 6180
6543 2676
4974 186
8017 9325
6977 5906
1205 6754
9624 1702
8619 8052
3293 5439
5305 9818
8207 7662
2838 1150
5905 5911
8768 9211
7609 3649
6871 5446
5537 3959
3535 5874
6170 553
4866 8794
2788 3868
6748 8139
888 566
6765 5334
7310 9315
1851 3843
6855 3059
8621 3193
9684 9817
657 6535
8556 3597
2486 687
6410 6043
9731 2677
5133 9794
1119 3860
775 1975
5174 1657
8239 5791
6282 7158
9999 1736
2096 4656
4934 8928
8127 6050
8582 6636
1093 824
103 4979
9057 6485
5939 7489
730 5133
1352 6997
886 8683
8969 1634
8404 2541
8189 5698
2835 7507
3119 2206
4920 3155
9100 4391
348 6072
6856 8049
2524 6174
9161 6675
4791 3240
186 2312
724 1611
1466 3056
2905 5680
6394 656
5173 4758
931 1246
5175 1133
9486 3030
3508 9628
9465 823
9877 8475
4393 9831
1206 2426
978 3867
5545 3273
1009 1040
3313 6350
7219 5253
2152 7186
6747 2430
7401 6372
800 131
1750 884
2396 9198
8099 3753
1198 3137
7881 7836
7977 2190
6820 5835
9763 7981
1014 7271
3367 4441
2866 4758
1443 4803
625 4609
379 8766
7264 5719
6836 6641
2096 2329
1370 5560
9285 2252
9130 7076
520 2970
5496 854
709 1905
1467 6456
4589 8946
8540 3332
1877 3427
9995 3946
7686 7054
7882 4559
4011 7088
9376 793
5366 4810
551 6116
43 7732
8877 1775
1746 2229
7559 8576
5305 7644
8954 4236
4785 4266
561 3568
6716 4982
4698 9211
3862 5832
4600 1
8441 1966
7858 7177
3046 714
4515 3952
2163 1025
9352 9989
7992 1709
3525 8858
8913 5117
8880 7257
5391 3472
1268 2941
2503 717
5616 5893
9777 3119
5206 5844
9610 6417
9372 2292
3890 2678
4190 2366
2303 83
6922 3795
9833 4243
3586 3879
60 4978
1822 1312
8489 8739
7207 859
804 2939
3949 7192
1511 5619
1667 985
7646 3993
717 4647
3450 1455
2713 2157
4014 6299
7715 9499
9445 6054
1631 5700
4250 8493
9475 7088
878 1683
10 8395
9573 2813
9618 9156
7833 6388
191 4127
390 8087
1206 2307
3548 6966
8034 1741
4529 5640
7411 2860
8284 5158
5226 7250
8939 190
7679 4233
382 817
2699 7100
9017 3860
7614 7737
3206 5715
2634 5606
5313 2442
1958 4297
7418 1082
9820 1535
6199 986
6283 9750
8239 1043
9493 4962
463 9923
338 7532
8057 8715
9868 3838
545 4321
9441 3112
1294 47
3380 3199
4223 1010
2556 4264
7475 4299
5332 225
2383 754
7449 2249
1165 5438
9599 7619
967 4670
3165 1191
880 6163
2428 625
795 2611
1691 2080
7234 9976
7838 1304
1296 4495
1611 9681
8775 8314
9788 5157
1948 894
5775 38
2518 8550
8473 1126
3954 2286
5503 3868
2962 3848
9195 1430
649 8955
4045 8818
3904 2607
8855 6691
9637 7826
4048 9074
9831 4934
8946 5707
5739 1296
9437 7532
9066 5979
1394 6201
3408 2947
2536 7867
2767 1163
2122 5164
6906 6839
1142 844
6970 1746
816 431
8029 1098
8205 3725
2354 1151
3561 3329
8062 7720
9537 6667
6250 1789
3641 4014
7938 2030
8376 4930
7351 8106
2279 2563
942 7561
3910 4832
6496 9971
5863 7389
4024 4679
6033 9569
3208 6885
6110 1881
3348 9204
2445 9123
8645 4525
1377 5972
5783 13
9568 1715
75 3895
1636 5467
7222 7024
9070 7117
6640 7794
1166 7660
3206 89
6348 9775
4489 1097
979 4914
8509 3446
816 5509
7003 5770
4615 5515
2927 7042
8382 9293
8394 9185
865 4037
5537 8172
1196 3235
588 9965
9796 4235
9512 3153
8462 5349
6518 2298
8966 4572
8601 365
9786 2128
6204 20
3581 6084
2106 6397
5284 4112
2340 8537
780 2576
9039 9086
7026 1715
9635 1894
4553 6429
3485 462
6872 9685
2413 2280
1865 6104
5449 777
3196 5892
73 5451
690 3230
7608 7788
1106 7148
8457 2302
903 1420
3040 6709
3535 9643
2645 7628
7038 2575
3333 2352
1705 9918
7392 2515
1484 3332
3388 5322
9845 4145
2240 8880
7078 7529
7322 2785
6598 8722
4826 1999
9057 2569
3109 7281
1636 7614
1427 6479
4082 2323
2160 1719
8881 3136
6911 3227
6461 1474
5794 625
5205 5720
9124 786
2361 421
7183 5867
2498 8257
6966 3887
6634 3096
9885 7586
2015 2361
7275 2159
7573 3192
4239 6244
897 7564
9816 129
2302 4546
2780 6381
3116 1752
4370 2481
9084 9875
3048 4666
6469 6057
7789 2507
9330 9256
72 1801
7570 3837
3039 2701
7591 478
6241 5270
3272 7329
5629 3828
4478 3554
4136 2558
2474 9953
3003 5821
8206 3185
6547 2703
7536 9355
336 6229
2890 9145
9174 6725
6460 8299
8926 888
121 6197
166 7757
533 6703
2061 7845
286 7060
9416 5861
6400 3843
3888 1239
927 4481
4978 6984
6081 8198
7645 6124
6481 2667
4311 2214
5150 2210
2473 3168
4713 6222
6958 3817
4763 3718
9128 8482
524 9975
5387 6736
8589 4255
5568 1310
4639 3795
7796 3655
4154 8329
7190 1440
2951 4703
7676 8764
3158 8242
9135 7702
793 4680
2346 1259
8679 9463
4447 1725
9802 5691
7394 8737
2017 4052
844 5346
8607 2597
361 8492
3770 5111
8794 177
5933 3492
4852 2760
9398 9900
720 7945
6601 8051
5513 706
9771 705
1745 8837
3431 209
2972 8295
7645 3474
1570 5715
8222 4185
8306 9941
9873 3645
6826 1776
2194 4682
2512 1960
4045 3023
4972 2665
4199 8576
8523 2606
2118 9908
4446 3578
1828 4183
5033 6323
7264 7082
9396 9138
5356 62
2301 5732
8144 9101
3988 4524
9750 4801
3822 7151
3436 6411
7411 9590
2565 557
8704 6879
6264 7664
1558 7629
1007 5391
5129 4132
7786 7290
7265 3213
6474 6485
6988 728
8038 6230
9818 9269
281 4682
7856 4602
113 7168
5350 6288
8722 7500
1929 9862
4337 6438
8634 2189
3002 1113
1308 3210
2683 3540
5066 6551
3030 7820
5903 369
8099 5720
7371 4299
3131 292
6389 7386
9294 9791
5060 8216
4686 2124
9669 2946
7298 8309
1272 1434
7348 3603
2403 7285
2564 5751
8493 1725
4258 7589
3732 6544
535 3092
152 9423
6029 3007
1101 320
866 1030
973 2109
2474 5326
9892 243
9450 9613
7106 6084
4158 8799
6749 3125
179 9524
8172 7777
5069 4479
3213 996
531 2680
8752 2528
6590 7771
7065 2043
654 6743
1586 9631
4997 7072
7302 5161
3865 1054
7752 2603
4998 3196
3162 1579
7706 7081
2214 7009
4312 3722
1625 1901
358 1350
5410 8302
8238 7657
4440 9212
8545 3330
3585 4607
3455 148
8364 7589
7360 9833
9640 6416
6558 5178
4730 6822
9513 4296
6092 943
6930 6823
7640 1019
2784 8477
7201 4090
3534 1016
9098 2145
666 9365
5532 2828
2360 9802
4709 4422
1262 3212
6436 4706
7141 7114
1486 4230
3838 9680
940 6363
4170 1781
9883 2494
5009 3502
5114 1074
4621 5656
4239 316
4188 6690
4867 8005
6849 2928
8097 3756
4706 6378
1307 2674
2028 3098
1557 3195
8731 6610
5912 3235
1091 8708
2800 6279
2122 872
2607 4280
2843 1113
520 7804
5908 5112
3844 3533
8856 9272
9152 6007
8831 7168
9389 974
8817 3548
6863 9542
8927 8060
5359 8665
4810 7140
9193 1205
9082 8187
2159 8411
8840 9356
196 8161
3892 3543
801 7825
9776 6369
3219 1928
1634 7104
1211 8008
278 7200
8829 9478
8490 4160
8001 2300
5857 9830
7350 4408
4657 6343
6186 1292
9684 5632
6771 5468
1387 6528
3977 5075
3174 6363
5641 3566
5501 4824
4020 9055
6938 4420
9933 7611
2205 926
111 6045
6087 2424
8277 3137
2511 5452
7472 5465
928 3045
2309 2124
8537 4642
8812 6194
2523 7350
2818 7993
1279 858
3640 1443
3646 8874
161 7078
6262 4228
5976 5066
9692 7324
3016 431
2117 4651
5666 8020
5547 8187
2283 5905
5822 8237
4795 2206
5472 5123
4990 2538
1576 1910
9527 9317
1936 9553
3513 1253
2023 6964
8044 2709
2944 5458
8446 2290
5313 8355
9695 141
4869 5235
4051 3099
7451 8065
2964 9592
4084 6625
4526 5599
5032 5978
5457 9812
8850 3033
8819 3546
8656 7708
8123 7933
3252 1416
631 2202
2005 2884
6743 3586
1887 3692
9199 9947
431 4622
6089 5614
1192 5408
9169 4250
1440 1864
7239 5440
3827 2467
3361 117
7231 7935
3814 4867
9495 2880
7444 3095
9233 3743
7978 453
9560 3222
3423 6384
4506 2613
4729 4034
7594 4336
7031 9850
5679 5807
88 4009
6084 9533
9154 8532
1142 5866
4236 3301
3865 8105
4275 9114
5715 8930
3689 5957
9055 8209
4081 9866
8700 9013
1125 1428
3628 8418
1920 6240
6405 7584
9221 7551
9283 1705
5958 5161
6212 4591
4909 7509
8490 2307
1174 1810
6525 3855
5555 930
4215 8750
9623 1865
6774 7342
3724 3778
8845 1221
6109 586
6307 7593
2732 9731
7106 487
7357 6163
6857 701
4617 5570
6363 8063
5805 6864
14 5526
6056 6316
5517 2028
5152 2702
8263 7825
4654 3150
2317 4249
7085 9050
5144 2076
4143 6612
6624 8373
5608 3202
7606 2340
2673 6237
9835 3788
9702 9938
4567 6853
6056 7092
3939 139
7069 8247
2655 1981
7003 135
5757 3311
4160 143
9267 6648
4381 2371
8798 2661
3846 742
1354 7908
8404 1444
1450 2970
883 4538
7894 5230
6596 7625
4328 7611
7500 9175
2942 7458
7763 3325
4012 3349
3270 9658
9623 3438
6710 5134
3002 2486
4119 1392
5429 8238
98 1881
5753 8281
8291 231
8717 3808
7627 3771
7020 9981
5743 6075
2021 3776
5335 6800
9482 6781
4064 9209
897 1068
3371 9511
6790 5416
9948 8015
167 1041
4987 8363
6006 7498
8118 8425
2891 2971
2829 7370
5200 4464
2773 6756
7651 200
6710 4273
4167 1095
2733 3278
547 5908
1243 3309
9809 2524
1155 9155
48 4093
2976 3675
9843 908
8573 3889
1504 1807
1403 279
7522 8084
590 2515
9608 6408
5728 7327
7923 3601
9965 8488
5452 629
6134 6768
4700 9360
5022 5101
6945 4066
5328 3879
927 7839
3590 2349
2477 2509
9555 9633
9620 3273
2347 6439
4724 8546
454 2314
5055 4525
4272 3144
8572 3503
8508 2161
5813 7318
2684 9067
7657 5073
4299 2801
9931 7795
6579 6015
6833 2708
4007 7208
5830 3616
1339 305
6648 8070
2854 6387
2634 2874
4471 8748
4723 8515
6077 6495
7358 1438
462 3071
4536 2009
129 1096
9382 8409
8516 8119
9292 4804
7174 3660
7110 6712
7422 4415
1923 8002
178 1737
5797 2456
7521 3654
946 1616
954 4138
678 9798
6882 6201
3103 3354
579 684
6592 5263
1767 7155
7438 8782
7505 3918
1094 3601
3108 1603
6965 2120
9274 4012
9790 1879
1614 5189
1144 1846
8386 5938
5165 6944
9082 4327
8525 3236
4783 4270
2505 759
9726 21
7784 4864
278 1197
213 5227
2878 5372
558 1399
2364 9036
1687 3848
7471 2986
165 6453
4933 2743
6852 635
7318 2107
9794 4568
952 397
6961 6145
5048 7660
6777 284
8535 9785
2067 2343
7178 7754
6447 3551
3610 361
8031 3498
8786 3715
6202 9630
5908 3626
3690 3303
1300 4788
9934 8213
1627 9385
889 5179
5957 2856
561 402
3012 8163
7089 5668
3707 4014
8327 8593
8451 8628
7174 61
8473 3554
886 3392
6062 3402
2719 4020
2214 4322
1042 1851
7818 882
8512 5303
4966 6378
1344 9600
827 2649
6285 610
5790 8663
1974 2220
5639 4700
9549 113
2531 2454
7720 8811
3299 3208
4355 3667
6011 3541
7948 3946
2163 6633
5958 804
2265 4272
6391 5304
6846 1709
169 9505
2660 3493
8668 4288
4374 3041
6019 935
9601 976
4659 8447
6595 530
7319 5619
9267 2206
5758 9859
8264 7149
5163 5426
4656 4764
5413 8537
8651 5998
1717 5874
3310 136
2522 2669
9345 7732
4440 3166
1153 4782
7332 9805
1279 2554
2298 9220
2702 7340
1144 453
4057 6558
1728 5330
4555 4814
6682 4083
533 7997
1711 916
3851 5185
5887 8819
7687 6739
2796 2326
6613 1538
3869 3924
7269 8671
9004 5127
5997 7023
4280 32
9028 3276
2820 7827
3160 8276
9030 854
7177 7816
7449 9591
4556 7167
6459 8995
8264 160
8816 2480
1052 9787
6557 5924
4839 6625
2589 5755
4911 3096
7904 8021
651 9800
4551 2549
889 2560
3754 3059
5977 193
3682 9611
8223 9010
6271 5708
597 907
6002 3786
8103 3754
6196 8397
1701 3601
4942 1232
6036 8565
8511 9762
2893 1665
3594 5912
6701 9121
5716 9017
2948 8328
3562 6641
7030 3322
3593 3599
7997 2066
8868 5142
2580 9053
8162 8096
7085 7950
8494 6646
9501 6696
1701 2473
7147 2583
9755 5181
6292 7095
1254 88
1450 3115
6946 9720
9056 7656
3627 3930
6816 4695
1190 4499
9797 6214
184 2635
6737 7128
4605 5789
7864 4160
51 1673
6371 9690
1468 179
9455 7923
9648 4977
3979 3276
5464 6384
4125 1722
6404 271
3454 377
9270 6978
7449 4693
7813 5776
7984 2463
9051 1590
4967 7646
4488 9203
2295 7947
5436 8490
5116 372
4304 6419
9352 8826
7646 3561
6622 3667
3765 5741
4471 6504
7990 9458
8929 6856
3753 4991
3210 8083
3321 7328
4617 5985
740 3909
2470 441
2604 4674
8621 2554
7832 5821
5632 9797
3779 7364
9506 2784
3692 2420
7996 4869
2773 4691
2571 4113
7989 1814
7680 6581
710 2283
3023 2505
231 1377
6049 2036
7738 9995
610 9845
7207 7202
5491 8429
6392 9456
5305 7858
2747 9477
5244 9694
6499 8517
4345 7310
568 1239
353 4100
386 2088
8632 4646
4705 3590
5910 4636
200 758
5593 5749
8094 2143
2321 7539
7052 9197
323 362
8177 5070
4039 7797
4945 8536
826 7378
1249 1729
5341 7665
717 5766
564 4376
579 7237
9911 7234
1958 4050
1044 1915
3739 4470
1195 902
847 8331
8545 3959
8927 9281
7822 4522
1326 5549
4943 7962
3299 5765
4516 1018
7048 4821
1779 5024
4044 1276
2259 9205
9378 8304
6706 3798
6656 4086
6256 9926
5409 9691
6050 7338
7571 7966
5855 6795
9482 5555
8310 5064
5643 6273
2391 9729
5506 3589
2981 2157
2476 9917
5658 8837
9022 6814
8739 3046
6492 3583
2160 579
5602 2348
3366 5553
4863 5891
4332 1706
805 7210
6113 954
3083 1287
4244 1413
3003 4854
7595 9695
8436 3224
6797 4626
9897 3774
8856 6060
2335 3906
7355 3390
6259 7678
8589 6862
3794 1474
8821 6390
9120 7250
7903 227
2162 1270
8621 9302
5715 5577
4804 8278
7875 7579
3547 7405
9043 1775
9728 6855
922 637
978 1110
6387 8113
3719 3152
1373 2682
5432 7071
3082 1020
497 9856
8608 1535
2674 6293
6427 5389
1344 4675
5689 2056
404 7125
492 5345
5675 679
7916 2834
3364 8507
7666 2582
7061 2823
5694 8059
7911 3605
7859 9159
9253 2755
5157 7872
2177 481
8770 6578
4623 917
5238 7437
6696 5834
5637 8645
2345 2908
2677 3008
9777 8078
7905 1948
6 3972
1063 2422
3617 4553
5595 7251
2253 9131
9890 9323
9084 2682
312 9017
6594 3900
6762 381
3432 2380
6717 2202
3002 5702
149 3752
6938 7469
7567 6963
9787 2598
2823 3354
6918 4074
802 9889
8952 1448
2886 6847
546 1456
9021 6017
5864 9177
8486 3573
8483 3980
7012 5104
5295 2486
6109 4969
7741 7018
5884 7547
7410 3053
2543 4135
1286 584
3049 1183
9159 5978
2481 9388
6131 9908
3042 5002
5425 6586
4825 503
105 5432
9354 5063
6807 4555
1004 7811
2748 6564
1480 9605
861 1417
1150 3549
5874 5748
5407 6895
2136 3522
8340 5603
5408 4020
8982 5588
4558 1521
6196 290
8010 7379
9920 7168
6498 7653
2146 2294
2662 2652
6275 5168
2859 1563
819 3885
2025 221
9205 2288
1213 3727
7902 9843
6984 6802
553 335
1085 5374
2437 6566
6695 6810
8181 9673
4897 7285
3999 9122
9068 816
9278 9148
6156 3618
5345 4037
5707 6099
9193 5811
8757 4929
1694 2204
6459 8206
3931 5180
4832 2687
8894 8323
207 9439
5465 4325
3459 634
1108 2360
364 418
1352 8617
7425 6830
2741 2599
9897 4070
4973 5415
1793 7448
3223 7150
5241 7014
4461 3098
4007 6918
62 74
2306 3520
1069 9217
8200 8580
9248 3927
5128 9441
3025 552
2889 815
7329 4531
3858 4454
4208 5259
4079 2293
7606 3338
7475 8956
7470 2041
8720 9570
37 2234
896 4464
879 4622
8192 6307
3027 7647
8544 7886
2954 5112
3668 6998
1315 9031
4230 3476
3986 3874
9761 2359
5293 4895
1783 4735
5182 7306
1357 7491
8532 8915
9466 7756
5457 637
6267 8104
6157 3425
3650 4408
1746 7369
3602 6945
3166 1717
2613 2063
8004 6857
2950 7278
4699 6173
1223 6447
8557 7244
7997 3561
3705 9989
1599 9861
7906 621
9482 9665
7903 2187
9584 3966
9001 6731
9396 6195
7087 7548
5791 2199
581 5650
7391 8746
8432 4436
5923 2989
2892 1791
4944 2725
9718 8289
8415 1916
4867 5839
716 5520
4919 639
360 6419
6271 2399
3273 6953
2536 3596
7557 2941
7957 9100
5690 5292
5436 2261
7273 3288
1658 1475
3318 7334
8155 8758
2474 5520
1202 433
2145 9653
1543 3453
333 4916
5108 6083
3953 7012
4616 5974
8886 4415
1700 7687
5561 7955
7296 5023
3883 1648
9431 4936
8208 2156
9942 836
961 1522
9313 5589
858 286
3983 8499
2348 4835
2249 5242
5884 5893
6863 4969
3602 9583
1827 1123
8571 7951
4235 3202
9896 3077
7027 5023
2941 3160
8233 3659
8995 5472
2400 1898
7382 7869
157 1923
3287 4127
3677 8433
6795 27
5357 1637
4426 8429
4064 4657
625 8240
8237 5518
4800 6136
63 9767
5869 6936
2259 6460
3808 7404
4781 2064
8245 1553
8547 6572
5405 5960
9472 9562
7484 471
5123 4474
2092 5335
3037 6880
8233 1655
6007 1012
6532 8039
3706 7200
8080 4142
5956 6134
9208 6981
8490 3368
7575 1978
7952 7678
6254 1198
6995 3443
8401 5991
1168 5544
122 8335
6762 8400
4869 4291
1480 2914
9603 8676
9316 3675
4167 5322
7709 1641
8492 1836
5126 6385
1196 921
8037 9849
3322 3090
8372 2543
714 8541
3604 9536
3188 6436
5973 4034
404 6276
7775 6491
5165 5791
2893 1879
7041 5370
6189 5542
5434 2511
5633 1403
3557 4684
8208 3502
2 9171
5909 4219
7925 4264
5263 737
1672 1222
8416 4388
2679 362
4367 8636
8786 7414
5574 3796
9982 9984
452 2795
8501 9120
4651 2118
8129 7477
3 9772
2965 6689
9366 8361
6372 5784
4018 2987
5256 326
5962 1096
8764 1686
3157 2566
8450 1723
670 9074
1519 7195
7730 1562
4474 7310
1317 1683
9936 7428
8445 7139
3347 5372
8613 7671
8518 4894
6428 1855
1731 6274
3683 8189
5093 743
1795 4218
5614 8333
6373 8465
8082 9163
5895 5170
2858 3210
2590 2416
3315 6775
3278 8836
284 2405
9076 4808
6892 2361
1485 3036
7129 3532
8652 2948
9761 2813
4136 2951
437 5916
6123 6834
4777 2976
1588 948
6342 8258
742 464
1001 688
551 2237
929 2139
5538 4105
548 2969
1061 6482
826 5780
9764 8828
4737 1816
8372 4782
6584 4777
161 3300
660 1291
9224 1870
397 3144
7165 7840
1554 9390
1607 9600
8257 8702
4271 812
3424 7294
5493 817
743 4808
795 7988
9443 5353
9847 733
5 1971
9061 4583
8769 2651
291 7618
4896 4715
5332 3505
5390 2977
9326 7373
3436 8895
4620 4623
4367 985
4924 3626
6079 1642
9633 5247
4681 6719
66 5782
3822 8426
6314 5212
9042 8016
1478 1823
9709 9596
1418 9700
8109 9866
7868 8066
2627 7836
7815 3733
6753 9593
1002 2267
4738 5609
2455 5130
9490 154
7956 6488
5010 7070
3805 4050
1238 7099
4144 5094
8710 4393
8287 8456
7120 2472
6274 8721
5908 4487
514 6251
1735 5086
4255 6950
8977 2997
4251 4535
3807 9690
9885 2436
6369 848
688 105
6861 7370
7009 2453
7322 7620
3476 6942
838 2603
1919 6473
1441 9279
2877 6771
4928 4248
2220 1339
8443 5646
5648 2021
1070 816
4382 680
2220 926
9473 9793
2007 5759
4329 3342
3338 1212
7303 4708
1615 739
2707 1274
7433 4677
6630 1227
5116 9048
9696 1368
2496 6005
6867 3652
6337 7355
3158 2950
4866 8538
6851 6618
1237 7849
4585 9520
8468 9394
5914 9228
3900 1072
9246 8292
5149 6135
1183 5286
8203 3756
1691 6463
5760 1753
4085 8820
4247 9691
2516 4189
8627 1380
8643 5925
1990 6265
9279 3100
1914 1060
7292 7557
7532 4787
1409 424
7435 151
1895 2657
4894 8903
6973 1263
9691 9290
2375 9014
8673 7536
6475 4717
9327 2954
6499 5585
9194 4142
77 8592
2283 9540
878 5023
3247 2731
3562 7253
5989 2052
3566 9086
3875 9126
7991 5272
1442 4121
7800 8569
6845 1851
1880 6391
6102 8222
8449 3806
5698 5720
3875 6526
9576 449
7550 5355
3205 7944
7836 6811
9402 9263
917 3835
3517 2058
2456 1691
3492 7909
3001 2413
6637 4587
9181 4426
8137 6255
8384 7709
1804 1783
5551 1110
4879 9627
526 9016
6574 5835
6276 8539
9291 8999
5530 779
9705 8964
2784 7271
3489 6494
4760 4739
1152 9584
1241 2022
7719 6765
2077 9853
4426 5323
1219 7302
7442 1187
7582 566
1995 6915
691 500
2454 9180
735 4555
9496 5571
4384 1196
4506 8388
8711 8025
1367 8474
412 8043
1521 3769
7929 4606
475 2181
7518 5024
8736 1336
6476 1397
283 416
6490 5797
7613 526
900 621
7675 9528
3126 2730
3613 4183
1157 7169
5760 6234
1734 2122
6309 3010
8229 9168
4720 4884
8320 5219
8121 410
218 2166
2494 3314
5704 9729
1152 4157
711 2847
8305 8897
2212 2593
9740 136
66 8730
2093 3903
2632 1874
4053 5400
1024 563
7176 9976
3962 3983
3598 9737
3895 3415
2549 6041
894 2869
3789 8330
7514 4996
9195 592
7145 386
9767 8982
479 9589
7117 5433
6065 4675
9856 8299
619 4712
2498 7329
4491 4932
9022 8870
5155 5914
4159 8054
2010 3459
1254 4100
7404 921
3927 980
118 7948
1996 9537
3115 2192
9473 1417
5281 8749
6214 796
100 9406
1665 784
179 4867
6009 7392
2174 4751
7708 8888
2014 7962
6154 6187
2509 464
3959 8989
8937 368
5949 8266
4598 9085
4759 605
3529 4321
3160 7465
4173 9973
9906 500
6210 539
2159 4775
5705 8228
3596 4207
265 6362
9529 7999
5389 7959
4090 6764
7172 9788
505 4463
3296 7708
5793 9495
4264 9230
292 5220
7557 8654
231 2317
3512 2364
8177 763
4675 5547
4591 972
7548 9300
2259 7457
9629 8193
6256 8400
1126 7986
7280 6514
8250 7947
1518 8390
5277 3684
3885 7805
8173 1400
9695 9772
4726 3670
7902 8285
6124 5235
326 5854
1429 1638
8697 7344
9980 6059
8714 1993
5040 4705
5858 6195
7506 5388
2623 523
3563 1187
6544 6082
3171 5587
5914 1343
5387 6522
8470 9164
9412 8685
9312 5605
790 6994
2746 9980
1130 2583
5447 2775
5568 1657
4816 3216
9434 4878
9282 52
4623 3228
1150 6133
2873 383
4248 9176
2935 2647
3945 8184
7020 8407
1869 6625
9774 5703
6566 2789
1288 8979
9591 4443
24 1867
5785 8811
3282 7761
2249 995
5675 7997
8136 1621
6974 2092
6266 7351
8635 4205
1480 6705
7731 4339
5870 9730
5773 2902
4669 2620
8597 7874
6442 7332
4839 4805
3469 9251
2968 3077
9331 9351
3790 809
1005 4658
3987 9195
2399 3754
5558 3548
3794 2472
6441 8080
7858 4905
4372 6574
1376 4624
4241 2417
1809 6706
2126 5145
205 6120
7198 4331
3425 3441
2152 6253
8253 285
5734 6939
3047 1811
7352 965
8247 6940
5919 2270
1929 341
5522 4767
3598 7329
3372 9202
1291 8181
91 6887
3576 9643
7635 4674
8657 6511
5961 7483
7337 1301
4441 9884
1283 4049
3041 1671
6823 2589
3555 3134
3379 8727
3831 1257
3511 8336
6422 2867
3304 126
3856 9325
7678 762
2727 2922
7269 4035
4034 3025
4640 9706
8651 5215
4993 6452
5985 7794
9587 9515
4967 4911
3873 4493
7619 2300
2891 6491
7376 7
1672 1307
5260 973
6095 6039
4459 1523
7996 3676
5570 993
5314 7692
493 6691
1267 4268
6729 4358
2298 3879
6618 3425
1 2713
3079 1961
6251 6564
3785 3579
4523 1887
640 8854
5083 8306
1854 2222
5719 2795
3865 9083
6159 2396
6829 8712
3048 474
952 8372
7244 6864
9357 6388
1637 6954
7042 9727
6614 8922
9601 4721
9250 8823
8954 1672
1091 1353
6704 5322
8276 7662
7480 3581
1336 3432
4285 334
4689 5981
1839 4203
921 4278
2591 7993
1517 5152
8228 3358
6396 6846
7529 199
4188 3028
428 7556
4838 670
5649 1895
6069 5095
2766 5369
3291 8258
6668 4277
8669 1141
5660 5963
7490 313
5455 78
1351 2524
4013 6967
2862 5454
7072 1312
506 4023
8534 265
500 8320
3410 5414
5146 9445
4586 5758
3530 5722
9275 7070
9180 2355
7873 2965
9781 2202
4576 8565
3765 4940
1598 5416
8522 5580
3990 5065
5994 7151
2358 1319
5950 6047
2641 389
5921 7673
8111 3917
6181 6766
9336 6648
4190 565
6061 5815
3093 1624
3279 5214
7158 7442
4165 4355
6130 6408
5003 4771
7182 749
7966 8046
7138 4955
2640 7702
9324 49
4986 1684
8026 9536
1061 2435
4499 5757
2976 5187
2047 6723
3870 1559
3082 942
5909 1464
5077 9424
5727 6127
9637 5039
8124 1439
8002 3269
3311 9529
8265 2863
4653 4181
3899 4735
4689 7056
8844 5099
4571 6760
5157 1147
7324 2514
4562 7406
9883 6133
2004 6518
3683 9804
8287 3159
4163 7528
5454 4732
8940 4748
3179 4210
9271 7119
4871 4987
9821 3118
5992 2269
3244 7767
5125 9921
5097 2110
6924 6772
2408 3468
5645 2777
7366 1227
5485 3364
4000 2587
6372 2656
7785 3937
1279 8635
5336 6531
3726 4053
5495 7949
9511 9157
917 1598
4417 5571
9685 1899
1850 8287
733 4204
6818 6713
8920 394
4766 5654
3925 3768
5654 3922
1845 3607
6743 3544
4896 2239
6465 188
7633 9517
9801 7554
3574 7919
4009 4084
9073 6762
2604 719
9801 3477
6882 5526
2474 4171
8178 3790
6689 9661
4067 2017
8288 750
1393 7835
4544 4261
2031 1072
4186 270
3519 2420
4557 9785
107 5537
8172 3658
3952 5109
5373 279
5998 7297
5674 9933
2809 6571
132 7324
5963 973
6043 5110
1984 5251
5079 4596
9688 8609
8739 8817
9992 2555
4284 8957
8777 1084
3478 2491
4920 6031
3719 5091
6532 9849
8330 8353
1700 1261
1822 356
2750 5350
4981 3920
9313 3233
8261 3292
5980 2848
5578 1397
3028 968
7138 9161
9490 2707
9839 3709
2531 5999
9929 7352
870 5950
794 629
9490 2532
1248 5717
7693 3036
2190 7099
182 3363
2891 9086
4348 2907
4577 7002
5908 3706
5583 8783
359 1208
3832 1009
9905 9781
114 9798
4580 2688
4296 1467
4067 5665
7369 8096
5799 5168
1894 9607
365 9867
1239 809
3078 4501
6615 2433
3510 1249
4404 5262
5654 9819
7760 70
371 9951
995 1550
7420 4544
726 5010
9319 3795
1977 9220
4780 8177
5438 1572
2425 6632
2203 6589
8124 8347
1357 856
4828 4302
8544 1639
7761 634
3767 3756
3959 9375
138 3166
4544 5405
4675 3995
7391 8906
4048 5265
8109 6079
9525 4243
9991 8059
5927 2922
4622 9390
7601 9249
22 1327
4035 9801
9607 1671
3054 9987
8639 1988
5897 1176
5407 3767
1519 3844
953 5622
1279 4887
8201 8667
5995 7619
6569 7906
937 6769
170 3391
8981 8220
2722 3206
9421 83
2089 9585
6259 8347
9451 8014
7311 5900
5993 8958
8587 2431
2023 904
2501 342
9551 627
9040 356
845 2111
4515 1025
1586 2141
3016 4919
7842 2978
398 7544
9285 4633
9912 4245
329 3630
5980 2920
5614 5619
1957 8027
649 9150
6418 4111
226 2105
6420 1687
5158 1202
6372 4282
4565 3928
122 5924
2581 3012
87 6629
7693 6973
5260 864
7515 4611
4433 4638
4895 9333
1743 9401
9341 6939
6006 2497
9791 9085
248 570
49 1705
5708 1484
5123 433
8012 6834
1067 1579
8071 7516
8272 6559
3440 6077
6976 1997
6317 5453
6683 3316
8297 4503
6677 8604
4466 7596
328 7149
27 5791
784 6470
7691 8888
2157 359
4285 2769
7860 6023
7358 716
4814 5310
7203 6634
6520 4492
7648 9621
3298 5329
4161 247
9248 5522
4421 849
524 2459
6894 7333
3041 8839
7570 349
7042 8570
3853 9810
3889 9544
1181 8629
2248 8715
212 6649
6964 3760
3850 8630
1012 7418
7113 1512
8575 5118
3807 8031
7547 982
4415 2365
8583 335
5344 7051
5490 8442
796 291
3793 8494
2467 3847
9677 6292
5062 2105
642 3658
8348 4145
5346 4113
8544 187
9056 1839
400 6790
2038 1726
9104 4918
159 9227
2261 6850
157 9288
331 8358
9892 7322
8816 371
125 8539
9238 4810
756 5737
7125 2357
7659 5605
2214 6814
8869 7862
4681 5494
2603 8836
3616 8832
8219 45
4706 9075
1619 6642
1113 5595
7995 3787
7028 904
6184 3823
8230 1581
6986 4893
2917 8994
4127 1559
5436 4419
3949 6833
3737 2992
6412 9510
8527 5211
6025 179
7413 9324
2149 6363
2150 4896
1428 9105
6400 9238
9967 5505
8309 6369
2994 2775
5228 5785
1214 2726
3968 3481
5432 1394
9200 9298
3240 230
3422 6231
6540 9472
400 6383
9186 9424
2882 4151
5153 7276
3042 4333
8289 943
8755 3286
9438 3094
1787 2553
4713 4433
3924 3377
999 6856
3934 5822
2864 8099
7676 3365
8161 4849
467 2620
2955 2754
7310 6911
6209 1261
2988 2926
7150 8299
8896 428
9069 5370
496 4161
3647 3403
408 1353
1577 5427
1908 6644
2563 9854
9321 5012
8714 7944
3484 2721
4734 674
233 2504
6149 7219
5486 6664
7382 2596
4861 7844
9567 1251
9742 3620
5744 337
9738 1203
7214 6692
3073 8834
5665 2870
341 756
6918 5636
7181 4704
9965 8783
9555 6915
7771 894
2246 8139
4874 43
8313 5053
2629 6721
4210 8415
9373 3989
1548 6894
7222 9210
4789 6090
7754 9355
6145 9061
9685 5685
6597 1016
8999 6169
956 6878
9909 9103
2582 5927
7097 1470
420 3415
9005 3205
8349 2884
4356 7862
3917 3867
1650 8373
4193 2619
430 9885
5259 1448
3127 3579
1396 4474
1772 3921
4325 4331
9091 4404
8925 429
9219 1695
943 338
5929 3758
3760 9458
5463 4756
4429 9240
3136 3861
4435 3221
6638 4412
8869 412
4237 7127
858 1332
6317 1478
5005 8026
899 7071
283 1548
9336 3997
9960 2670
8297 3292
1642 185
2213 2991
1884 3575
2499 4619
621 1945
3001 3001
8687 545
214 9880
2872 3768
4585 5352
9588 1417
8855 8752
2545 532
6137 1960
689 5964
2363 928
4428 5322
3775 6840
6475 6679
1320 9318
446 4678
79 9379
3991 2744
3714 7822
5885 5717
2528 7543
6970 6762
7326 1653
253 5973
437 1473
1801 3339
1857 3129
1284 1267
1411 382
4665 3769
8144 758
2087 8156
7889 6586
8207 4447
9137 6489
9465 7468
3538 6660
9632 2556
3320 9328
498 6784
7740 8023
4369 9964
1098 5959
6692 6134
5875 8385
5798 9995
604 7339
4902 1243
2845 6127
7638 2568
6884 8826
4813 1963
2383 8014
7845 9455
7973 3872
285 7060
7182 9850
9399 3181
1014 1546
9675 5442
3182 8513
5539 4767
5867 8854
7277 2275
9029 9233
1100 7442
7930 5072
9847 4308
5064 6005
9673 1684
9222 4485
9423 6833
892 7210
6989 48
2198 8387
5690 2760
5429 3343
1343 1636
5934 8325
3723 9173
3033 5552
5186 1102
5043 5131
7657 8310
9724 249
7436 6681
5658 7583
4041 7528
149 4360
5970 2116
9240 1648
7135 455
1238 2746
2730 6731
9235 699
2657 240
7175 7036
1543 5211
9343 2731
9059 1297
348 5194
5999 4288
4801 2719
890 9815
9177 947
2039 5609
1678 1651
1116 2175
4355 3570
4916 3954
1948 7173
4925 1924
4705 3589
4235 4120
4255 7185
2723 5734
1782 4825
8753 4953
7036 4932
1746 7104
120 3899
5035 4240
8968 4108
6240 6224
4412 1816
9709 4619
1960 2740
9217 4386
5094 140
8574 8840
8370 5708
5131 9924
6764 437
8018 2114
1369 1934
66 9010
4211 2128
9998 9864
516 5833
5995 4330
8047 5082
2838 9701
3751 7497
2012 3801
6214 8688
1521 7592
8520 7564
8058 4539
9245 9759
3250 9117
3770 4510
6009 9374
8440 1875
8544 4017
6420 6668
6286 3342
1470 1834
5470 7249
8522 3555
4399 9353
3746 6145
5987 234
5553 7521
608 3147
8233 7493
562 8009
6638 6754
9639 610
5978 8371
2961 379
3911 7028
9688 6475
5720 8375
7557 2157
4544 6019
344 7618
3944 6576
6036 1869
9342 1020
3661 549
7953 4489
1265 8294
5718 716
748 6784
1558 4496
9714 1799
2349 4065
1017 5361
9965 9682
5084 8747
601 919
8713 8421
2746 4091
708 3825
3566 5116
5506 536
1091 1338
9439 3749
5601 6972
2264 5463
4269 5066
4786 7011
9207 8884
3153 5281
7917 5353
514 7802
6533 8545
7681 1712
7639 1124
7411 2326
1329 9665
7150 6724
9266 1400
4860 5044
3711 432
2028 3576
6512 1778
4961 6242
8756 1835
4033 4841
6873 5374
7543 9339
3237 240
4945 3493
2096 8683
8498 9677
935 4155
1537 2953
7979 3636
9289 9461
6432 3802
1671 4449
5518 5543
8927 9873
2196 5880
7640 2635
800 8032
8907 3068
3288 7733
7047 2900
2260 8462
3376 6917
3089 6795
9468 5816
3775 5053
2437 9528
9364 4553
5626 4420
1144 5545
1453 81
439 6795
2454 7926
7714 5616
5790 8975
318 5950
1957 6427
1299 2095
2734 1694
638 9232
7517 384
6015 5075
4944 1723
5020 1821
7651 1024
3548 8952
3066 8755
5421 1490
9259 8731
8095 6701
1521 7411
6871 8381
2267 1852
5485 4829
570 1273
4078 8698
2438 2673
6266 758
2794 9360
839 1686
2596 6022
1740 2869
3622 8102
1847 5311
9912 9193
3672 1542
1443 9481
1955 4529
9159 1030
114 1992
8358 9236
6385 1993
5463 4619
9184 1638
9684 6374
7221 7797
4204 6485
1159 7487
8962 9067
6260 3233
9019 6240
1052 7518
3588 2751
3571 6426
1099 6457
771 8817
913 7217
5336 1726
9886 143
8210 4612
829 5661
3318 8057
8187 1548
3262 2454
6284 8464
1060 6456
7767 2704
4907 9586
7925 5879
1590 4681
3269 3862
5407 7926
5515 6543
2722 5528
7757 715
9215 4383
4037 5926
411 5058
4674 6142
3023 3450
4246 8695
9144 7301
9321 137
3125 8244
3173 6160
5757 1261
1464 2748
7158 4633
2693 8943
6207 4775
7363 2578
3543 8680
3340 4527
9507 7425
5391 7512
492 8348
4239 4015
7999 1127
5138 5372
3067 5171
9523 5563
8374 5622
3473 555
2841 2057
8782 9888
4687 91
7040 7921
8906 6365
7411 5354
4926 6116
6212 2556
8484 6043
2696 5560
9561 6990
9235 6088
7468 4911
6850 1190
7219 1332
3202 5011
566 3383
4774 4353
6707 5141
3924 1481
3177 7136
7849 2007
5229 989
5473 89
8936 7671
815 403
1654 4090
5243 2333
6120 7208
9119 6243
1027 2680
218 9044
335 8530
6621 5381
8442 6788
7296 9787
5330 8512
4990 5460
2926 1483
6436 8223
7302 3200
3158 1775
2518 187
7627 8908
7024 9567
796 8657
2582 273
8649 3471
5636 1482
116 2057
1796 456
6595 1846
3223 4253
562 7731
9267 5007
3807 7534
3008 8391
4477 9548
6650 6626
9217 9779
3266 595
488 8225
6845 6111
6831 6835
5315 6351
585 1663
2161 3441
2925 9291
9624 2088
3574 2979
4556 5672
9361 3511
9877 5930
9170 2010
5329 8590
63 1892
5968 3844
9587 2577
5751 3698
5053 7777
4046 6385
3230 2310
3890 1168
9983 8344
451 1920
7897 5972
6119 4086
3802 713
1509 5964
6023 7210
1451 9519
2468 6543
4633 5698
8574 739
7588 2506
242 727
6004 8625
2771 2718
9750 1924
8743 7999
1946 7269
7803 3527
8966 1433
1243 708
9889 538
3419 8058
2009 7094
577 18
574 9534
6359 262
7972 1816
2446 7399
5413 2574
3430 6967
2941 4381
7639 3951
620 1543
4700 346
9480 8113
2739 5624
7720 3126
8046 8748
6522 8802
6308 5439
1357 167
9520 3547
8744 9019
6225 2848
8802 6392
953 818
4999 2139
9471 3337
3577 742
9613 9295
5885 6415
3282 342
1146 3806
5056 5584
926 9363
3983 757
5800 125
2393 7328
6703 6916
7708 9026
1417 4576
507 846
3685 6047
5853 747
4098 4259
4300 1510
1349 7042
6216 429
1767 8725
2514 7380
3221 9177
2561 2836
4302 6289
672 5831
1641 9233
7150 9038
4300 5157
9692 6379
9078 6376
4595 9927
9846 9549
6652 7805
2865 2410
8533 1165
3600 2632
3507 7194
6639 9652
3850 7276
9152 6257
7143 7503
7574 8948
6055 7234
3050 5943
3549 2490
170 5078
6240 6364
8789 8261
4442 3062
6192 8231
9274 6086
36 8296
9171 1425
1293 261
5339 4302
1980 5199
2621 2937
2183 9820
9399 4353
5092 9382
333 905
2113 5450
964 7002
2223 7065
3624 128
7650 7962
1110 4857
6675 2598
4402 266
2142 8779
7267 8281
3316 4826
946 6147
6906 6122
7279 5528
7449 1842
2284 7130
3820 9874
6015 9394
4117 5867
8516 8987
3031 9730
2329 9861
8621 3585
2833 9571
9362 1654
2946 8381
3208 195
1095 943
6721 2620
6782 5208
9065 8780
9146 2780
2586 496
6578 7699
2197 1834
17 2360
7856 3951
5380 7370
3939 4218
5567 7054
9754 3511
5640 6667
4502 2664
5178 9548
1788 6820
9940 8498
8244 7363
88 3024
3643 1891
5580 2045
5585 2374
6668 2245
4044 4386
2422 9752
8148 5279
1244 8554
1637 6765
1526 5745
5824 5819
5101 6635
2425 8465
7825 6533
3690 4951
1364 7108
5119 5996
3565 8640
6489 3840
7543 1668
8075 4729
5439 6720
7104 7042
3897 2791
5923 2280
2699 4881
4533 5388
496 970
5834 4947
9638 5585
5244 8105
9377 4250
6455 5401
7318 1901
3883 3239
1200 5461
6126 2182
6319 5425
327 9682
9556 8806
3652 136
87 8651
2725 1705
5841 7627
3166 6155
1746 9559
3257 4279
12 162
5026 8060
7397 723
1993 5083
954 7094
6723 5321
8375 7179
9354 9856
8095 9430
776 3198
9226 6797
8640 2292
2130 7677
5894 4952
9141 4150
1537 7235
8262 7738
5056 2148
9660 1746
6482 4412
914 7769
4492 3808
7973 9663
8040 2954
3161 1879
9264 4008
9845 6985
5719 8556
2274 7345
1344 330
1023 6830
1525 5149
352 7860
6337 4482
8795 3546
8694 6794
7129 3309
6649 7421
6827 4107
8529 1378
6243 2121
3051 6952
6726 7566
4057 737
4081 1845
9950 2961
7873 415
7075 7043
2857 8639
4406 1524
2496 8204
1350 7110
7344 5618
1944 8799
4073 4449
2853 9399
4219 2973
6921 94
7056 9868
8726 7251
720 8779
2991 3822
2634 3914
4365 6631
6802 7243
558 4780
7501 3655
2049 8127
3846 5321
347 9030
6461 1360
7477 5994
947 6897
5739 2520
2704 3860
3870 6995
4685 2578
3843 7648
8538 237
7827 3016
377 9896
8313 3593
9633 1707
4455 6374
1388 6528
4481 8434
9449 4169
8879 3673
5691 5527
4768 2616
1959 9156
5954 4704
9050 5675
5259 5271
3057 1018
4851 822
7680 375
8487 3484
9628 7064
3064 5257
8736 4681
3562 6132
956 1962
3590 5158
1249 5375
5464 1677
8246 1150
4545 9946
7014 4516
8230 9987
3760 465
5711 6754
9862 9671
2361 5075
286 9327
8517 8010
340 4884
5446 1451
5894 6677
8135 5824
7863 1735
9491 6183
6364 3457
9691 6609
9026 6319
1108 1588
9238 9584
2246 8042
6955 6872
446 4784
2232 8846
1756 2920
7927 5791
6854 839
6488 5897
3347 680
5468 5953
6625 4311
8442 7470
464 8566
7549 1227
3125 9403
6499 4969
3944 5984
7840 3738
7494 7634
2473 9064
8607 7283
8458 4476
3449 441
7152 4231
2091 268
5104 1564
3299 7051
6478 5828
7681 5192
9655 5785
1146 5591
9816 7131
2629 7539
1316 2414
3505 3658
97 7834
6286 1212
795 9018
9727 2655
5936 8621
6318 4894
9331 7704
1224 6437
2394 8659
6973 3175
2400 7847
4065 1641
1011 582
7534 9492
6855 8723
7008 3350
3697 7398
1159 8962
9532 9561
2825 2171
7592 8045
1501 2589
9398 8022
1840 1157
7133 5499
9412 5203
9800 8231
1805 4959
4054 9803
6274 1602
8809 9801
2658 504
7239 8762
2092 1445
6460 8090
8277 2045
5638 6439
2934 185
6120 5637
7164 9993
4712 1324
4791 8605
304 5960
9083 8955
560 1945
1873 2573
9274 5985
5655 1903
6501 6440
268 3445
3388 5115
3749 9395
2492 4505
523 9715
5353 2261
3883 3603
8809 1783
9188 8020
6823 5387
700 9436
8754 48
3948 9381
8587 265
3327 8620
7307 4544
343 1875
1642 2910
280 8175
6089 6885
3371 2666
3017 4038
237 1650
5266 7003
9549 9240
605 9630
8369 6099
1354 8368
114 314
7163 1331
7995 5901
519 9296
3294 7901
4552 4387
2559 6960
2637 537
4647 8350
7241 9241
1922 6422
3602 3368
1457 9386
3635 5587
6041 8318
9738 1065
6035 6269
6875 8479
8074 7236
6587 9498
736 8005
4181 488
7689 3686
3033 6552
3277 7247
1688 6333
2842 432
3785 9839
657 4328
3800 8377
2757 7663
3905 5708
7839 2237
4585 1627
5212 6336
7478 4253
7853 3323
6578 4799
4021 7409
8396 6575
3871 8526
4278 3506
5110 9022
9016 2350
9419 7172
5996 497
339 2117
7952 7176
2630 7450
4807 9129
5585 1682
488 9450
7237 893
5613 6135
8902 562
6806 9568
1180 5082
2868 3288
9477 4114
5278 2919
8401 1149
6015 2137
6741 7456
8725 3917
9497 4373
3572 8136
7370 2488
6337 7855
3240 7693
9368 2144
3545 3192
1079 9498
9285 7987
3488 256
8519 7020
3243 4905
914 4660
6993 9571
7002 7073
4482 3276
4823 2557
752 7864
4278 1956
5458 3758
3847 7866
6338 5739
5568 4355
1791 6637
4360 5129
5164 6792
749 8058
47 3125
6879 184
4979 2734
9122 2743
8486 3092
5920 8097
1292 7865
7413 2645
1162 5974
913 3332
8508 406
810 484
9167 7209
5831 733
1591 3026
2550 5662
6939 8266
4583 3160
6116 8795
5246 7490
2722 5205
7493 7044
8151 300
1431 5196
4793 1080
5623 2428
9524 7635
4455 6681
1446 6239
1233 3918
4530 6174
1538 6871
8830 8120
1081 167
3252 888
4717 9538
5076 2655
1156 4899
6289 3936
5549 4568
6112 9314
4855 5985
6348 3378
5223 4100
85 5918
8358 5996
8123 6090
849 6229
3640 4239
6568 5698
6276 407
6431 920
4606 8659
1679 6448
2970 1221
8534 5192
5821 5446
2675 4979
7763 9473
5339 4964
5210 9734
3047 2887
9940 1160
4068 7161
4857 7695
5249 7723
2179 2951
2916 8499
5952 9295
3622 2778
6307 3147
4226 3359
3986 835
8794 9346
954 9218
3442 7962
5351 4023
995 1664
5741 6343
2009 5938
7202 4713
1814 3969
1137 1785
7213 371
4536 9429
199 4801
9386 5475
7713 810
463 3001
2956 5311
8207 8740
9484 2389
5259 674
1274 4790
2084 903
7442 3936
6945 1036
1974 3908
5950 6283
4425 3176
3480 741
6740 9814
5905 2428
5620 1115
5282 2889
7258 4136
8404 3559
410 9573
2198 358
6044 8505
7515 6649
1135 6243
1417 3672
9409 4580
3754 1663
8968 6658
5486 9197
3548 2375
7096 1622
2362 2384
8877 2098
4371 5199
5288 1259
5930 3578
9769 5315
1050 6985
3745 6268
8670 2395
5479 1166
5815 6946
3766 2900
8346 3202
8877 3295
2927 6358
7533 6514
643 5884
4015 9908
1975 4388
5916 9601
6174 8884
5762 8601
8499 5239
4902 7312
8305 5977
9884 4188
4025 3165
8913 219
8687 8839
5490 1322
3213 8851
1058 7982
7087 9340
5560 191
3894 5765
9246 4936
2789 3332
3475 3417
3703 8770
7002 3173
6391 1372
8089 8708
806 9189
8923 2258
104 3778
4223 7230
9895 2540
6534 780
4975 9554
5304 804
2256 6532
2256 3232
3552 1289
3420 6738
8566 5178
9822 3212
8112 2628
3997 2470
8430 9562
3653 9739
9716 1313
355 9196
6220 3347
8809 3835
4130 9693
5312 4066
5638 3328
4113 6106
6110 1507
1595 3876
737 9279
3089 6772
829 9186
4665 9568
5121 237
9757 7749
180 9510
622 6627
5324 9767
8204 8108
2104 6957
2415 3545
4647 2553
4386 9637
5631 5106
9922 9455
2695 1826
3283 5005
684 3861
1339 7828
5456 4349
8117 3665
7654 320
448 7987
1432 8536
7358 8318
2913 770
7157 3353
8771 1872
6769 8289
2259 9159
1600 5412
2984 6978
4596 7783
7103 8125
9397 8561
9002 7290
5741 7341
2428 5936
3306 1516
3967 3366
3471 1553
4366 5773
6083 8659
6795 1940
9632 9886
2746 3393
8773 8946
6756 6495
3797 7618
2038 7434
5142 503
111 9429
3651 2763
1797 5780
827 4334
2049 2034
7935 5941
254 2509
9367 614
5838 677
8462 812
7045 4800
7554 5577
812 5929
9637 975
5999 1292
5791 7894
4575 3820
6009 4778
3345 4174
1011 2714
7598 2747
4719 2714
8961 3874
3731 1634
108 1171
6635 5788
2563 9525
3590 7306
7615 6993
7236 8189
780 2596
6206 4879
731 769
798 2155
1409 8877
3282 6079
3270 225
3982 4817
2743 8572
3927 8375
6213 6927
1560 3261
548 8094
801 7363
2029 2198
8371 413
7148 8561
1941 2433
2530 9635
7490 492
2564 9889
3257 4526
8202 8485
124 9961
2225 9788
1233 2358
9690 1751
3892 9455
4744 4669
3379 1798
5510 1064
4976 3357
79 3508
7235 1900
3668 6307
1478 2223
9610 2395
9335 7621
1689 1974
1689 4738
7230 1137
8835 5709
6729 6829
7951 3827
5552 7746
924 258
8203 7399
3421 127
3830 7851
3400 9809
5874 8335
2472 4579
6035 7386
2140 1318
5619 3716
4885 7724
9310 155
1708 910
772 6065
4089 9240
91 5819
6877 5080
1563 868
4569 3282
7887 1736
7973 4046
4986 4217
6154 6441
9120 4270
7128 3296
6057 1903
2193 4600
3873 5658
4764 793
2427 3377
2835 2254
6297 4650
2245 9286
9318 1053
4741 5158
3340 3962
7625 1061
3774 5760
508 1759
4480 4119
3004 9683
9929 8375
7180 9045
3176 6287
9315 7676
8940 4447
316 917
9947 6094
5684 7102
6236 7509
4080 1228
1741 9377
8468 182
3773 3381
8044 9719
1123 470
6983 8432
3029 6653
2647 7507
2578 7817
1266 3849
153 3546
8388 2541
7871 4775
7611 2959
1710 9545
7737 3715
5168 3758
9558 4015
984 6647
2764 272
377 5066
5545 2325
3949 592
9536 6915
6975 408
9544 3327
8977 8466
9339 6855
4247 6421
8441 1418
1034 4859
899 5707
5463 3055
7328 7826
4541 2341
1771 9211
9267 7763
3842 9188
9151 8448
5033 7507
6447 3964
8549 4431
7828 1192
9858 466
7107 7865
6270 1357
3394 4409
859 5780
8513 7814
2017 6894
62 8322
3241 1334
191 8305
2195 5341
7789 1598
5457 8565
6419 2070
8138 4199
5779 2747
2696 2222
4977 4898
1674 5706
1974 8117
7811 5167
3438 8547
5657 6915
8234 5163
9191 5619
3807 3732
8379 3342
6054 6632
2792 8760
3898 101
6277 4649
9261 4779
3949 4924
9139 4368
9662 5297
9172 1039
9930 8379
1951 1172
3304 4658
4450 6834
1219 1937
4195 4669
4762 9545
2170 240
783 9917
6900 4937
4360 7412
6850 6616
65 9003
2072 356
4120 272
6398 7365
1408 8408
5154 7179
9215 57
3269 8502
2927 6305
6265 7803
6448 9741
6633 7574
5701 1475
4273 146
1011 4665
3410 9075
7621 9675
8848 2524
106 1049
1635 7497
6261 2438
5689 2407
28 8570
9746 9703
5595 785
6675 8191
4302 6666
8500 9912
3450 8121
3426 7521
6532 5574
1438 2138
5656 9228
3755 3482
532 8426
7812 7354
8986 8181
6084 6424
2770 6292
5052 3829
5013 9587
9120 9911
9107 2049
6618 2552
6638 3490
7926 8565
8653 6621
7572 8959
6346 1406
2154 830
4452 8550
3823 6745
9518 8582
6097 6399
5790 4152
2992 2993
4495 150
4257 7765
1679 1089
1531 4693
1330 859
2461 1070
6925 8797
6166 3074
2395 2258
4604 662
460 378
9318 2132
3281 4024
7362 3850
641 5125
1360 9754
7736 379
8980 2184
1282 906
7192 3887
7284 8646
2519 3660
7172 9334
3556 2049
8588 7
8385 5652
6523 6520
3896 5597
3523 5212
7686 5051
7532 635
5979 2304
1360 5328
3963 721
9597 4284
4288 455
7366 1058
1461 4464
2850 8985
8076 6542
6812 5693
6426 7527
449 9839
1958 4835
8981 1952
2637 1378
1454 9338
7121 595
5799 1271
7893 4254
559 3208
1731 4571
5816 8111
8774 6121
5112 709
2208 8600
4443 3525
101 8319
7263 3935
8190 6519
3590 4854
7640 6925
2856 9554
9810 5652
1310 15
9506 1377
4648 8716
4113 2093
3800 8765
7882 5079
4229 6586
3087 3487
5929 4286
5652 4412
7411 6712
1538 6503
3270 9053
5829 6654
3816 1604
7087 9538
8772 8040
7603 6553
7737 3050
42 5229
3160 1165
4882 6650
4729 5944
1337 1300
4055 7896
6534 7311
9215 2699
1297 9445
5702 1541
86 6884
9616 847
8071 2717
5225 4259
967 9590
5696 3890
3279 8969
407 7326
2764 2355
7813 9744
8655 7094
2836 6387
2460 3159
3507 9767
9260 3296
5972 7231
9339 6495
7007 387
2650 1510
2046 303
7758 1289
3599 7106
5087 9267
3797 1136
1578 4785
775 6465
656 2997
1536 2447
8421 3444
1533 188
737 8841
2082 954
6594 8576
3254 2673
968 7435
5682 5516
2024 8929
5381 9180
2042 218
1011 8516
1899 4996
17 6587
8700 4321
9659 573
4368 9591
6031 6746
5570 5598
7551 6982
7901 4230
2883 3335
3970 4990
1173 7034
566 5630
4467 8527
4129 7550
8352 7800
5744 7996
9043 5278
3619 811
3350 2316
8608 5198
8232 4114
8798 8209
8492 1475
4619 5009
8136 8151
951 6318
1447 1610
1542 9008
9991 827
8578 1567
780 5214
5639 5610
9243 4523
4374 401
1776 6140
7410 9371
520 9091
3093 2113
1816 4930
1100 5409
1444 8032
5031 8268
8632 4395
4123 3064
9507 8801
447 9230
5767 3989
6962 397
2971 5745
9539 9429
2393 8558
7944 7533
5504 1389
1128 5279
5202 1585
961 3750
1911 8595
8738 7526
9769 4893
6066 5397
6774 6384
9496 9706
978 7870
6672 8597
3042 4688
7116 4039
7809 5665
3761 2789
1183 1360
1030 4905
5661 7331
3592 9617
6098 9167
1177 7470
3449 4336
2636 2263
8721 4104
6107 8291
6283 3000
4226 5874
6256 4664
3249 9925
7865 2053
6173 1682
1589 5165
9919 5425
4694 9861
6451 2769
6996 2804
971 5124
56 7909
5722 2910
2338 3065
8794 3258
7077 2450
3494 4789
9621 7722
4800 417
8448 1738
1564 740
6450 2579
4963 5270
7871 3144
2194 6870
4893 7954
3096 6326
2807 4075
3787 2922
923 7555
6644 3870
9437 8703
5486 1949
3922 9156
315 4266
278 3888
5263 171
9766 3442
2515 2792
4519 3997
9939 2113
3165 5017
4737 2486
1573 6338
1456 2956
3867 6519
8793 2719
8516 1100
7913 1098
9206 9977
4945 432
9003 2344
4469 3015
3714 938
9918 7688
4126 5923
4360 7121
3653 5370
3124 2979
7218 1162
8023 9459
5523 1508
1545 6237
7435 8651
5416 4524
3025 7702
2274 5508
4720 5329
1374 4729
9717 6348
2148 7381
7716 4027
1488 2326
9444 9764
5507 1149
7390 3300
6866 6288
8465 4986
1141 7240
8017 1995
8105 7300
2036 8076
575 885
9844 1115
1163 9712
7039 8631
1925 687
6074 7827
4747 4496
6106 3207
8829 5972
4441 127
5232 8625
7799 6442
4060 4289
2743 8204
8478 7809
6701 5676
2775 6739
7751 4967
9258 8092
1729 6795
5474 1158
8767 2989
4618 2879
6567 6020
4771 1513
1012 9339
5057 1960
6676 1043
9998 2663
3643 9022
2742 291
8350 133
1418 8574
7209 8388
7213 1806
298 2393
1482 4187
1475 1512
9739 2468
8236 9449
6083 8363
718 7960
2550 4292
5529 3509
9660 4362
6079 4210
7922 7883
7719 6680
9816 1143
9995 9778
6531 7396
5082 6543
5325 1901
5095 4196
8672 3838
8471 1384
8767 2362
839 8343
2750 8726
7237 5088
6725 1691
7986 9623
5136 4807
2758 9075
6785 5340
396 6049
6093 8368
3249 9807
3355 9404
3945 7794
5385 9597
7067 5425
3446 8150
9696 743
4425 7212
9687 6405
9497 6920
5060 2237
4498 1113
9549 1832
9766 3663
6684 7265
7274 2641
3328 5624
6501 5944
8843 5393
9188 8610
821 7330
7625 5232
9255 8600
9431 232
7890 5186
5224 9875
2374 1253
1831 9264
7739 5222
9878 6768
5003 4947
7914 9720
613 923
7210 7426
1212 7265
4627 2524
8790 1053
775 7943
4478 9418
809 8185
4723 5129
1154 6988
3143 6173
1168 13
4496 1918
6210 3069
1994 166
6157 8740
1074 3286
954 7673
2957 9698
3093 2363
4527 9041
9487 3499
997 7118
8254 863
7436 5706
9320 9201
8919 8647
507 3118
5020 30
6216 4664
6456 5274
579 9092
7223 5531
3365 589
6204 8229
762 5775
5679 7518
4964 124
6954 7475
8326 667
4796 3811
1577 2724
9366 6434
8682 8693
6144 4536
6666 8368
6901 5072
1229 8139
738 1337
1676 8238
7691 6792
819 3977
375 9716
1555 7179
4671 4313
3249 796
451 8230
4325 3236
6324 6383
1164 4609
2475 4587
7383 6693
6385 4391
9594 4310
2613 6641
1517 4301
9913 4269
4015 295
5541 6324
5582 4327
9843 3776
7103 2306
9857 1218
7677 2897
5250 3196
9874 1699
5853 7303
7247 2344
9869 6079
9402 9783
815 4529
7083 3833
4663 1140
8814 2299
9691 5693
820 2272
8422 889
4977 8061
5447 9783
5231 9228
5583 8027
3754 2569
1575 8109
9075 2104
2487 7864
317 6605
8352 7099
3795 5042
2340 1099
1744 5
1064 6671
1701 1831
3993 3203
3286 3230
4052 598
8317 435
9276 3660
822 9317
6151 8252
3682 8933
2258 1490
7204 1736
9257 687
1110 4792
3648 2100
6789 2947
6941 1819
5505 426
7402 4446
2895 9828
2680 4574
5703 1784
2023 7085
4757 918
8607 4676
908 3391
7739 1102
3582 1752
9673 3883
9845 2188
2107 3038
8126 9799
1592 3167
1433 6923
4763 4874
2490 7983
6403 6703
9387 1947
6482 4208
1464 1277
8991 3925
9937 663
2548 7339
9915 6078
9040 2289
47 4973
5269 2426
3882 8624
5803 9005
9756 8969
4172 1064
2313 8911
1494 585
4651 1722
1116 6420
4269 5880
1733 1312
6769 5947
267 7545
1436 2825
7758 9839
7717 475
8367 9334
6121 9662
9749 7957
4458 5349
6619 8759
27 9492
9472 2508
3206 5735
4837 2665
1350 1257
7379 6628
1373 8734
6595 1673
2591 8025
7891 7944
1797 982
5480 7284
748 5794
7446 9205
7475 1229
5882 4487
8288 591
6657 9833
2924 2849
4174 7023
9362 8191
9496 7025
1940 541
4041 3930
6694 5759
3984 4873
289 8015
3104 8483
4178 3626
511 1103
5592 1651
9496 4024
3545 3311
9369 4735
6173 2648
2822 9367
6354 5035
6612 4695
4167 3049
1855 2380
6913 4329
340 2100
6504 4117
8551 8451
4523 4040
2143 2146
2024 5639
8869 5147
277 4821
3401 8607
5162 1612
6605 2048
9524 9899
6103 487
1252 1859
6723 9999
3022 2809
8943 3368
6859 552
4126 5621
9687 4684
7030 5710
3267 6375
306 3471
9460 4815
6048 1399
6690 1406
4707 8618
1850 8641
98 2736
1741 9418
1432 675
7599 8223
3810 5829
2456 7704
7348 9256
6054 9236
116 5716
1961 2805
4909 6628
3702 8831
926 1641
7157 4045
905 9221
5971 3196
9972 1362
5281 9790
9003 6441
2435 4329
4924 6459
9137 5814
1017 348
6233 2674
4426 9250
11 2192
3208 4474
8588 8308
5331 708
228 6073
9885 2610
2400 2877
6525 8509
112 160
5598 7168
6282 5369
4301 5723
2085 4464
7006 129
9311 6277
5447 2298
2344 5288
5123 5650
2213 1247
4992 1960
5133 8643
2465 544
5887 3714
8862 4610
539 6351
959 5160
5796 6798
9557 3636
8245 1129
6113 7928
1368 8109
2379 7451
6848 5981
7884 7051
5393 7070
9876 5094
5906 9754
1685 9471
9794 1181
3941 3567
8512 6027
3808 3586
8482 3816
597 8486
7615 1118
52 7071
7957 363
2054 4150
9140 6560
7573 2997
8288 3187
495 3564
147 3710
4327 1200
4680 8125
2452 9799
8754 1556
2625 717
4243 5703
9067 2305
1269 6993
6646 9400
4133 3981
7961 5914
6354 2256
3853 3984
3091 2189
4993 6188
9678 5183
3305 8017
1522 9155
7051 135
7438 3691
6096 873
7591 7388
4281 6150
982 5760
2936 7331
5544 6342
9090 5943
9292 6733
2532 7405
7640 2268
939 4774
9653 1725
4090 1284
382 9469
4392 1600
6821 2494
6415 3302
751 3702
5999 756
2562 4414
1272 3582
6206 5267
4308 893
2609 6167
7930 2427
1009 1249
1644 2248
6839 2473
4474 809
574 8637
4797 2435
3064 384
2237 916
8489 2917
2443 9195
6906 4104
1960 315
887 4597
8684 2332
4738 7343
9952 5002
3646 2347
5748 5380
4884 6418
3770 1870
6433 3955
6633 2639
2678 9486
8779 6804
5223 8634
8415 9755
2333 1023
4264 1913
3892 3837
2395 9269
2477 4516
725 3466
621 682
1571 953
765 4968
761 1029
2280 5085
6332 5189
1503 5161
39 1941
2472 2707
9722 3941
9051 84
6150 7432
8676 3370
386 743
9764 1510
3769 6460
4816 2094
5818 7
4176 668
9703 3357
7441 5869
7958 5331
7156 8002
3171 2455
2397 1266
5708 9416
6724 4934
4836 5193
6839 7964
3744 2194
1382 5382
3405 2383
4678 7432
6520 5471
5951 108
9428 9910
8446 1489
6824 347
516 6776
7230 2811
3012 6886
1702 772
361 2646
1313 6939
4686 5844
7414 5159
9492 898
192 6691
8160 6807
7725 9296
9801 570
3345 5184
7902 4380
3313 5676
5807 4796
4393 1776
7199 4272
7958 4986
2777 6242
3661 2078
6088 8049
9890 52
6749 3580
6498 5368
5132 9803
6874 266
2159 9606
2525 3036
5810 3883
1409 4359
7557 2524
2146 966
1246 4799
3022 7640
8692 9580
7880 5010
2885 4099
1526 8379
8576 4259
5795 6863
5996 6948
9805 3533
3184 8766
5896 5001
4856 8048
4089 4698
5751 5786
5099 2893
8623 7939
3102 6160
9562 339
4227 6616
8357 9498
1057 7723
5392 9624
579 8183
2671 4019
2776 505
7196 5572
1106 6967
5042 1337
6119 9239
5811 4501
7395 2821
1860 9516
7540 5569
7036 8920
5405 9615
9176 2278
9652 4581
90 8713
4035 1392
2533 1318
2442 4527
9171 2023
8571 9318
9183 7161
2061 3709
9387 973
5259 7295
6668 8602
6386 6780
313 8089
278 7015
6655 2360
7373 9416
7104 312
4658 6778
575 591
1700 7198
9829 4215
644 695
1776 3613
635 9308
7231 9779
2577 8746
887 446
5495 7967
5873 344
3758 9840
7001 8799
4318 4148
3985 3284
5936 9286
7452 8302
9316 4647
4627 901
8300 4569
803 8791
8319 6853
5581 4758
1495 2230
2053 6935
4051 3868
5860 6004
1782 5499
2646 7739
7414 2297
6765 2830
4030 7299
8732 2081
2364 5272
9868 751
100 9948
1402 2806
1371 9271
3447 7622
236 7636
8871 6357
5143 4658
3683 2110
8301 4374
9863 3405
1493 5287
6612 5189
9691 5201
9375 8234
3867 5427
8112 8967
570 6001
2708 474
3134 4594
5804 9347
4273 8530
7756 2041
7394 5314
7853 2772
5875 5155
411 2564
7244 2959
6855 1688
1111 6720
5062 6664
6930 5991
9200 4317
9632 3110
6738 5427
168 550
6636 4525
2356 6338
2868 8529
2100 8346
4306 3128
9753 2162
322 4128
730 4128
9061 8650
5810 97
7967 2348
4879 276
9674 6239
8085 9565
8434 7442
1257 1268
9896 3749
7079 1668
5456 1103
8845 796
5426 2841
6493 7633
5404 1249
8831 9434
1726 9992
2460 6899
4781 1140
2628 9083
6848 2879
9529 8373
4582 8534
7794 5995
3951 5082
6745 5462
1502 8370
9341 5271
7166 9896
417 4674
4265 1511
7355 6734
4402 4132
2550 9446
1725 6466
8640 2954
8802 2732
3757 7951
9341 7103
162 9515
8849 4205
4555 9034
9664 779
6197 6892
4085 9955
5972 3252
2138 5875
9375 1562
3218 7581
9743 5754
7920 3285
9876 5028
4078 7334
3472 8842
5256 9229
9785 8372
14 9724
8235 287
6005 8409
3588 8570
9783 5612
4615 1447
1534 5956
170 6112
8301 6099
2535 3104
7639 2013
8414 2550
9462 941
4098 310
9797 7889
200 9863
8407 985
3195 9909
6862 5083
5162 7472
8484 4770
4552 6796
1269 587
8204 8416
1411 4326
5839 4007
7649 9595
2016 4769
1481 1954
5027 9139
2134 8906
1181 1699
1194 8419
1418 4941
6234 4900
1784 4049
4061 6965
1641 5042
176 8854
8229 2728
8692 1575
7510 1743
207 6318
7977 9414
3047 5892
2468 6289
6474 5512
3802 6904
3321 1706
7817 2885
3016 3953
1693 426
2368 9110
8218 1673
8878 7543
5718 2186
6209 453
7675 568
6431 7766
3866 8740
833 3235
2931 2001
2290 7339
3967 7030
7444 6671
2006 3183
4411 452
3289 7213
8143 4052
2841 6833
2223 2077
5309 4085
1545 5040
6577 4291
1779 7251
6882 2027
8453 3968
9506 3442
300 852
5626 5918
1369 5409
5395 843
2832 988
2124 1161
5546 7743
4232 5035
6675 3080
2189 4521
8748 2120
4085 6159
842 6742
5744 1836
7589 2362
8673 3940
9114 2194
3981 6767
490 2848
9135 823
8569 9609
4055 1070
9039 5287
8214 2822
4698 3321
4115 9014
2283 8494
1913 5868
7092 9774
7255 486
8096 6737
1102 2871
1819 1077
5127 7433
5030 7340
8555 3221
6613 4315
5496 8924
3168 6557
4691 3298
3845 7870
9776 2189
8660 657
812 7898
3810 5275
3796 4889
1511 6469
8667 6972
9040 9213
8904 7324
925 2565
7813 7316
6564 2403
2209 3140
7580 3936
6303 3855
3091 2473
6549 1453
6953 2849
7006 474
3091 6637
6345 3109
7993 1542
1255 9762
55 235
912 3017
240 3868
7359 6676
6406 5280
7602 1797
7684 160
8011 5357
6181 9962
4865 5270
9273 7071
8784 2363
6039 9397
4436 5195
5270 9909
6962 8601
8498 9822
6512 3726
5886 4544
4072 598
8844 6306
8457 3263
2694 4781
9350 621
1017 1679
501 9
9061 7561
720 8253
7102 1297
6696 4937
2574 9121
5597 4978
5024 7958
7767 5117
8615 6578
401 7224
7845 4042
1016 4898
8932 7208
6912 5150
7921 7770
5359 6772
8379 1553
592 9520
2585 4643
7890 1201
9105 2410
9191 5979
9554 6179
8197 3750
6939 9968
6056 4652
7329 8694
1230 9407
4845 528
5321 9857
4364 1066
9841 5913
4381 6374
160 901
7607 1579
8308 3779
3696 801
8432 7878
4022 838
1403 7719
3898 5020
4671 9810
9825 5688
6315 8757
5170 3413
8834 6340
2362 5023
298 4600
7626 1769
4574 923
3336 7975
4813 3853
4970 1412
2696 4146
7534 1630
4535 8194
7477 4709
8501 7176
2099 1232
4128 868
2225 487
1034 5369
1500 5258
4987 5167
5091 1256
4316 6082
2140 7305
8925 1681
7311 1125
6672 5344
3482 9931
3067 8902
811 5147
7066 5856
4441 5692
2764 4412
9356 247
5553 8943
2352 105
9314 336
311 4789
6025 2538
9859 2160
3220 3054
528 9956
1286 2607
5048 1565
9063 9636
7661 8959
1247 8217
8914 4366
9727 3134
258 4820
9608 5350
9032 62
8993 5946
1061 3552
981 4980
6174 9133
947 4772
9931 5055
8765 9342
1866 9157
8729 3098
137 16
3459 5139
1135 6725
6857 5305
2756 7550
4941 9823
6324 1657
1719 7997
3344 5799
1553 4319
8572 3790
7657 2916
7330 1320
8626 2896
7326 1570
5875 5914
7473 8494
3590 8383
4831 9681
5930 6093
4144 933
9794 9369
4322 2232
4452 3305
8597 3612
955 7019
4670 8725
9798 4333
725 6670
9030 9986
583 3748
4932 9187
9892 4313
3160 8459
5010 8274
8659 3578
5560 4938
7206 5124
8756 1181
2585 1455
3558 6510
4757 6392
6242 2241
8698 4847
4706 8401
7434 8006
8786 5035
5708 7014
8546 9041
778 8425
2744 7641
6531 641
6075 556
3690 7664
2041 199
4053 6878
6322 1245
63 6583
4730 546
1398 3242
7803 1506
4029 9323
3633 8
8507 481
2956 9927
4747 9657
7585 9157
2650 4145
6153 7915
3676 2126
9473 9046
1544 7238
7769 1833
2055 5543
9525 8377
3081 9278
1439 1855
32 7377
6226 2138
3122 7334
2769 4442
5899 3273
7822 8982
2169 3930
3043 3287
6622 7628
8461 7355
2482 7592
8091 5363
1087 6792
6499 9365
9459 7052
334 522
1617 8328
7592 3073
1872 3476
6625 3707
9722 4907
2830 5501
3535 6253
520 97
4112 4637
9515 6821
8068 4387
7065 1146
1334 7466
9493 8374
2372 5251
585 2179
7970 9153
8768 4061
9477 6747
1548 72
2761 7950
6769 9240
2364 824
952 2744
5808 9310
7453 9812
4813 5095
4434 1726
4300 1358
1738 6636
1981 7747
254 4344
5570 5131
4220 1263
66 7836
1474 7235
4695 5682
3991 3113
3696 4845
9203 5404
5248 128
4739 5160
541 5380
2822 5759
1714 547
514 5656
4461 5933
7391 8811
2689 6534
4826 4534
1733 6534
2244 9371
5476 6344
4401 8223
4859 3355
666 6045
5087 4324
459 3729
2068 8938
5061 4750
9110 7961
813 6889
1412 7776
8139 3563
6944 6739
157 6162
9552 1785
8593 9840
7872 9262
1518 4011
8606 8899
7820 3260
9837 1481
4679 208
2755 2042
7456 6138
9482 1376
4108 8927
2226 6156
739 6392
2718 8016
7602 2579
9507 5973
4602 5923
4556 9158
1550 364
7528 2179
4553 632
8330 4480
5878 4836
8920 7619
2182 115
3261 6585
8174 4826
4648 1777
9798 2450
1771 9711
4843 4250
6460 1259
1837 7715
3671 2768
4626 2002
6714 733
8593 1329
1271 9383
7368 3229
2982 6357
6679 9513
3664 6883
1459 8555
3957 1584
9012 2922
5431 7903
3526 9590
5997 7994
3260 8496
2481 6586
2728 2301
6754 6144
7525 3895
2003 7280
7262 2924
2778 9233
4787 3869
8242 9790
4459 4944
2921 231
6861 8047
4339 9585
5990 887
1077 3682
8710 3946
6922 8278
978 8541
7010 7885
3300 9211
7102 7050
2374 4320
6677 4757
1867 4110
6979 8378
6199 4459
2404 2632
7761 7905
4765 900
4392 5182
4644 7411
8635 7713
7075 3971
112 2819
3401 1458
8334 5131
9512 3093
2178 7849
7560 4147
878 8828
6611 6856
6725 2668
2071 1443
2561 7105
7063 9911
2382 233
1082 5102
9772 1670
2059 3761
1888 6702
8919 7681
5219 8234
3522 1410
1026 2295
962 666
7164 4200
5842 7479
5975 7921
5361 9414
316 5518
5697 7741
8214 9946
5896 9410
1895 3000
2738 5441
7556 8686
7421 1017
2756 2325
8379 2944
2020 6058
8996 8779
1206 704
4833 1079
125 5884
2034 1395
994 1544
7513 2227
419 4592
2253 9359
5887 9944
8424 609
107 676
4873 987
2208 3502
9955 7551
2570 6515
2876 8277
5514 2582
9167 5672
1045 1756
7675 3369
3956 463
7089 1275
8530 4140
5049 4517
7169 180
8574 8195
7141 3486
7037 1910
295 995
4843 5535
1955 9297
5980 9608
1370 3817
2764 555
6385 4450
3322 5080
848 3747
5336 4564
5173 8540
5901 4549
5454 1886
4579 6727
2754 1230
1545 5449
6617 9766
7201 993
2095 1380
7907 5892
7125 9946
825 4575
9760 9692
1809 6689
792 7061
3454 8590
3370 1794
6055 4813
7991 8965
3399 3851
5091 7683
4187 839
615 9639
1447 1811
3967 6525
6402 473
828 3175
6085 580
1587 5500
3535 2419
7244 6372
7796 3977
2196 7325
2265 576
1259 8377
2394 8817
6791 78
6741 2493
3247 4180
9580 4423
3441 5163
5943 104
7373 5874
6528 9690
5544 5601
5845 1614
3258 7952
1737 4646
5360 3726
8691 4843
906 7595
5341 1112
9118 9454
7766 4893
6596 5727
2721 5485
9655 9790
9860 7408
5530 6427
1450 1218
7857 4987
1697 5138
1668 2234
4525 8564
6672 7619
6339 6015
949 6074
2047 7072
6121 7890
6590 7430
4259 935
3765 1587
9969 2486
4264 1713
6626 4016
3843 8363
3981 5707
7653 9615
9593 3200
9696 1715
2739 430
459 925
4987 3430
3488 4810
2454 9613
1070 9496
349 6829
8039 3147
1517 3876
3747 9020
9766 4419
6108 2933
8460 6112
9888 1334
3289 2468
9011 948
521 6046
9498 6884
8460 1791
8256 5860
743 3948
7445 9987
6835 3455
2810 2020
7997 6262
1734 2335
6533 7811
2228 1376
623 8362
3587 8662
3924 8038
3620 6789
6866 3332
1744 1269
3960 7574
7216 8176
1883 7601
8707 7592
7764 2687
7435 9519
4656 9294
3136 2956
2462 5456
59 637
6661 9625
412 7904
5227 2388
7813 1096
1391 2494
8429 3774
8976 7945
2319 2174
8163 5371
7912 2390
7057 1356
7276 2618
9878 4092
8289 3155
100 5946
178 9147
4030 4910
7933 1858
941 9936
3350 1692
6095 6462
2850 2289
8306 2650
6333 1612
9582 1674
5252 2301
5224 8375
5404 5127
9296 7902
7017 626
8068 3986
9864 426
6330 4968
7445 8334
3050 2345
6789 6034
2210 6099
5294 1837
1168 3545
8074 108
9851 5406
7928 4877
9147 1838
5899 5605
5820 6278
2505 1531
5968 1175
7149 2250
6666 1751
3877 2947
6915 4735
7140 1048
8008 7182
6705 8883
9386 4852
4087 7517
6045 9480
4451 439
8169 6771
4825 212
2476 7523
176 4189
7575 4297
273 1164
4620 1931
8795 7569
1031 8051
4738 6448
1122 9613
7996 3329
6990 5325
3267 8655
7777 9287
5125 7450
7059 4453
887 277
9248 6693
9182 840
7817 104
2884 4911
9427 261
1081 1305
1142 1427
4656 5882
3967 6354
6333 4377
2782 1427
7950 7987
7049 6891
4511 8422
1207 5093
2404 6183
9222 1597
1075 6812
5910 2053
5319 2723
7148 4227
1598 9001
6576 7217
8444 5300
9807 4732
5606 1370
7049 86
8872 4791
4516 9285
2944 6587
759 7777
352 6474
4976 4169
4352 3162
7007 1487
1081 7544
2280 9527
8267 2851
9941 2732
3464 7808
7282 4620
5367 6612
9583 7895
7378 3837
4818 5763
264 906
8850 5355
3515 3438
1805 171
5219 225
931 6086
762 7039
6888 6817
287 2439
7462 7621
2387 2541
1545 4288
7022 4120
2561 421
1963 9685
3315 9751
1191 4978
1321 5410
3606 5524
3229 7139
8142 7361
4018 4491
1163 6327
5947 6015
9721 3699
6450 3531
6493 8059
9667 4858
6077 4261
1598 9168
7843 397
7832 721
1566 1843
5866 6567
624 8378
6993 1567
8977 3867
9708 7916
7898 5520
3426 3811
7708 9465
4073 6158
8103 5498
7104 8393
8547 2315
9094 9208
5578 7991
6016 4319
2139 125
3015 1416
7513 2226
8887 9361
9370 9197
6498 1339
8409 9546
2411 7228
5429 5912
4908 1582
2032 699
4944 910
3536 1946
6713 6622
8161 7218
235 6787
592 8369
7103 4247
1250 940
7745 8776
7131 5289
9299 3143
8952 9830
200 6203
2950 3168
6521 411
2696 3325
5220 8391
8500 3443
5688 7792
2119 9182
7594 6236
2413 8126
162 3219
2585 6486
8895 7668
4611 911
9071 4769
4677 7555
8488 5438
9741 3730
1410 6
3743 4912
635 966
6608 6437
9777 3552
2524 2908
155 778
9984 8100
6609 5196
8944 9042
2895 9910
3187 3645
8166 279
7250 6209
2427 5847
301 2445
6599 3678
6293 1957
2005 26
1955 4288
4406 2750
8352 9146
3264 8797
3563 132
5851 6499
8550 8799
7843 8909
105 6597
9369 2011
542 7360
4834 3109
7475 6097
342 1107
3387 2538
322 2644
4829 1348
7415 3464
8356 4314
456 4310
4061 7068
4880 6599
8284 2077
1546 969
9239 6006
599 3756
3977 8001
7724 8072
6257 7102
4097 294
4352 5585
83 98
5087 8610
4738 5568
566 4908
5460 7572
6662 6782
8512 1208
5697 1869
1732 3226
3132 9216
1216 7531
3844 5843
1577 5393
5270 4357
3223 7238
7445 633
9271 998
1815 4297
1081 661
7001 1630
3555 4007
1527 2137
6508 390
5172 7646
3426 7072
6664 6819
1365 9399
1837 918
1577 1311
1586 5812
1048 8515
232 2995
2046 2864
2599 8889
8395 2535
9450 5122
1333 9088
9887 9134
8883 98
296 3424
595 7900
4300 2192
9300 8207
9286 3242
2573 8418
4981 9645
9220 4365
9307 6157
1672 3422
671 5650
6056 9879
7915 3239
2986 3949
6990 4363
2693 9931
9402 9107
9111 8477
1799 3014
943 1478
2239 7328
7444 9994
9712 9744
3868 7860
5085 7945
4054 7794
6941 4389
8065 3700
4826 7789
5010 4256
6372 6210
3746 17
3276 9032
9950 4419
4601 1013
1029 5145
8726 311
1710 5944
9778 3835
2783 2233
8734 8407
4247 1194
8323 5680
5317 2414
8154 5285
1998 5608
8401 5458
8075 4644
9821 6766
9272 1967
5154 6942
8567 8714
1373 6255
6283 6763
9019 6736
8269 9163
4751 3605
5899 8249
3184 4822
7604 6325
6488 9261
9821 3286
3542 8076
2623 1797
9677 8565
7078 7440
8931 6864
3603 7096
6451 1384
8379 2531
3739 8014
3991 9018
6063 8981
2530 3708
2308 740
142 6586
8454 5303
2815 7737
6242 1550
4206 9795
2572 2045
9783 9270
5339 6651
9211 547
4424 2115
2031 9392
3411 7477
8012 1367
6398 8342
7325 1557
5103 5691
6452 8139
5682 5587
7716 6273
7989 4618
5560 5710
571 4695
1659 3345
2186 5919
4270 1179
8653 2895
7174 5475
1474 5718
4716 4480
4380 2840
6363 1490
7250 8812
4404 474
8382 3423
6861 1310
8560 2079
7726 3958
9225 577
2595 3873
6512 6108
6893 4993
9104 1884
8193 2874
1512 4144
6039 6039
4474 6651
1868 3622
748 3174
7280 4439
138 8829
9209 8912
7522 9838
3343 4636
8598 1101
9486 1111
3598 4739
9559 6164
2355 9002
2142 4983
2181 9923
8173 2444
5206 8976
1856 4622
9885 1882
6520 9408
9604 1788
4696 888
8395 870
443 4623
9891 827
140 9714
3523 739
9771 8452
2805 458
4383 8122
8170 2543
9599 1469
3426 2646
472 5340
7574 8262
8778 8263
5006 8412
6955 5941
9675 8582
2306 9903
9486 2073
8509 1810
1743 7404
9308 8481
1927 1595
9027 3953
5606 7364
1548 2732
3390 237
4595 9695
965 8252
9144 5323
3175 5630
7456 3879
7042 4065
2261 6332
8505 5145
961 8
9090 367
1975 4252
9400 3629
3306 3342
1881 6819
6900 7304
424 2197
5873 4807
572 2427
2065 9756
4656 8784
8697 6703
9985 8964
4418 4855
7987 8538
4569 8787
4029 5626
6990 8068
3128 6464
5093 2080
8003 1339
7176 945
5074 3855
2402 3076
5947 1684
581 8715
9975 2036
2470 5707
4071 1873
9900 5871
7981 4492
7892 9459
1246 6223
8144 9449
9623 1285
8419 2360
7541 5772
9110 8520
6843 2378
5671 8439
4176 4485
5669 3927
7390 634
2181 77
2389 9639
1952 3012
8453 8736
146 7576
8983 8733
6301 2732
165 5195
5540 9268
9854 6023
4784 7291
7987 3318
975 8399
2285 7872
9344 4080
6788 4096
9016 8244
9353 3414
7520 6774
4541 2325
36 6466
2136 933
3781 9483
6659 9970
8312 4086
8990 1643
4630 60
1931 9268
3882 348
7265 7748
7462 2710
474 7464
2558 5601
3301 4638
4186 6342
5908 7387
7273 4994
5743 3510
9881 3480
5296 6074
3184 7853
2229 360
7638 10
242 7810
8552 6350
1372 6049
439 3210
6190 3873
8935 5795
9704 64
9504 3555
9355 9442
2033 8311
9374 6048
8168 4690
316 5828
2347 1913
6484 8446
5906 534
5000 9570
6026 902
7102 3784
1123 6922
274 3979
9203 1753
9474 9979
3698 2493
2433 3627
8556 9602
7300 4051
1410 1050
2888 6383
2057 7499
2874 734
5065 5151
205 7587
8559 5235
3784 3144
6667 5512
2101 5350
3491 5558
3220 5855
7838 8788
8278 4773
9674 1601
386 4063
9991 2126
5715 267
4650 1602
8039 8054
5755 4149
818 6790
2583 7173
569 5489
9438 7508
4584 3331
3782 7767
6636 7836
3894 4281
4858 4384
9276 3910
9030 5365
7464 7168
5517 2760
8831 8510
12 2056
9016 4584
6790 8154
1458 8204
7425 7827
9373 2908
329 6705
8284 4142
4284 7987
1369 5850
3357 5500
6753 7456
8914 8660
4708 5872
294 1415
1894 1711
7159 2452
3233 4952
8281 6495
1777 9209
3617 7631
886 3026
2474 5104
5462 2586
7220 9747
680 5418
4256 8537
9929 5231
1557 8380
2715 3516
9534 5527
9793 4550
6010 6632
4837 1334
1627 6181
4003 2747
1719 5476
699 2869
7786 9345
9570 5611
7778 4636
6449 9782
802 1624
805 6420
4879 6446
4237 1942
9942 2616
2704 5426
7844 6166
2644 3633
1516 3452
7896 8306
7253 6402
3211 8885
4330 6339
1250 7489
9976 8366
550 9616
4595 4872
7348 1133
5057 1528
427 6781
7213 9594
7553 7715
3062 3629
3487 9881
4477 3685
1888 1150
7899 8025
4870 6291
4920 1798
6357 8941
6389 5082
1446 3958
4531 4858
6310 7292
1306 716
6756 5777
9251 8222
3814 8425
958 7981
4165 7967
3533 4447
4220 7216
775 2922
1501 638
6454 4922
2044 8286
3353 3247
3074 3195
3555 4348
9275 9089
2282 1002
4696 6530
8137 6483
6782 7893
94 4567
4198 6754
4061 8122
3083 8519
4283 9764
2879 8614
7091 2943
2661 1860
9397 9277
4408 5660
6306 6048
5971 10
257 6160
6648 5793
1134 3705
6650 821
853 7562
402 8146
4747 1638
8765 1379
3958 9431
6892 7659
7552 1430
9442 2672
4296 8516
4362 1482
2288 6037
6319 4889
5840 5728
386 7565
146 9296
8232 2667
1828 7910
9561 847
2809 2260
338 7684
5480 8243
1204 8142
4843 5502
8099 3056
7970 7285
3559 470
1022 827
8798 7853
7062 5737
7832 2342
8869 8201
9146 6951
7289 8795
1340 7081
838 3347
8827 2507
7329 4809
9639 2941
3894 4807
7606 2838
3395 9759
3776 351
1626 5603
7712 8502
5795 2891
6601 9564
8135 4179
4207 4951
4070 3369
4922 8865
4818 9939
3559 6135
3346 1160
6 4154
2976 1154
3277 2082
9899 8178
3571 4326
8998 5532
3798 197
6247 2806
4518 880
4617 2062
5703 3101
1786 1393
915 8838
3438 4309
1878 2808
1514 5904
3920 8405
3242 574
2647 114
6395 9391
1698 585
4945 8262
991 8456
4803 5339
8653 769
6778 5306
4467 8824
9798 3906
3736 8360
905 4855
4488 4590
3081 2017
8613 2396
290 635
6996 3064
562 8788
7276 4794
220 9489
8059 6753
6710 2201
7488 8495
4986 9128
2258 5417
1960 7229
1815 8280
9731 379
1854 8010
2912 5084
6966 2369
4186 4857
3924 9059
672 1507
5025 2248
3173 2814
986 1872
160 9808
7727 5322
6874 2967
5476 7022
1346 5968
9938 6004
4940 4176
6103 427
6621 5487
866 2403
4593 2792
2984 7299
4822 4123
9410 2996
382 6332
6412 6659
897 65
2312 8003
8056 5079
5433 473
8035 4093
5977 6494
8821 9191
4243 1329
2098 9532
3337 6642
4264 5193
6031 3464
5539 925
1438 412
4135 2155
3826 1132
5018 3674
8141 233
5382 8408
7810 313
2300 6659
6282 5478
3324 9743
8514 5404
2511 4163
475 7007
829 6715
5225 4803
9479 1495
9637 1106
5006 6027
8267 3130
5657 2749
2780 9212
5972 5403
2333 8158
5819 6354
327 4938
6211 9320
9941 4717
5730 962
9593 7225
7138 4142
8855 8163
1298 3675
695 9253
789 2460
2567 5565
7744 7866
7944 7149
4736 8543
6749 8601
9538 4091
7375 3868
7722 3586
6603 7635
8893 5019
5825 7248
6758 9011
5751 2184
7605 7416
5093 1974
4811 1855
2023 9174
9919 7743
9374 2618
6844 3332
6303 8217
5361 4252
6738 843
9215 3917
3588 142
1951 4925
3701 5044
2474 361
3483 9459
9534 6335
526 1699
48 7331
7658 1060
8532 9054
1456 3093
7607 3626
6836 1006
1494 7655
5040 4695
8020 4122
4032 9438
1896 1561
3701 1078
6348 4592
4050 8642
4895 686
34 2830
9684 1225
544 2231
7041 9046
429 5949
5025 9826
6749 6376
5299 380
3322 9728
4120 5000
4304 5844
7176 7117
1599 3428
9198 7480
2685 4519
8520 3703
5489 9190
4936 95
6633 7567
3749 4183
7029 7139
2843 4411
2889 5208
3158 7865
6911 5111
6955 2615
6835 5519
4704 6219
8981 160
335 3281
1867 737
8359 5466
7420 3980
8395 9415
9637 3148
1137 4321
2344 9861
6403 8021
8393 7085
4082 4240
1807 971
958 8583
793 9487
8799 690
790 7754
2255 8028
5179 8577
670 4165
5986 6206
13 656
9189 5215
4867 3045
1735 5173
4555 7920
2667 9127
2996 4432
3803 412
2016 9785
3218 6388
4869 1155
9826 8016
6911 7224
8288 422
492 7610
1011 3438
654 650
1352 407
3741 5954
6561 9635
7059 9405
9601 7078
9982 4121
5730 5691
4033 3164
4239 9695
739 8764
3130 212
2910 3525
7335 4160
1745 3207
6831 6379
5983 9814
8878 6932
9294 136
6566 2237
5897 2571
3146 2859
4975 3004
6003 9351
3553 9024
687 6767
7959 7279
8861 6293
4428 6404
3074 2911
6190 8447
2759 5221
223 5907
9352 3143
5286 216
8822 5205
6383 1242
6390 9220
6791 600
3617 6672
6673 5366
162 3668
6851 5115
2603 2563
2793 5828
7584 7491
7345 8255
8842 1325
6190 7873
6581 8623
1718 7617
2482 3002
8004 7482
6150 6963
70 5149
2969 5942
8719 3132
5288 5119
5975 4656
6756 495
1286 9029
5233 8765
2909 4329
2872 5762
3853 464
997 9036
5005 4531
7513 7964
3848 8172
2905 8200
8957 1099
4477 1369
6110 9396
6322 4382
3889 4527
409 5912
9746 4791
4725 1788
9951 940
6609 292
4474 3425
4216 4206
6027 5278
9931 4219
3660 6894
7759 3873
9387 4818
5276 4778
8379 4973
8063 4899
3411 2599
1640 7982
8781 5290
1901 2304
2952 9464
3014 9603
2231 1858
2863 3813
1584 9106
1689 7848
8078 3539
9608 3040
3632 547
9766 2504
8487 3224
6319 7405
2620 8872
4227 6833
3223 1519
1688 5402
5961 61
9397 4656
8691 5078
9976 818
1949 4192
1233 194
5136 2744
677 4132
380 3869
6060 4323
2099 9348
1346 957
1756 2626
7018 9794
3825 6405
5446 1000
673 3452
9889 7162
15 7834
9845 3588
9297 4039
3477 7689
1858 6671
2277 6718
9600 5697
5100 1084
7934 2624
7513 4177
9171 4118
4379 6079
4986 1148
7864 6476
5440 6836
1207 817
3561 2367
9478 2619
1804 855
6212 8621
8130 7046
3240 6876
3771 7037
424 1138
7113 8639
5043 4443
978 611
1032 5147
8402 9589
2732 9141
2327 9253
9112 5861
2035 1718
4041 8152
7838 7425
4495 4495
8498 3120
8446 4048
7021 3859
7888 6436
9538 8318
3120 7594
3160 5833
3504 8067
1273 559
2340 1220
4021 7439
4117 5239
2861 8862
4080 186
2008 4611
9284 1470
7857 8378
4359 4041
7878 7730
914 3589
6411 9967
4016 2319
885 2424
4787 3640
3792 2618
3183 3048
9882 7603
2589 8278
6981 3896
3466 8465
4953 5055
2965 2458
4543 1542
9236 2423
8247 5882
400 6274
7347 3377
5556 5720
1626 2145
4210 2555
7558 5094
8542 4768
886 8656
7681 4354
9949 1058
3415 4461
7425 4388
9009 8516
956 2258
5892 7195
9983 9356
3017 541
938 4484
9659 9559
7237 9731
284 1387
299 3971
8848 9599
2105 3366
4943 2187
7396 1118
1064 2495
2480 6355
5273 8682
2105 2449
8344 6308
7854 7191
6861 7813
449 4152
3253 59
6472 1966
641 8744
7999 5570
2437 2594
5140 981
1577 7330
9290 2939
8555 9637
1495 9627
2091 9838
5365 1392
9486 4722
932 2875
4012 4490
5671 7486
7810 6373
5923 7538
3857 3091
2803 7506
7469 2923
2422 6574
1838 2502
5231 6601
6402 7841
9252 7452
105 1471
9920 9153
248 2949
6818 6568
8007 925
8940 4037
1155 67
2180 784
6781 8299
3174 5683
7608 9049
5408 2640
2575 4743
7268 3001
893 1059
985 7670
6691 2622
1691 1202
309 2958
7991 686
6989 156
4096 6909
583 7831
2045 8630
8291 1680
3080 1926
9975 5388
3520 4315
8842 7413
6744 2586
218 2185
9302 2121
839 6457
9077 2454
5013 2988
4579 574
6414 8185
4739 3447
4446 4416
4477 9415
1701 4178
5481 4026
7641 1748
120 5247
4625 5537
3275 7052
6539 7541
2089 2150
2247 3490
3486 9930
633 975
7158 4055
5227 2212
9990 8449
5640 6895
5876 5440
6691 5922
8730 3711
1678 1010
4647 3949
8403 1930
317 5983
431 4150
3812 7692
8162 6504
4614 3472
256 4951
6065 3673
4434 6139
2152 1421
4310 3746
4530 8050
9483 9182
794 949
918 5797
3485 2708
1905 7056
2303 8340
1398 4684
4614 8763
4552 9100
4285 7670
1274 7909
7635 4021
7157 5744
3626 9178
3575 1755
4888 2046
7279 9801
7641 2380
2850 5389
4347 9428
8441 1043
688 5929
4945 1992
5424 1524
4777 1501
2724 8335
3927 1911
7516 106
7924 1154
8954 5865
5835 9353
1125 8115
7550 9264
615 565
1121 8571
3983 5646
7277 6852
4000 6848
46 5576
3360 6997
7318 2538
7626 1768
6136 5455
2508 9496
8061 9121
2346 4552
8258 4797
8105 1474
648 7156
3685 8703
8291 1005
8699 8992
4860 1266
1648 7673
6575 3102
6904 6656
9518 6902
7103 8595
7116 3725
5428 2639
9682 6093
9385 2857
2701 9317
1765 1977
7822 3286
482 2634
4329 1253
639 8700
1702 3677
2958 7106
3636 4906
5287 2021
1585 4862
3684 5294
9443 3583
4851 4672
7586 279
9623 1100
3003 355
423 4970
3215 1989
7278 3879
7137 4979
265 2177
4876 9717
1868 7293
9899 4746
3053 7202
4463 7300
584 6044
8013 4199
5737 3641
8205 1166
1317 8799
9020 8694
9425 5508
8155 3218
1593 4821
1933 7925
8939 6960
8765 4427
7241 9001
7142 1568
7227 4921
2009 3367
2523 4330
2171 6660
4087 7244
3060 1218
8578 5860
6576 9887
4531 1320
5810 7851
5508 5860
6845 5597
3892 5447
1273 7838
7622 999
788 2331
448 4121
3390 3367
8269 8922
7019 8471
7227 6937
5461 3172
8574 8618
5480 1308
1771 8852
9716 5378
4606 7956
8703 618
868 8136
9632 7822
1905 9893
9717 6683
4556 9570
2494 4356
2078 1466
8079 126
4775 6222
3634 739
7273 7569
8035 7295
2667 1018
2018 582
679 6085
6533 3308
796 4770
7907 3035
1308 6053
4730 6353
7183 4132
3625 9855
4143 9997
5879 2635
8698 6045
6010 7295
3764 4281
5793 8311
9810 2505
2603 9559
3983 3448
8254 9635
5323 1302
1377 6630
9831 3798
7873 284
794 592
3968 1975
879 2656
9745 9453
7317 9221
9950 8424
9133 4483
2050 5733
8256 161
6880 8086
9511 4332
4346 4560
2625 4354
858 7533
640 2376
9484 972
2204 9685
2322 3100
5166 1957
5039 8244
8022 2662
7373 5534
5206 4894
5687 9864
2101 7011
111 6354
6094 1361
5577 1154
2990 6888
1902 7443
1993 6364
3675 1057
6133 9411
7167 9582
9005 8970
4704 6001
8223 5665
3015 2658
4703 5978
8463 4127
6610 558
9434 379
9220 9496
4844 4265
7682 2328
3774 2325
7601 1441
2188 1867
4517 6779
5880 3614
7210 2386
2661 3715
2719 1509
4972 2563
710 8440
4202 2733
5430 3618
3008 4641
6409 8912
3058 3094
6350 5296
8297 1653
7352 7959
1441 2507
3117 3419
8795 5227
663 6154
6492 7354
6487 5554
6700 4849
9901 2390
2905 7775
1409 527
209 4372
926 2825
683 7751
4865 3122
6479 8177
6542 5710
505 8880
5084 4405
682 8037
7924 4820
3079 726
6437 8408
9096 4013
435 7030
3642 3319
9700 9126
9342 2309
5858 8563
8120 9614
2811 7292
4048 7403
2996 3239
9572 138
8834 425
7284 3581
4479 6782
4453 40
9403 3383
9727 9221
5784 951
8351 9059
6077 5958
1846 9987
4789 4510
6103 2554
701 7745
445 9715
2185 9024
1779 8602
8463 325
234 9313
7818 4139
3094 9663
8568 5824
5121 4219
1901 1482
2615 2438
9694 4655
9385 3055
151 7723
1290 3740
2550 4254
2389 6807
5501 1403
516 3679
2756 2939
5978 9219
4308 6440
299 2027
5421 1058
6415 7439
7457 9805
2515 8045
407 9601
3111 4263
8137 825
1312 4147
5174 3749
776 5353
5568 904
4041 7817
7551 1194
5078 7010
957 4647
5843 9804
7496 4717
1431 9663
6756 1970
49 1706
5094 2493
3280 2237
6442 8728
3962 4287
3261 8549
1222 5288
5139 7525
2178 360
1202 882
7677 9647
8854 4662
6030 611
235 8178
4731 5293
2470 5705
2915 4811
9373 1330
4773 6272
5338 2089
7975 7472
1452 2510
9392 7317
3669 308
8541 844
9005 4435
48 2632
5245 7752
6540 3022
4406 3440
3275 3864
1464 5696
5528 9139
1835 2592
2069 4096
9801 5851
5526 2934
561 5824
788 6254
8726 1172
8956 4566
1022 9102
9309 2511
452 7882
7678 687
8967 8071
6789 3136
2457 9113
209 8831
3392 3255
2801 942
9576 1422
3082 6578
8766 5420
5637 9013
7367 6565
7918 5253
5399 4018
1110 6019
5675 2493
4466 6518
448 3943
2171 7302
8809 1219
7756 545
8204 8872
2103 857
2709 3250
7488 9155
6947 9697
6432 1529
3958 9496
1283 2201
2295 5615
523 3205
8752 8850
8331 9281
9679 2113
540 6888
5576 5550
4619 6312
7952 5233
4105 9105
3939 5799
7546 617
5774 3055
8007 59
5125 4348
5484 3539
1343 2198
3274 2564
7589 9304
8854 9906
7431 2291
8168 7320
5334 2858
7069 916
6619 6517
6598 4774
3967 3726
3015 6325
3809 8646
6120 5049
8611 3841
7863 3570
1997 9014
8357 3168
169 5296
676 9624
1237 3887
256 1318
5444 5144
7363 4693
9421 801
5966 9304
7915 2534
2887 9701
6267 8807
693 3621
2593 2167
1510 4774
4291 8287
7435 3513
6556 4712
8966 6340
4731 4453
4082 2240
7985 2199
7147 700
4023 2342
9506 5784
7237 7087
9306 6635
508 8945
7422 6574
3262 1471
2793 5055
3600 2625
4236 8031
3039 5282
843 2708
3048 6467
6080 88
7230 4519
2087 5144
2631 9045
416 1621
4448 3018
2817 5622
5525 4260
4753 4869
985 56
8718 5086
6852 6188
4632 7507
2976 8621
2820 5802
7932 459
201 4365
3433 9112
5206 4361
3951 3709
5051 5584
1865 4598
8635 5607
740 3568
416 1304
5493 9874
615 1313
8448 2481
240 7268
3713 2202
5791 2853
8855 1036
3966 543
4692 3803
5625 8271
9951 9439
2304 5015
466 4883
616 5949
2347 4454
9274 4633
1439 6701
9251 4170
6131 1279
3443 5634
1554 2663
7006 4741
8330 4262
7454 1790
7422 1359
6158 3659
2741 4841
3488 1052
1129 5953
6793 6055
9850 4469
4128 7783
9753 8362
9938 4793
1437 2822
8113 6253
4545 5286
3920 8171
404 6602
1705 6443
5191 3748
103 4572
3987 8445
5180 4542
1921 2368
1228 5704
1391 1629
1856 2179
3250 1463
9349 6828
1038 7399
330 3494
4288 5190
9605 9366
2245 3031
6015 3717
6000 9691
7811 274
8472 5322
9699 2557
5367 913
3027 8669
1996 9854
4172 9019
4410 7382
7563 8885
6711 944
8127 3356
8366 6888
2334 2374
3117 5917
80 5724
9704 5330
5987 3677
52 5729
6389 2746
2700 8067
3917 9032
9776 9001
3827 929
3089 7047
372 4643
6759 1715
5919 6383
9531 4746
1210 955
6445 7260
653 2945
1327 4987
8789 8686
6919 8320
1779 5876
8609 6694
1771 2872
1931 1997
8790 8068
6232 2536
848 4854
4830 159
4170 9839
9160 5566
7433 4934
7620 4116
4581 5267
9733 3765
1499 9924
1554 6137
9564 379
1397 4795
3420 2477
5486 3306
7203 6596
2574 5563
1855 7503
4364 9285
1456 285
7011 7363
7435 8758
7090 6438
5672 9410
6571 2705
4020 9327
3060 6507
9632 95
2105 7008
5264 7143
8920 6273
3644 4978
9571 6191
514 3788
882 5972
3538 1384
4382 6474
4881 6427
1751 5841
5207 8254
4335 1326
8097 7695
4493 4278
4991 8208
7019 839
8023 3687
3609 4768
5072 7661
855 7572
4296 8511
4063 8972
9007 7328
6888 5857
8874 3125
1476 4694
4448 2679
643 3388
9952 6069
5406 9611
6410 2911
2301 3120
8513 8924
2577 329
4208 3461
8267 1643
6785 2584
7635 6893
5015 1398
8626 6602
9814 181
9240 9555
197 8926
3255 3819
8659 4816
1925 5737
495 8011
9518 3449
2175 9030
7952 8859
4202 5674
3678 6371
5038 5797
7918 8983
5051 5144
6667 3044
901 2601
4435 7386
6822 1042
5369 8059
985 3424
5604 608
3856 5557
2895 8020
7200 342
7063 6903
8816 8221
9600 3916
6238 6968
7137 7371
137 9704
9171 5296
8807 3683
4309 5498
2049 8451
9899 8253
8243 8981
6667 6080
8957 8827
6158 1648
244 8906
9445 7467
6497 3405
9746 9734
3761 7296
2698 3864
4355 2613
7146 6588
8749 5043
7631 8131
9704 354
2668 4816
1711 4160
8056 9754
2932 9599
9565 2477
2235 8116
8123 7577
765 2586
7122 6882
1335 1405
6011 5358
4648 7984
9232 8298
3878 4295
8320 2278
2746 6461
2300 8772
5519 2912
2269 2477
5543 4720
2219 8524
2806 4276
5879 7808
7589 7620
7362 7471
4176 2128
6788 6238
457 5959
9334 6825
8131 4705
3928 1473
7431 7030
1724 9209
3074 5829
9657 6057
9285 9950
7017 7595
6980 2536
9179 5329
1112 6780
4593 7725
3213 3207
1827 5366
468 1452
411 1242
9058 2416
5703 903
4240 8653
9211 1632
2713 767
4380 9886
7534 1306
3829 8492
7253 5506
1110 3354
1638 8817
3488 4092
6557 3636
1946 4888
9243 6255
9999 9163
8037 101
366 6645
3875 9344
6841 4248
8130 4751
5478 6029
1603 4387
6289 7887
5594 3713
5400 7085
351 4339
6270 2028
5680 1223
1080 2948
4685 7694
8259 7310
6955 1662
5900 3148
6898 1985
8902 8561
8399 1700
3176 8197
9795 5657
7724 6738
8433 2261
1154 4474
7092 6578
6058 2174
9415 1726
6430 9880
5675 3243
7894 8930
9844 557
6273 2141
220 2847
7587 1820
4287 8734
1 966
1262 8044
2615 2487
6060 2974
9522 8959
2980 2959
8535 4593
6513 8715
9882 310
3283 6965
1592 4952
7201 5521
781 5719
1634 6602
9438 4023
5795 8957
8929 5312
5268 8924
160 4877
1291 3565
7162 1534
7183 1081
8722 4502
8110 8173
7038 365
199 6732
6201 814
2145 6250
3025 7738
323 4083
9754 7988
2441 9586
4969 180
2822 8746
953 5380
1916 9553
9978 9078
3109 1024
5037 2235
5230 2340
5049 237
7447 5088
4281 9990
3044 1481
2908 5223
1855 5752
8564 6162
5043 876
2151 9169
1810 5845
2753 1325
6209 7706
8016 5543
8231 2884
3687 3234
5745 6545
9531 4982
2497 9218
8361 4655
8394 9613
1742 2013
3350 7787
3885 1314
9888 7723
9933 2855
5322 7982
7913 9718
6505 8441
5758 6193
612 7526
4288 9306
8056 3939
8981 6473
2423 6881
3224 6170
8836 8342
3928 1276
2200 2060
4662 1363
1777 7007
7931 3238
6862 8435
3423 753
996 6876
8979 1253
9196 5541
6616 7587
1074 6570
6070 3989
8840 6189
8214 8389
8865 1444
2376 1540
1702 313
3262 6773
4068 3865
5647 4655
9260 6646
3381 1982
8866 2757
4687 1714
7983 1169
752 4302
8927 1542
4958 1386
8948 3350
1204 6594
4721 1832
2560 1046
3631 9988
6886 7336
5451 3160
5803 9360
9158 214
2234 8651
1492 6147
1715 5224
9470 1050
6615 5562
7904 3095
1853 9369
5291 3341
1505 1680
1428 6113
5183 4096
4339 5900
1340 1532
3029 956
3822 4731
443 2227
4191 4138
5049 8247
1934 5335
4728 1745
9437 375
6884 2366
6996 9888
3470 5809
3517 6304
8603 303
4470 4532
1331 8993
7090 9730
1859 4293
3016 8112
555 6814
1266 7258
3553 3504
2672 1232
4477 9893
723 1909
5995 9386
2562 4689
9548 1762
6168 8336
532 1586
6307 4594
3341 7251
8663 9273
7011 8004
3465 9885
1431 8054
6005 9531
4653 1566
7593 4354
5693 6422
4039 8421
3717 3979
4871 2236
8901 8608
5426 738
6769 7227
664 7368
883 3587
4683 1553
2391 5096
9138 1364
7070 8571
5959 8094
5691 7457
9449 7661
9545 8532
6475 5397
1954 2978
1667 9807
9785 9868
6108 1413
1618 4488
7092 456
7637 864
7199 7034
414 3633
6722 9284
8496 2541
6601 7489
1741 3305
3329 1217
8575 5456
1390 1128
1603 8222
3863 8476
8745 1093
6085 2490
8293 155
9384 9985
6449 9994
2738 69
9945 4224
3625 2942
429 9645
3545 7910
7538 8727
5280 1007
3506 9304
5729 683
7815 3695
994 1778
8004 7227
6781 9823
3084 1892
3026 259
9305 6114
8596 5489
8630 1411
5784 3216
9557 9353
9769 8829
6939 5738
5222 7142
8463 7775
9602 8735
6846 3317
7476 3697
26 3855
5445 9654
5926 369
8436 8543
1660 7415
2325 798
8583 5564
4909 9388
5193 5075
5448 2164
8838 2978
2132 4230
7831 1154
5587 6133
2617 8432
9229 8233
4011 3807
5579 5342
5028 6244
5645 3828
7850 9097
6486 9037
1771 3802
6666 5777
2760 6507
8471 701
5349 8544
1209 5071
9131 4547
8340 6204
6311 6465
7294 6107
8632 125
2241 4200
9012 9932
1262 6802
8083 776
85 364
6451 9502
5391 4304
2883 9087
9764 2695
2104 7906
6277 9986
9802 7648
8435 8533
8424 5383
5189 5462
2128 7448
4439 9330
9848 5130
7941 3033
1208 6996
8260 7149
7197 1414
6666 8631
6696 753
9953 1026
9341 7370
9880 3166
2853 4620
9634 7774
6812 2275
180 266
4947 3809
3195 30
7359 7164
1156 7993
2856 1182
4195 4959
3307 4852
7533 5048
5433 3504
8685 6511
7958 5159
3299 9235
5994 4452
192 3593
7843 6659
7707 4328
9250 2951
6591 6923
9369 8756
8586 1923
1923 2853
7648 4067
2956 9655
3703 2610
1573 2892
6600 3612
114 9002
6852 6546
9131 9305
9261 2085
5342 1177
168 975
6075 5737
1538 6234
5495 593
3576 5878
9594 7721
189 7784
177 7280
5384 1253
8796 5094
9603 59
5761 4178
8237 2457
1255 1276
4633 7970
9372 5764
3725 1471
2752 3770
2132 8345
184 7971
6781 8018
7100 91
809 813
7736 8797
4832 8370
5359 4429
2541 8140
211 9535
8286 1306
6255 1212
6213 3505
3613 9492
1321 9208
5392 8039
4870 3658
8988 9819
1416 6072
5353 7369
8404 2917
7283 3280
368 3992
5725 9409
6070 7485
1129 3729
6821 1236
5009 8266
3024 7761
450 8330
4557 4826
8684 8530
8694 5244
211 4584
1612 8135
4945 9829
815 8685
4865 7240
6407 5831
4822 3714
8542 1472
4274 9272
3332 9384
2607 100
9594 4130
5834 1492
839 4790
4658 6618
694 8560
846 4474
8406 2655
7460 2479
2377 6807
1555 4406
1461 8175
6650 9873
5638 6660
6798 4789
1018 4196
1608 5100
7347 1300
6053 6324
3705 5627
7668 3775
7014 5268
8667 4241
712 6048
5411 9477
7234 178
775 6584
3803 4289
5337 9900
9053 8601
1150 9671
6039 7978
2013 1297
2012 9992
2563 1466
5842 153
1777 5665
6724 3930
8925 1166
193 9499
3613 4329
2762 4574
5087 5280
55 9164
452 3509
5283 1072
7744 5726
3516 3193
6764 8628
68 5644
6756 6372
1634 417
5642 913
5522 9601
9089 5264
2289 9902
4866 3562
4418 6795
1418 445
3211 5904
154 5836
8824 9511
7078 3114
7527 2242
2871 5763
8523 6163
4873 5668
7834 1009
6717 270
1551 3642
2072 7847
8296 9835
4371 888
8568 9210
489 9600
7399 1661
8588 5855
6829 3984
8799 988
6234 3155
9661 9360
9810 4250
6769 1001
9817 6155
972 8152
4027 7827
2675 8963
2983 178
7646 7716
9182 5258
9802 6663
953 9204
7096 7968
3201 1723
2940 9171
3973 9038
9582 2954
6087 4162
3180 6691
8127 1854
6039 5247
3863 302
881 7909
637 6913
5141 3868
2452 6523
1375 6532
2595 5236
6928 734
5604 982
2716 4943
8998 3826
43 6690
8668 4508
1867 6659
5484 5339
4668 2436
8305 314
1203 6027
2746 4650
9672 3026
5992 9902
7255 4118
7156 6349
4323 1385
7862 5267
9471 3441
1615 6384
611 4806
8864 8983
3709 1207
8257 7297
8637 3302
3659 600
7655 6055
7102 6556
5445 4598
5436 4609
9331 9134
8284 7135
5569 8002
9768 2529
4581 8279
9407 3783
886 2168
868 3284
5010 7009
557 2192
8985 9221
388 1334
6287 921
9178 7575
6350 3270
2751 9014
4897 1946
3995 9467
8651 968
4649 2144
6654 819
9894 3830
1668 6711
3078 8097
4346 2049
2960 4888
2192 4786
8349 1126
5242 6975
6717 2124
9938 5956
6945 2588
7235 4396
1730 3487
8912 2251
1017 2849
2683 4917
1237 2192
4270 1972
8056 2960
4390 5141
4762 6297
2354 5099
2629 4279
3400 1355
3207 4794
3473 1823
8675 8196
1656 6227
4240 9821
4688 5451
216 6274
7195 971
9691 9602
5795 5005
154 9840
2868 543
8172 1572
672 4386
6284 4010
4170 3788
4552 4497
2827 2279
4132 6684
7601 4784
4309 4405
2635 3113
3783 9653
3886 9799
5112 4990
2691 9668
9578 1009
278 9694
3893 6760
953 1606
4210 445
8815 2819
193 3041
9313 7276
6596 3030
3020 2721
2194 4277
7073 2515
3349 4170
7268 9048
7260 451
7486 5400
9418 7956
7804 6706
5365 8949
4285 8728
7303 2034
7575 1998
385 8682
9154 9551
4451 3970
3707 5992
3669 7215
5795 7355
4690 9231
1406 5118
9207 2161
8725 41
9785 2152
4420 4636
908 1516
284 3814
5196 4952
7410 4831
6024 5181
5262 2911
3906 830
5838 3540
3584 4738
2720 1489
5518 4374
4987 5721
8442 6760
8599 40
2583 2685
4336 2251
4923 1355
9415 610
6672 7952
1153 3189
4790 4601
9478 3820
8800 4252
243 9670
3475 1839
9704 5523
7450 3886
1771 4842
612 6105
2948 1972
5204 1699
927 111
4032 2308
1053 5883
67 9688
1667 4768
4140 5887
8873 967
6109 9803
6508 301
9084 6644
5628 9251
3589 5543
4783 8464
5557 9955
8012 9181
5233 6267
2353 504
7389 7191
6142 9874
1302 6066
1752 8321
3065 173
631 4223
4889 6395
4599 8360
8701 9827
1515 2000
8271 5010
9381 9483
8030 246
1856 515
9309 2963
7447 7910
2882 5202
3306 8710
3544 7357
2416 9415
3533 8757
160 3876
5332 5644
8631 4714
2149 6907
1429 378
2680 2093
895 6860
7966 6274
9151 1639
5496 893
9775 1722
7517 2007
1698 2758
4905 1962
1372 1554
536 9542
9572 998
8751 5599
185 5392
4692 6365
9706 9378
7089 8730
621 9121
9653 7816
2409 3432
8434 9145
4555 7715
2224 8549
1109 5205
6137 1847
954 6738
6459 7248
9508 9461
8041 9907
2271 7964
5818 7559
5019 9911
5081 1769
6349 2236
5859 2551
7630 3350
4732 6933
8987 6785
1194 9036
8387 3168
4488 9622
7916 5160
6597 3044
9567 1762
6643 1480
9079 5340
136 1067
3350 2825
16 2392
721 8445
8553 9791
5071 2849
8725 6531
3549 1077
8108 108
5053 6329
3351 2278
3842 9747
2230 2640
5333 3548
3563 9967
9316 595
7021 1128
1597 1096
8390 6681
3448 3938
2165 3632
3482 9722
7133 754
6499 9006
9348 2806
8929 3807
3349 7512
1226 4035
6494 5046
9303 8835
1555 4278
3603 2446
6297 3486
1936 7701
8668 3179
4754 717
2457 1499
9042 5056
4357 6387
2204 2668
7172 8537
4641 7186
4754 1482
8134 4216
5886 6694
2947 7976
5194 2399
1798 8127
4717 9118
2413 3550
9841 7886
6559 4093
3381 5999
9380 2419
1499 1316
4936 3759
955 1013
1276 2978
8239 702
4501 2083
5797 1470
9339 7273
6576 5769
3147 8917
8071 663
1510 8661
2485 4707
448 1618
7239 4892
8002 9587
7297 7351
1192 7639
1129 9835
4035 3840
3307 3955
3207 9026
4675 6112
9487 792
2358 4693
5877 944
5433 7017
2970 5450
3880 6456
4484 7948
3217 6258
2298 8481
8006 4875
5818 6373
3583 1673
1668 1515
5190 5994
9261 3639
9465 2891
1901 453
5883 5473
8721 7664
115 5364
3289 9691
1307 7279
9195 620
8306 18
4110 3596
8395 6512
2144 568
3132 3409
7409 5123
9568 5585
5030 1330
8085 6287
8871 7502
6719 9695
4785 1254
5187 7081
1060 1034
1117 8312
7573 2945
9658 9243
5918 2932
9022 7543
7338 6240
2592 4307
2137 8648
3721 3098
9330 913
4281 5597
2588 9573
2306 3183
1267 7889
9259 1575
346 6198
1326 6113
3027 2139
2490 9453
3096 9881
9153 319
8550 2142
8187 845
4845 4427
4146 6980
2865 4166
420 3716
1884 7209
5141 7631
3354 817
1642 2526
7259 1311
6958 9068
3348 3787
4545 9865
2190 8684
3860 2696
9974 6433
5742 9649
8699 2859
1306 9776
644 832
7271 484
1399 2490
7062 4641
2419 5686
5088 3822
9463 1526
4846 3064
9016 3807
9295 2605
7839 7868
5653 4162
409 8793
3304 1422
9701 2056
273 7660
8410 3808
4720 6253
4078 217
3511 9716
1872 5057
7517 5736
7167 6810
1773 2261
7376 169
1444 4859
2348 6457
278 8510
1455 2422
2537 3684
6715 1251
8520 4090
8915 9508
3649 5600
5520 9300
3976 1768
8783 9473
5618 9579
7953 8235
9467 8100
4634 4904
6832 8130
6707 3267
9382 1802
4473 4089
4401 8435
6139 8106
8541 3049
6543 2926
4137 6875
7229 1053
5655 1917
499 4054
3150 7847
6623 6009
7528 1347
6072 9277
4852 4387
1734 6171
965 6056
1013 4144
1937 604
679 1487
9602 2506
1999 2717
8761 3696
5078 9283
4214 84
7945 3296
7169 6668
7129 7589
4181 1844
6074 4247
6575 9308
7268 7824
4675 9288
3765 2045
3608 1614
2430 2241
9767 411
8241 3729
8703 4591
3850 5415
3620 5756
9203 5696
6796 8715
2605 8349
6977 7255
3534 6902
4385 2415
8382 8082
7617 9688
7449 3472
2630 8985
1744 8593
3802 7022
9431 2827
6989 8294
2937 5272
7233 3285
8559 5925
8301 562
3869 9347
3052 8266
886 8730
1627 9707
7602 2097
3742 8426
9023 8759
3211 9678
8749 5501
7693 162
2033 4762
7906 9303
8371 1286
942 8815
4608 7215
1382 7044
6536 2935
4230 6607
2689 3843
1948 3457
2290 6062
7034 7821
5417 7780
7928 9628
9030 951
8383 9624
8461 8574
431 1345
9400 9905
5002 4971
7875 9278
4023 9742
7038 1399
4256 8693
1999 9890
9268 5727
3133 7784
2197 3937
9318 6950
3355 8131
6442 8863
2128 5470
5805 5303
6514 3668
185 3849
1157 2296
202 2387
7774 6289
2896 6149
1240 2636
928 7030
419 3895
100 9135
992 7927
2806 2157
9142 1331
9273 3043
4577 758
5072 118
3085 8369
373 7983
7263 9574
2324 7117
4845 1630
7453 80
785 8437
2501 8783
2762 3592
8725 3715
7738 5726
1722 2874
41 3580
403 3541
416 1935
2167 9706
943 8759
6300 546
6345 7750
9793 7948
7219 5476
5365 4936
8088 7614
5725 6333
1351 1427
2194 6661
35 4870
2048 9451
1282 1951
8681 3620
9743 1082
5824 7715
8041 166
4079 7330
1297 8422
3585 7664
7616 9876
9560 222
9375 7961
2104 1601
396 7463
2026 7795
8396 2639
3018 5026
6883 6827
5098 6192
4510 2053
7181 9761
5210 926
7356 3264
7258 4072
6245 3482
8788 2668
3543 369
8676 1189
9303 5146
3625 9363
9277 4464
3235 6314
856 3823
91 8528
5846 2217
6731 3330
493 7061
6129 7823
2485 171
5969 1196
6476 2025
9440 398
8832 4657
8906 8563
8136 7672
2540 8042
8668 1785
2954 5702
728 6624
3915 1615
4781 6512
7576 9904
4368 957
5953 3674
9066 4483
8887 7632
8310 8781
739 3465
7205 9310
7902 2274
5213 4620
2263 2553
7974 1631
3040 4707
2044 7415
1105 2118
64 8804
9412 5664
7703 5131
4455 3886
7337 4952
6349 5510
5251 2470
4733 6654
3734 8041
6338 4498
2549 5316
553 402
5867 3091
6230 8625
6963 6195
2463 3671
3582 8373
8351 7632
5985 1567
5813 475
5940 9610
1826 6445
7332 4293
9183 315
2609 9328
8420 3059
8945 8578
322 8452
4859 3940
1675 6736
1709 9604
6580 3457
615 3155
9194 450
2158 7399
58 1538
4138 3946
7911 4725
7352 473
3335 2306
1336 421
7831 3637
7776 7862
6019 47
5607 8339
5038 5489
8251 9771
2048 7989
3276 1487
7363 8389
1502 3525
6294 5570
1643 2695
106 8238
6927 9682
3095 3970
7162 4824
8504 7529
1393 190
5130 6003
7326 3230
1794 5059
2299 262
2100 6306
1835 7064
5692 9898
9058 5848
4105 5243
2119 9665
5453 3065
5353 3088
1871 1339
5383 1479
9144 4478
7511 9068
8697 7201
3376 2327
2788 6807
3983 8920
7839 4600
3238 9694
3973 9151
5512 3809
5876 4605
5407 5417
2319 7605
9799 4276
5677 1310
720 4916
8536 2644
7311 4431
8016 8744
8797 5149
3414 6923
1319 2126
4849 1767
7516 8561
5948 9030
1187 9422
2054 5209
7010 4477
7328 322
7464 4093
6339 1290
4468 8942
2551 6652
3803 8727
3053 2616
3238 9441
183 7473
6225 7017
4170 7487
9310 1282
2195 974
2400 4769
4895 4621
1872 7919
8353 848
5964 3467
5856 2207
5667 5781
1158 8309
4986 9636
3666 8145
5050 9473
2551 2264
6975 5018
6315 7441
4106 224
5929 1448
1584 3545
1359 7339
8682 399
689 6976
979 5374
2516 2541
6845 5386
5091 7407
2684 279
8782 9300
4409 6511
8470 6608
6160 9536
1187 9692
8194 5659
4766 6674
4004 5110
2183 3763
5327 491
2944 9073
4686 119
5055 7077
6866 8540
8992 6698
1185 2671
1329 1984
3987 2042
5045 4890
5124 1979
3666 5792
917 2180
1330 2574
9419 9609
4454 2819
2046 6709
7614 9171
5340 4149
8418 7222
3763 4235
3580 2246
3162 8012
8956 1813
649 6947
7155 6869
6044 8444
5784 734
3620 5417
8838 8091
1446 9537
9932 8285
9530 9820
2572 3015
253 1080
3420 8880
239 6471
9240 6548
9206 7087
2286 1875
2922 5352
2624 6257
9110 8642
710 4532
6830 6220
41 6522
7107 174
2825 7824
6320 6880
5640 2875
3825 8672
5389 8243
615 353
7058 323
7989 1174
1239 8555
8870 5211
3884 1838
8213 8317
6235 900
6834 3004
2331 7305
1284 2720
9806 7788
5362 9858
3844 4113
9625 8190
518 5808
8409 5719
3292 2995
6808 6147
2951 972
1053 7643
776 1917
1030 3261
2215 8350
7667 3002
4045 5658
2952 3320
2298 6338
7951 4448
9680 1848
3508 8033
5397 7382
8775 9532
2213 9957
8589 5494
6142 7014
960 5401
4995 6845
2330 5170
1114 5696
5998 1045
4366 2140
2911 7861
1581 2385
3335 3628
2986 7457
6562 3865
4924 9909
3728 4013
9310 6760
998 2861
5437 9465
6189 8771
8349 5438
8594 1117
7173 9164
7637 2364
782 5856
9194 5815
1143 6073
9339 3445
8916 2875
4787 5286
1211 8909
8804 3291
8245 9148
3794 4858
5955 758
9143 3851
7959 8784
7213 3133
9846 1489
5463 4546
1613 4516
3208 2126
4265 8058
8665 9196
8125 6086
3592 5065
8720 9903
6756 4871
348 8289
162 1660
8640 7948
363 4848
2559 2547
4123 3442
9503 2319
1012 1348
3147 2154
6297 5451
914 340
4995 3728
3173 7650
928 9137
8269 8761
6719 5792
7842 9079
1557 8787
2069 1051
3082 2163
5991 4216
4573 3005
4752 3606
6924 2020
9801 7889
8797 3340
3650 6120
8664 7585
141 4495
3595 2654
7345 7790
7413 5110
8824 5199
5883 8719
6641 1732
9093 4354
3198 190
1506 2093
9799 615
1696 2081
486 2922
5445 8531
4697 325
6361 5759
7252 718
2473 7489
396 6139
6390 7962
8796 6792
5636 7345
9428 7237
1451 1695
8613 5958
9354 9186
6054 1441
6399 5675
1970 7331
9232 3120
9368 7772
9701 3194
5226 3326
6075 2808
30 9218
1410 4331
176 5874
3984 4968
4382 7152
5405 9145
5755 4190
3317 5388
5356 4564
3417 7906
5454 3214
926 5585
9422 1707
4044 8211
2431 7567
4208 5205
5480 8481
5834 2649
5651 2190
6768 244
9536 1572
9433 384
287 9832
5363 2987
3930 5057
5662 2135
8489 7770
175 9768
5451 1252
7822 9689
5988 4225
7672 2871
9001 6186
5069 8484
182 283
675 1814
9448 2786
5153 8549
3316 3827
4677 1008
3822 4790
6719 7081
819 1240
8996 8308
3711 1766
1547 2204
3223 421
5779 3343
6705 5101
267 7533
5111 9641
441 8508
4504 7448
6388 6967
4919 5439
6698 5754
2026 3413
1499 8552
4220 8566
2411 4262
7755 3025
1812 1917
4171 1978
322 7611
8673 7944
3493 2626
6856 3176
9666 6728
448 7656
7395 1574
5226 4941
4834 1834
1325 8238
7938 6596
6628 1990
8902 1228
734 2902
1304 2171
8765 6992
436 6477
2423 4045
2714 1510
7016 936
7935 7081
8430 5473
1052 8738
716 8588
9182 2734
1927 4063
9732 8494
8812 9559
7189 8008
3720 6419
8679 550
1054 8808
8665 9956
5525 2891
1882 6358
4248 5834
4415 1952
6900 7044
6481 8844
8733 4076
5597 4792
7897 2458
2690 69
1827 7354
7830 5817
3482 6522
7042 2238
2399 6144
5233 7777
1979 3171
997 7027
4326 7421
5714 3548
641 4367
2705 9027
3725 5309
7727 9847
1970 9086
6347 4393
1977 5245
9947 6399
5074 379
9943 4035
5599 1802
3885 210
9479 19
1948 3614
3540 7809
9145 7229
1125 5684
4717 487
4797 4144
5348 5627
1794 9259
7135 6571
5103 2706
7203 3355
7362 9380
9272 9670
4671 6245
4220 9033
187 5101
6189 3670
1809 4167
2402 35
8017 5554
7475 4264
9052 2931
1308 9429
8857 7633
447 5721
6883 1512
542 7500
7993 6743
7125 8358
3085 306
2046 4229
3894 8768
8362 9996
7374 398
6495 8110
7732 4922
4869 5639
8250 6985
5752 7059
4792 1281
8217 3237
7591 2447
9245 7970
4792 9075
1052 5987
907 9616
7043 8679
4776 2637
6339 5886
4825 6982
4000 9231
942 2059
8802 4307
2903 4239
2471 7287
4846 4426
7951 5102
9227 6024
2911 6845
397 3880
9935 3998
7432 2126
3756 2093
2753 7106
8822 4046
820 1103
3683 8149
3487 4852
5242 2764
900 2918
7497 2465
5851 4428
1168 8165
5053 4690
436 4782
