10
18
46 45 44 43 11 3 40 34 44 11 37 48 15 16 20 31 44 28
20 38 10 32 37 35 25 39 50 28 6 34 28 34 1 16 8 10
11
31 22 22 46 40 2 14 6 37 41 23
30 48 47 21 31 37 36 49 43 5 43
29
22 21 11 37 42 5 19 14 20 24 49 36 46 37 13 20 1 39 18 1 23 49 7 31 33 37 50 28 12
12 11 35 25 41 22 4 20 32 40 33 21 15 12 10 33 11 29 40 43 10 22 4 7 39 41 26 32 43
28
26 3 1 31 11 30 25 4 30 1 38 39 6 7 24 12 27 11 10 20 23 22 18 2 20 49 43 12
24 10 35 10 32 2 23 17 11 19 19 24 41 32 3 21 34 2 8 35 8 48 32 14 16 9 4 9
26
27 6 5 25 30 12 18 37 12 10 38 13 40 7 24 40 31 6 39 43 10 11 46 6 30 46
27 42 46 45 4 24 27 30 32 40 39 28 46 21 36 2 43 35 3 42 31 44 27 15 28 28
21
25 47 2 25 10 1 17 33 23 40 9 9 49 28 39 49 3 21 33 39 3
17 45 38 14 3 26 1 34 21 38 2 37 17 36 33 14 17 40 8 18 41
24
19 50 49 36 3 16 40 21 4 11 21 18 5 33 18 8 45 20 38 19 5 31 42 28
36 37 15 17 39 19 24 5 17 13 49 27 47 43 24 27 45 1 38 44 48 28 48 6
15
33 22 14 34 11 29 11 30 11 40 18 10 48 29 48
49 28 29 15 3 1 5 24 45 44 45 38 41 15 18
30
36 36 9 41 35 37 13 10 15 21 31 7 21 47 19 44 22 14 24 37 31 40 50 42 16 42 23 13 42 48
44 26 36 31 42 33 10 2 49 14 34 5 13 43 21 46 32 7 44 3 20 2 21 34 3 39 1 33 30 8
19
46 37 35 42 34 5 13 5 39 20 35 49 37 23 46 40 26 32 39
5 17 11 34 11 4 35 7 46 45 43 23 45 22 11 5 45 36 37
